NpcID	MapID	PosX	PosY	ScriptFile	NpcName	Level	IsLoad
145	166	51040	99296		Song phong	60	1
145	166	48608	100256		Song phong	60	1
155	166	48992	99584		Hc Cn	60	1
145	166	48960	99744		Song phong	60	1
156	166	48704	99872		nh Cn	60	1
145	166	49632	99712		Song phong	60	1
155	166	49280	100000		Hc Cn	60	1
156	166	49984	100000		nh Cn	60	1
145	166	49664	99424		Song phong	60	1
156	166	49824	99680		nh Cn	60	1
155	166	50272	99904		Hc Cn	60	1
155	166	50528	99808		Hc Cn	60	1
155	166	50592	99680		Hc Cn	60	1
155	166	50304	100096		Hc Cn	60	1
155	166	50688	99552		Hc Cn	60	1
156	166	50816	99840		nh Cn	60	1
155	166	51520	100000		Hc Cn	60	1
145	166	51328	100256		Song phong	60	1
156	166	51392	99776		nh Cn	60	1
156	166	51968	99680		nh Cn	60	1
156	166	52032	99936		nh Cn	60	1
156	166	52064	99776		nh Cn	60	1
155	166	48576	100960		Hc Cn	60	1
145	166	48256	100576		Song phong	60	1
145	166	48736	101088		Song phong	60	1
155	166	49088	100480		Hc Cn	60	1
145	166	49120	100768		Song phong	60	1
155	166	49376	100960		Hc Cn	60	1
156	166	49504	101312		nh Cn	60	1
145	166	49824	101120		Song phong	60	1
156	166	50432	100512		nh Cn	60	1
155	166	50368	100352		Hc Cn	60	1
155	166	51072	100800		Hc Cn	60	1
145	166	50848	100896		Song phong	60	1
156	166	50720	101120		nh Cn	60	1
145	166	50976	100704		Song phong	60	1
145	166	51616	100352		Song phong	60	1
156	166	51648	100992		nh Cn	60	1
145	166	51616	100672		Song phong	60	1
156	166	51968	100896		nh Cn	60	1
156	166	52480	101312		nh Cn	60	1
156	166	52288	101088		nh Cn	60	1
155	166	52576	101216		Hc Cn	60	1
156	166	52960	101088		nh Cn	60	1
155	166	52896	100800		Hc Cn	60	1
155	166	52736	101088		Hc Cn	60	1
156	166	53152	100928		nh Cn	60	1
156	166	53376	101120		nh Cn	60	1
156	166	53376	101344		nh Cn	60	1
145	166	53568	101312		Song phong	60	1
155	166	48096	102112		Hc Cn	60	1
155	166	47872	101856		Hc Cn	60	1
145	166	47904	102112		Song phong	60	1
155	166	47808	101984		Hc Cn	60	1
145	166	48608	101920		Song phong	60	1
155	166	48768	101600		Hc Cn	60	1
156	166	48768	102208		nh Cn	60	1
156	166	49056	101440		nh Cn	60	1
156	166	49408	102240		nh Cn	60	1
155	166	49248	101440		Hc Cn	60	1
156	166	49600	102368		nh Cn	60	1
145	166	49984	101888		Song phong	60	1
145	166	49664	101984		Song phong	60	1
156	166	50656	101408		nh Cn	60	1
145	166	50469	102363		Song phong	60	1
155	166	50723	101774		Hc Cn	60	1
155	166	50815	101688		Hc Cn	60	1
155	166	50747	102336		Hc Cn	60	1
155	166	51039	102188		Hc Cn	60	1
155	166	50881	102160		Hc Cn	60	1
156	166	51296	101376		nh Cn	60	1
155	166	51392	101504		Hc Cn	60	1
145	166	51552	101536		Song phong	60	1
145	166	51420	102362		Song phong	60	1
145	166	51808	101632		Song phong	60	1
145	166	52480	102304		Song phong	60	1
156	166	52320	101376		nh Cn	60	1
156	166	53120	101920		nh Cn	60	1
155	166	52960	101888		Hc Cn	60	1
156	166	52992	102080		nh Cn	60	1
155	166	53568	102368		Hc Cn	60	1
145	166	53280	102240		Song phong	60	1
155	166	53504	101472		Hc Cn	60	1
155	166	53376	101568		Hc Cn	60	1
156	166	48608	103328		nh Cn	60	1
155	166	48288	103392		Hc Cn	60	1
145	166	48448	103296		Song phong	60	1
156	166	48416	102528		nh Cn	60	1
156	166	48704	102880		nh Cn	60	1
156	166	48640	103008		nh Cn	60	1
145	166	49344	102432		Song phong	60	1
156	166	49248	102560		nh Cn	60	1
155	166	50080	103264		Hc Cn	60	1
156	166	49856	102752		nh Cn	60	1
156	166	49792	103200		nh Cn	60	1
145	166	49856	103072		Song phong	60	1
155	166	49728	102656		Hc Cn	60	1
145	166	50080	103072		Song phong	60	1
156	166	50368	103296		nh Cn	60	1
155	166	50560	103392		Hc Cn	60	1
155	166	50643	103087		Hc Cn	60	1
155	166	50696	103195		Hc Cn	60	1
155	166	50830	102560		Hc Cn	60	1
155	166	51034	102596		Hc Cn	60	1
156	166	51125	102404		nh Cn	60	1
156	166	50936	102495	\script\西南南区\大理府\千寻塔三层\npc\战斗_cyl50_盗宝贼03.lua	Trm bo tc	60	0
155	166	51456	103232		Hc Cn	60	1
155	166	51584	103104		Hc Cn	60	1
156	166	52096	102976		nh Cn	60	1
155	166	51968	103136		Hc Cn	60	1
156	166	51840	102944		nh Cn	60	1
155	166	52544	102496		Hc Cn	60	1
156	166	53120	102752		nh Cn	60	1
145	166	53120	103200		Song phong	60	1
156	166	52736	103072		nh Cn	60	1
156	166	52736	102592		nh Cn	60	1
156	166	53312	103008		nh Cn	60	1
156	166	53600	102560		nh Cn	60	1
156	166	53440	103072		nh Cn	60	1
155	166	48032	103584		Hc Cn	60	1
155	166	49408	103840		Hc Cn	60	1
156	166	49600	104192		nh Cn	60	1
155	166	49568	104000		Hc Cn	60	1
155	166	49376	103424		Hc Cn	60	1
156	166	49344	104000		nh Cn	60	1
145	166	50016	104096		Song phong	60	1
155	166	49888	103968		Hc Cn	60	1
145	166	50656	104352		Song phong	60	1
155	166	50496	104416		Hc Cn	60	1
156	166	50656	104160		nh Cn	60	1
145	166	50336	103456		Song phong	60	1
145	166	51040	104000		Song phong	60	1
155	166	51680	103552		Hc Cn	60	1
155	166	51616	104256		Hc Cn	60	1
145	166	51680	103776		Song phong	60	1
145	166	52000	103840		Song phong	60	1
145	166	51840	103968		Song phong	60	1
155	166	52416	103456		Hc Cn	60	1
155	166	52704	103712		Hc Cn	60	1
155	166	52224	104224		Hc Cn	60	1
155	166	52576	103584		Hc Cn	60	1
156	166	52992	103488		nh Cn	60	1
156	166	53120	103424		nh Cn	60	1
156	166	53184	104032		nh Cn	60	1
155	166	52800	103936		Hc Cn	60	1
155	166	49952	104512		Hc Cn	60	1
145	166	50016	104992		Song phong	60	1
155	166	50112	104768		Hc Cn	60	1
156	166	51648	104768		nh Cn	60	1
145	166	51776	104608		Song phong	60	1