NpcID	MapID	PosX	PosY	ScriptFile	NpcName	Level	IsLoad
34	176	34208	75424		Linh Mi™u 	10	1
11	176	34336	75104		Heo rıng	10	1
11	176	34784	75264		Heo rıng	10	1
11	176	35200	74752		Heo rıng	10	1
11	176	35808	74848		Heo rıng	10	1
12	176	35584	75264		Nh›m	10	1
12	176	36064	75584		Nh›m	10	1
12	176	36128	75360		Nh›m	10	1
12	176	43264	75488		Nh›m	10	1
11	176	43744	75648		Heo rıng	10	1
12	176	44544	75680		Nh›m	10	1
11	176	44800	75360		Heo rıng	10	1
11	176	45376	75264		Heo rıng	10	1
11	176	31840	76736		Heo rıng	10	1
34	176	32032	76544		Linh Mi™u 	10	1
12	176	32320	76416		Nh›m	10	1
12	176	32960	76768		Nh›m	10	1
12	176	32896	76288		Nh›m	10	1
12	176	33120	76352		Nh›m	10	1
12	176	33568	76224		Nh›m	10	1
11	176	34144	76064		Heo rıng	10	1
12	176	34624	76000		Nh›m	10	1
11	176	34464	75904		Heo rıng	10	1
12	176	35200	76480		Nh›m	10	1
12	176	35456	76256		Nh›m	10	1
11	176	35360	75840		Heo rıng	10	1
34	176	36704	76512		Linh Mi™u 	10	1
11	176	38752	76768		Heo rıng	10	1
34	176	39360	76576		Linh Mi™u 	10	1
11	176	38912	76608		Heo rıng	10	1
34	176	39648	76288		Linh Mi™u 	10	1
34	176	39648	76736		Linh Mi™u 	10	1
11	176	40192	75968		Heo rıng	10	1
11	176	40448	76032		Heo rıng	10	1
11	176	40544	76256		Heo rıng	10	1
11	176	40768	76480		Heo rıng	10	1
11	176	42208	76224		Heo rıng	10	1
34	176	42912	75872		Linh Mi™u 	10	1
12	176	43232	76160		Nh›m	10	1
11	176	43424	76192		Heo rıng	10	1
11	176	43392	75872		Heo rıng	10	1
12	176	43680	75808		Nh›m	10	1
12	176	44096	76160		Nh›m	10	1
12	176	44096	76704		Nh›m	10	1
12	176	44352	76160		Nh›m	10	1
11	176	44448	75776		Heo rıng	10	1
34	176	44768	76192		Linh Mi™u 	10	1
11	176	44960	75904		Heo rıng	10	1
12	176	45152	76096		Nh›m	10	1
12	176	31680	76800		Nh›m	10	1
11	176	32544	77152		Heo rıng	10	1
34	176	33024	77568		Linh Mi™u 	10	1
12	176	34464	77248		Nh›m	10	1
34	176	34560	77728		Linh Mi™u 	10	1
12	176	34592	77504		Nh›m	10	1
34	176	35392	76864		Linh Mi™u 	10	1
12	176	35648	77152		Nh›m	10	1
11	176	35872	76960		Heo rıng	10	1
34	176	36480	77280		Linh Mi™u 	10	1
12	176	37696	77632		Nh›m	10	1
34	176	37504	77536		Linh Mi™u 	10	1
12	176	38944	77152		Nh›m	10	1
11	176	39392	77600		Heo rıng	10	1
11	176	39200	77792		Heo rıng	10	1
11	176	39744	77312		Heo rıng	10	1
34	176	40192	77088		Linh Mi™u 	10	1
12	176	40352	77600		Nh›m	10	1
12	176	40928	77728		Nh›m	10	1
12	176	40896	77472		Nh›m	10	1
12	176	40448	77312		Nh›m	10	1
12	176	40480	77760		Nh›m	10	1
12	176	41472	77088		Nh›m	10	1
12	176	42208	76960		Nh›m	10	1
11	176	43136	76800		Heo rıng	10	1
11	176	43264	77536		Heo rıng	10	1
12	176	44000	77600		Nh›m	10	1
12	176	44672	77504		Nh›m	10	1
12	176	44704	77120		Nh›m	10	1
34	176	44832	76992		Linh Mi™u 	10	1
11	176	44896	77536		Heo rıng	10	1
12	176	45024	77312		Nh›m	10	1
11	176	44992	76864		Heo rıng	10	1
12	176	44736	77280		Nh›m	10	1
11	176	45696	77632		Heo rıng	10	1
11	176	46464	77792		Heo rıng	10	1
34	176	33248	78144		Linh Mi™u 	10	1
11	176	34176	77856		Heo rıng	10	1
12	176	35328	77888		Nh›m	10	1
12	176	36320	78400		Nh›m	10	1
11	176	35872	78400		Heo rıng	10	1
34	176	36096	78368		Linh Mi™u 	10	1
12	176	36416	78624		Nh›m	10	1
12	176	36576	77824		Nh›m	10	1
34	176	37536	78432		Linh Mi™u 	10	1
34	176	38848	78560		Linh Mi™u 	10	1
11	176	40736	77984		Heo rıng	10	1
11	176	40480	78176		Heo rıng	10	1
11	176	40960	78752		Heo rıng	10	1
12	176	43008	78336		Nh›m	10	1
12	176	43104	77824		Nh›m	10	1
34	176	43008	78752		Linh Mi™u 	10	1
12	176	43936	78656		Nh›m	10	1
11	176	44352	78080		Heo rıng	10	1
12	176	44512	77856		Nh›m	10	1
12	176	44896	78496		Nh›m	10	1
11	176	44832	77824		Heo rıng	10	1
11	176	45024	78144		Heo rıng	10	1
12	176	45248	78336		Nh›m	10	1
34	176	45376	78240		Linh Mi™u 	10	1
12	176	45760	78016		Nh›m	10	1
12	176	45632	78144		Nh›m	10	1
12	176	45696	78688		Nh›m	10	1
34	176	46304	78208		Linh Mi™u 	10	1
11	176	33952	79584		Heo rıng	10	1
12	176	35264	79840		Nh›m	10	1
11	176	35712	79072		Heo rıng	10	1
11	176	35552	79776		Heo rıng	10	1
11	176	36256	79360		Heo rıng	10	1
11	176	36128	79168		Heo rıng	10	1
12	176	35872	79008		Nh›m	10	1
11	176	37408	78880		Heo rıng	10	1
11	176	38016	79296		Heo rıng	10	1
12	176	38880	79776		Nh›m	10	1
12	176	39520	78912		Nh›m	10	1
12	176	40352	79168		Nh›m	10	1
11	176	39936	79328		Heo rıng	10	1
11	176	41216	79360		Heo rıng	10	1
34	176	41504	79328		Linh Mi™u 	10	1
34	176	41792	79424		Linh Mi™u 	10	1
12	176	42304	79584		Nh›m	10	1
11	176	42048	79552		Heo rıng	10	1
11	176	43232	79008		Heo rıng	10	1
34	176	43328	78912		Linh Mi™u 	10	1
34	176	43648	79424		Linh Mi™u 	10	1
34	176	44992	79808		Linh Mi™u 	10	1
12	176	45056	79584		Nh›m	10	1
34	176	45248	79488		Linh Mi™u 	10	1
11	176	45984	78880		Heo rıng	10	1
12	176	33216	80032		Nh›m	10	1
11	176	33504	80288		Heo rıng	10	1
12	176	33632	80640		Nh›m	10	1
12	176	33344	79872		Nh›m	10	1
11	176	34144	80672		Heo rıng	10	1
12	176	33856	80736		Nh›m	10	1
12	176	35104	80384		Nh›m	10	1
12	176	35360	79968		Nh›m	10	1
34	176	35392	80800		Linh Mi™u 	10	1
11	176	37152	80544		Heo rıng	10	1
34	176	37856	80224		Linh Mi™u 	10	1
34	176	37856	80800		Linh Mi™u 	10	1
12	176	37728	79904		Nh›m	10	1
12	176	37568	80032		Nh›m	10	1
11	176	37632	80704		Heo rıng	10	1
11	176	38784	79936		Heo rıng	10	1
11	176	38624	80832		Heo rıng	10	1
12	176	39008	80224		Nh›m	10	1
11	176	39264	80544		Heo rıng	10	1
12	176	38976	80768		Nh›m	10	1
11	176	39200	80064		Heo rıng	10	1
11	176	41056	80704		Heo rıng	10	1
34	176	41792	79872		Linh Mi™u 	10	1
12	176	42112	79936		Nh›m	10	1
11	176	42848	80192		Heo rıng	10	1
11	176	44288	80768		Heo rıng	10	1
12	176	44512	80672		Nh›m	10	1
11	176	44224	80128		Heo rıng	10	1
11	176	44864	80160		Heo rıng	10	1
11	176	45696	80768		Heo rıng	10	1
12	176	46144	80288		Nh›m	10	1
12	176	46208	80512		Nh›m	10	1
12	176	46656	80800		Nh›m	10	1
11	176	34240	80896		Heo rıng	10	1
11	176	34656	81216		Heo rıng	10	1
11	176	34560	81312		Heo rıng	10	1
12	176	34880	81024		Nh›m	10	1
12	176	35872	80992		Nh›m	10	1
11	176	37184	81536		Heo rıng	10	1
11	176	36960	81248		Heo rıng	10	1
12	176	37024	81696		Nh›m	10	1
12	176	37312	81728		Nh›m	10	1
12	176	37696	81152		Nh›m	10	1
34	176	37440	81408		Linh Mi™u 	10	1
12	176	38176	81824		Nh›m	10	1
34	176	38656	81376		Linh Mi™u 	10	1
12	176	38432	80992		Nh›m	10	1
11	176	39488	81888		Heo rıng	10	1
34	176	40864	81696		Linh Mi™u 	10	1
11	176	41216	80928		Heo rıng	10	1
12	176	42656	81024		Nh›m	10	1
11	176	42624	81824		Heo rıng	10	1
11	176	42784	81888		Heo rıng	10	1
12	176	44448	80960		Nh›m	10	1
11	176	44800	81152		Heo rıng	10	1
11	176	44960	81248		Heo rıng	10	1
34	176	46688	81568		Linh Mi™u 	10	1
34	176	47968	81376		Linh Mi™u 	10	1
12	176	48096	81536		Nh›m	10	1
11	176	53248	81856		Heo rıng	10	1
11	176	37120	82176		Heo rıng	10	1
34	176	37376	82432		Linh Mi™u 	10	1
34	176	37792	82208		Linh Mi™u 	10	1
12	176	37536	82368		Nh›m	10	1
34	176	38048	82912		Linh Mi™u 	10	1
34	176	39040	82752		Linh Mi™u 	10	1
34	176	39328	82464		Linh Mi™u 	10	1
12	176	39648	82848		Nh›m	10	1
11	176	39712	82400		Heo rıng	10	1
12	176	39456	82816		Nh›m	10	1
11	176	40000	82656		Heo rıng	10	1
11	176	39936	82304		Heo rıng	10	1
12	176	40512	82592		Nh›m	10	1
12	176	41120	82016		Nh›m	10	1
12	176	42944	82048		Nh›m	10	1
11	176	42912	82496		Heo rıng	10	1
34	176	46560	82720		Linh Mi™u 	10	1
11	176	46464	82592		Heo rıng	10	1
12	176	46656	82304		Nh›m	10	1
34	176	46688	82848		Linh Mi™u 	10	1
12	176	46688	82048		Nh›m	10	1
12	176	47200	82912		Nh›m	10	1
11	176	47904	82624		Heo rıng	10	1
11	176	48032	82688		Heo rıng	10	1
11	176	48224	82176		Heo rıng	10	1
11	176	48352	82304		Heo rıng	10	1
12	176	48928	82624		Nh›m	10	1
12	176	49088	82560		Nh›m	10	1
12	176	48896	82880		Nh›m	10	1
12	176	49216	82752		Nh›m	10	1
11	176	49184	82272		Heo rıng	10	1
11	176	53568	82368		Heo rıng	10	1
12	176	53504	82080		Nh›m	10	1
12	176	54080	82688		Nh›m	10	1
34	176	53888	82656		Linh Mi™u 	10	1
34	176	53920	82304		Linh Mi™u 	10	1
12	176	34944	83936		Nh›m	10	1
34	176	35360	83936		Linh Mi™u 	10	1
11	176	36576	83872		Heo rıng	10	1
12	176	37728	83776		Nh›m	10	1
12	176	37952	83936		Nh›m	10	1
11	176	38208	82976		Heo rıng	10	1
11	176	38176	83136		Heo rıng	10	1
11	176	37984	83296		Heo rıng	10	1
34	176	38464	83136		Linh Mi™u 	10	1
11	176	39200	83840		Heo rıng	10	1
11	176	39840	83456		Heo rıng	10	1
12	176	39488	83680		Nh›m	10	1
11	176	41216	83808		Heo rıng	10	1
11	176	41024	83776		Heo rıng	10	1
11	176	41472	83200		Heo rıng	10	1
12	176	41728	83360		Nh›m	10	1
12	176	42304	83296		Nh›m	10	1
34	176	46464	83616		Linh Mi™u 	10	1
11	176	46496	83136		Heo rıng	10	1
34	176	46944	83712		Linh Mi™u 	10	1
12	176	46848	83136		Nh›m	10	1
12	176	47168	83936		Nh›m	10	1
12	176	49440	83008		Nh›m	10	1
34	176	49152	83232		Linh Mi™u 	10	1
11	176	49472	83392		Heo rıng	10	1
12	176	49312	83200		Nh›m	10	1
11	176	49184	82944		Heo rıng	10	1
34	176	50560	83456		Linh Mi™u 	10	1
34	176	50496	83136		Linh Mi™u 	10	1
11	176	50400	83040		Heo rıng	10	1
34	176	54528	82976		Linh Mi™u 	10	1
11	176	54272	83584		Heo rıng	10	1
11	176	54336	83328		Heo rıng	10	1
12	176	33856	84832		Nh›m	10	1
12	176	35360	84512		Nh›m	10	1
11	176	36320	84832		Heo rıng	10	1
11	176	36032	84512		Heo rıng	10	1
11	176	36512	84064		Heo rıng	10	1
12	176	36608	84832		Nh›m	10	1
12	176	37248	84960		Nh›m	10	1
34	176	38208	84192		Linh Mi™u 	10	1
34	176	38752	84640		Linh Mi™u 	10	1
34	176	38848	84768		Linh Mi™u 	10	1
11	176	39264	84160		Heo rıng	10	1
11	176	39328	84352		Heo rıng	10	1
11	176	39776	84672		Heo rıng	10	1
12	176	40096	84160		Nh›m	10	1
11	176	40384	84352		Heo rıng	10	1
11	176	40544	84672		Heo rıng	10	1
11	176	41120	84064		Heo rıng	10	1
34	176	41312	84320		Linh Mi™u 	10	1
11	176	41952	84096		Heo rıng	10	1
11	176	41568	84576		Heo rıng	10	1
34	176	42240	84096		Linh Mi™u 	10	1
12	176	47456	84288		Nh›m	10	1
12	176	48000	84896		Nh›m	10	1
34	176	47968	84256		Linh Mi™u 	10	1
34	176	48000	84000		Linh Mi™u 	10	1
34	176	50048	84256		Linh Mi™u 	10	1
11	176	50464	84256		Heo rıng	10	1
12	176	50752	84896		Nh›m	10	1
11	176	51488	84128		Heo rıng	10	1
11	176	51488	84704		Heo rıng	10	1
11	176	53376	84864		Heo rıng	10	1
11	176	53568	84544		Heo rıng	10	1
12	176	53824	84832		Nh›m	10	1
34	176	54336	84832		Linh Mi™u 	10	1
11	176	54720	84192		Heo rıng	10	1
34	176	33728	85504		Linh Mi™u 	10	1
11	176	33952	85920		Heo rıng	10	1
12	176	33952	85024		Nh›m	10	1
12	176	34304	85056		Nh›m	10	1
12	176	35104	85984		Nh›m	10	1
11	176	35040	85536		Heo rıng	10	1
12	176	35744	85696		Nh›m	10	1
11	176	36000	85984		Heo rıng	10	1
11	176	37088	85344		Heo rıng	10	1
11	176	37792	85216		Heo rıng	10	1
12	176	37632	85152		Nh›m	10	1
11	176	37504	85792		Heo rıng	10	1
34	176	38112	85312		Linh Mi™u 	10	1
34	176	38432	85696		Linh Mi™u 	10	1
34	176	39296	85024		Linh Mi™u 	10	1
12	176	38912	85568		Nh›m	10	1
34	176	39488	85120		Linh Mi™u 	10	1
11	176	39904	85632		Heo rıng	10	1
12	176	40416	84992		Nh›m	10	1
12	176	40288	85696		Nh›m	10	1
34	176	40352	85536		Linh Mi™u 	10	1
12	176	39968	85440		Nh›m	10	1
11	176	40000	85152		Heo rıng	10	1
12	176	49024	85952		Nh›m	10	1
34	176	49248	85504		Linh Mi™u 	10	1
11	176	49152	85056		Heo rıng	10	1
34	176	49568	85760		Linh Mi™u 	10	1
11	176	53024	85760		Heo rıng	10	1
12	176	53120	85088		Nh›m	10	1
34	176	52736	85216		Linh Mi™u 	10	1
11	176	53888	85344		Heo rıng	10	1
11	176	54688	85664		Heo rıng	10	1
11	176	54560	85856		Heo rıng	10	1
12	176	55296	85984		Nh›m	10	1
12	176	33696	86592		Nh›m	10	1
12	176	33696	86240		Nh›m	10	1
34	176	34080	86688		Linh Mi™u 	10	1
11	176	34496	86592		Heo rıng	10	1
12	176	34336	86016		Nh›m	10	1
11	176	34528	86240		Heo rıng	10	1
12	176	34720	86208		Nh›m	10	1
34	176	35072	86496		Linh Mi™u 	10	1
12	176	34848	87008		Nh›m	10	1
11	176	35328	86368		Heo rıng	10	1
12	176	35488	86336		Nh›m	10	1
12	176	36576	86144		Nh›m	10	1
11	176	36544	86912		Heo rıng	10	1
11	176	37344	86752		Heo rıng	10	1
11	176	36864	86976		Heo rıng	10	1
12	176	37824	86816		Nh›m	10	1
12	176	37728	86656		Nh›m	10	1
34	176	37760	86016		Linh Mi™u 	10	1
11	176	37376	86080		Heo rıng	10	1
11	176	37920	86496		Heo rıng	10	1
12	176	37984	86368		Nh›m	10	1
34	176	38848	86592		Linh Mi™u 	10	1
11	176	38688	86240		Heo rıng	10	1
12	176	38432	86464		Nh›m	10	1
12	176	39040	86240		Nh›m	10	1
12	176	39264	86976		Nh›m	10	1
12	176	39360	86592		Nh›m	10	1
11	176	39488	86688		Heo rıng	10	1
11	176	40288	86880		Heo rıng	10	1
34	176	48960	86592		Linh Mi™u 	10	1
34	176	49696	86464		Linh Mi™u 	10	1
11	176	49920	86624		Heo rıng	10	1
11	176	50912	86528		Heo rıng	10	1
11	176	50752	86304		Heo rıng	10	1
12	176	51104	86528		Nh›m	10	1
12	176	51968	86880		Nh›m	10	1
12	176	52064	86752		Nh›m	10	1
12	176	52704	86592		Nh›m	10	1
11	176	52416	86688		Heo rıng	10	1
11	176	53536	86624		Heo rıng	10	1
34	176	53984	86176		Linh Mi™u 	10	1
34	176	53888	86880		Linh Mi™u 	10	1
11	176	53760	87008		Heo rıng	10	1
12	176	54048	86976		Nh›m	10	1
12	176	53920	86432		Nh›m	10	1
34	176	53984	86720		Linh Mi™u 	10	1
11	176	55200	86784		Heo rıng	10	1
11	176	54816	86848		Heo rıng	10	1
11	176	34624	87584		Heo rıng	10	1
34	176	34720	87840		Linh Mi™u 	10	1
12	176	34496	87200		Nh›m	10	1
34	176	35264	87136		Linh Mi™u 	10	1
11	176	35712	87328		Heo rıng	10	1
12	176	36096	87104		Nh›m	10	1
34	176	36288	87808		Linh Mi™u 	10	1
11	176	36320	87520		Heo rıng	10	1
12	176	36512	87616		Nh›m	10	1
12	176	37120	87616		Nh›m	10	1
12	176	36992	87296		Nh›m	10	1
11	176	38112	87136		Heo rıng	10	1
11	176	38784	87968		Heo rıng	10	1
12	176	38784	87648		Nh›m	10	1
34	176	39200	87936		Linh Mi™u 	10	1
12	176	38944	87488		Nh›m	10	1
12	176	39616	87648		Nh›m	10	1
12	176	39872	87328		Nh›m	10	1
12	176	39776	87168		Nh›m	10	1
11	176	48864	87488		Heo rıng	10	1
12	176	49376	88000		Nh›m	10	1
11	176	49152	87840		Heo rıng	10	1
11	176	49824	87264		Heo rıng	10	1
12	176	50112	87904		Nh›m	10	1
11	176	51520	87840		Heo rıng	10	1
34	176	51648	87264		Linh Mi™u 	10	1
12	176	51360	87040		Nh›m	10	1
34	176	52160	87264		Linh Mi™u 	10	1
34	176	52640	87456		Linh Mi™u 	10	1
12	176	52896	87744		Nh›m	10	1
11	176	53152	87200		Heo rıng	10	1
11	176	52736	88000		Heo rıng	10	1
12	176	53408	87744		Nh›m	10	1
11	176	53376	87328		Heo rıng	10	1
11	176	53344	88032		Heo rıng	10	1
12	176	53760	87296		Nh›m	10	1
12	176	53824	87776		Nh›m	10	1
34	176	54176	87072		Linh Mi™u 	10	1
12	176	54016	87840		Nh›m	10	1
11	176	54336	87328		Heo rıng	10	1
12	176	54976	87680		Nh›m	10	1
12	176	54944	87136		Nh›m	10	1
12	176	55008	87456		Nh›m	10	1
12	176	54848	87328		Nh›m	10	1
12	176	54784	88032		Nh›m	10	1
12	176	55424	87968		Nh›m	10	1
11	176	57088	87968		Heo rıng	10	1
12	176	31904	89056		Nh›m	10	1
12	176	32224	88704		Nh›m	10	1
12	176	32640	88352		Nh›m	10	1
11	176	32640	88960		Heo rıng	10	1
12	176	32384	88544		Nh›m	10	1
11	176	33120	88864		Heo rıng	10	1
34	176	33056	88704		Linh Mi™u 	10	1
12	176	34208	88960		Nh›m	10	1
12	176	34048	89056		Nh›m	10	1
12	176	34400	88544		Nh›m	10	1
11	176	35168	88672		Heo rıng	10	1
12	176	35264	88768		Nh›m	10	1
11	176	35488	89024		Heo rıng	10	1
11	176	35904	88576		Heo rıng	10	1
11	176	36032	89056		Heo rıng	10	1
12	176	36576	88096		Nh›m	10	1
11	176	36384	88576		Heo rıng	10	1
12	176	37696	88608		Nh›m	10	1
12	176	37408	88192		Nh›m	10	1
11	176	38784	88576		Heo rıng	10	1
11	176	38688	88192		Heo rıng	10	1
12	176	50816	88352		Nh›m	10	1
34	176	50976	88832		Linh Mi™u 	10	1
12	176	51552	88992		Nh›m	10	1
12	176	51712	88416		Nh›m	10	1
11	176	52032	88480		Heo rıng	10	1
11	176	52064	88672		Heo rıng	10	1
12	176	51840	88352		Nh›m	10	1
12	176	52544	89056		Nh›m	10	1
11	176	53184	88288		Heo rıng	10	1
34	176	52864	88960		Linh Mi™u 	10	1
12	176	54080	88608		Nh›m	10	1
12	176	54208	88864		Nh›m	10	1
12	176	54464	88704		Nh›m	10	1
11	176	55712	88832		Heo rıng	10	1
34	176	55712	88544		Linh Mi™u 	10	1
12	176	56320	88512		Nh›m	10	1
34	176	57024	88192		Linh Mi™u 	10	1
11	176	57312	88672		Heo rıng	10	1
12	176	32256	89696		Nh›m	10	1
12	176	32576	89760		Nh›m	10	1
11	176	33696	89760		Heo rıng	10	1
11	176	34272	90080		Heo rıng	10	1
11	176	34304	89184		Heo rıng	10	1
12	176	34592	89920		Nh›m	10	1
12	176	35232	89536		Nh›m	10	1
12	176	34816	89088		Nh›m	10	1
12	176	35776	89728		Nh›m	10	1
11	176	36032	89952		Heo rıng	10	1
11	176	35936	89792		Heo rıng	10	1
34	176	36736	89824		Linh Mi™u 	10	1
34	176	37504	89536		Linh Mi™u 	10	1
12	176	37632	89792		Nh›m	10	1
34	176	38272	89344		Linh Mi™u 	10	1
12	176	37888	89856		Nh›m	10	1
12	176	38528	89152		Nh›m	10	1
34	176	39488	89952		Linh Mi™u 	10	1
11	176	50880	89568		Heo rıng	10	1
11	176	51872	89120		Heo rıng	10	1
12	176	52128	89120		Nh›m	10	1
12	176	52000	89440		Nh›m	10	1
12	176	52160	89792		Nh›m	10	1
11	176	52608	89792		Heo rıng	10	1
12	176	52448	89856		Nh›m	10	1
12	176	52896	89568		Nh›m	10	1
12	176	54080	89536		Nh›m	10	1
12	176	54240	89600		Nh›m	10	1
11	176	54528	89504		Heo rıng	10	1
12	176	54656	89312		Nh›m	10	1
12	176	54304	89344		Nh›m	10	1
12	176	55264	89280		Nh›m	10	1
12	176	55104	89440		Nh›m	10	1
12	176	55808	89472		Nh›m	10	1
12	176	55840	89248		Nh›m	10	1
11	176	57088	89184		Heo rıng	10	1
12	176	58112	89376		Nh›m	10	1
11	176	58432	89568		Heo rıng	10	1
11	176	31744	90400		Heo rıng	10	1
11	176	33312	90528		Heo rıng	10	1
11	176	34528	90208		Heo rıng	10	1
11	176	34624	90368		Heo rıng	10	1
12	176	34656	90944		Nh›m	10	1
12	176	35680	90400		Nh›m	10	1
11	176	35744	90816		Heo rıng	10	1
11	176	36352	90144		Heo rıng	10	1
11	176	37120	90464		Heo rıng	10	1
12	176	37504	90848		Nh›m	10	1
11	176	37856	91008		Heo rıng	10	1
12	176	38272	91072		Nh›m	10	1
34	176	38048	91072		Linh Mi™u 	10	1
34	176	38464	90912		Linh Mi™u 	10	1
11	176	52512	90304		Heo rıng	10	1
11	176	52672	90496		Heo rıng	10	1
11	176	52512	90592		Heo rıng	10	1
11	176	52640	90112		Heo rıng	10	1
11	176	53024	90720		Heo rıng	10	1
12	176	53952	91104		Nh›m	10	1
34	176	55168	90528		Linh Mi™u 	10	1
12	176	55200	91040		Nh›m	10	1
12	176	56064	90912		Nh›m	10	1
12	176	56480	91040		Nh›m	10	1
12	176	56416	90880		Nh›m	10	1
34	176	56672	90624		Linh Mi™u 	10	1
12	176	57312	90624		Nh›m	10	1
12	176	57760	90400		Nh›m	10	1
12	176	57856	90272		Nh›m	10	1
12	176	31008	91392		Nh›m	10	1
11	176	31968	91808		Heo rıng	10	1
12	176	32224	91584		Nh›m	10	1
34	176	34304	91392		Linh Mi™u 	10	1
12	176	34688	92128		Nh›m	10	1
11	176	35264	91712		Heo rıng	10	1
12	176	36064	91328		Nh›m	10	1
12	176	36288	91328		Nh›m	10	1
12	176	36608	91744		Nh›m	10	1
11	176	37184	91808		Heo rıng	10	1
11	176	36992	92096		Heo rıng	10	1
11	176	37152	91360		Heo rıng	10	1
34	176	37760	92128		Linh Mi™u 	10	1
34	176	37568	91776		Linh Mi™u 	10	1
11	176	38240	92096		Heo rıng	10	1
11	176	38304	91488		Heo rıng	10	1
11	176	37952	91616		Heo rıng	10	1
11	176	38432	91840		Heo rıng	10	1
11	176	53120	91264		Heo rıng	10	1
11	176	52960	91680		Heo rıng	10	1
11	176	53984	91904		Heo rıng	10	1
12	176	53824	91488		Nh›m	10	1
11	176	55040	91520		Heo rıng	10	1
12	176	54784	91360		Nh›m	10	1
12	176	55040	92128		Nh›m	10	1
12	176	56640	91168		Nh›m	10	1
34	176	57440	91200		Linh Mi™u 	10	1
11	176	58336	91488		Heo rıng	10	1
11	176	57952	91328		Heo rıng	10	1
12	176	58656	91648		Nh›m	10	1
11	176	58912	91264		Heo rıng	10	1
12	176	59520	91712		Nh›m	10	1
34	176	59424	91808		Linh Mi™u 	10	1
34	176	29568	93056		Linh Mi™u 	10	1
12	176	30272	92224		Nh›m	10	1
34	176	31552	92864		Linh Mi™u 	10	1
34	176	31296	92384		Linh Mi™u 	10	1
34	176	31904	92736		Linh Mi™u 	10	1
11	176	31776	92928		Heo rıng	10	1
11	176	34016	92288		Heo rıng	10	1
12	176	36768	92448		Nh›m	10	1
34	176	36864	92608		Linh Mi™u 	10	1
11	176	37024	92864		Heo rıng	10	1
34	176	37472	92448		Linh Mi™u 	10	1
12	176	37376	92672		Nh›m	10	1
12	176	38112	92992		Nh›m	10	1
34	176	37984	92672		Linh Mi™u 	10	1
12	176	38336	92224		Nh›m	10	1
11	176	53536	92192		Heo rıng	10	1
34	176	54944	92288		Linh Mi™u 	10	1
12	176	57472	92640		Nh›m	10	1
12	176	57760	93088		Nh›m	10	1
11	176	57824	92832		Heo rıng	10	1
11	176	58656	92640		Heo rıng	10	1
12	176	58720	92288		Nh›m	10	1
34	176	58560	92544		Linh Mi™u 	10	1
12	176	59936	92320		Nh›m	10	1
34	176	29472	93408		Linh Mi™u 	10	1
11	176	29600	94048		Heo rıng	10	1
12	176	30464	93504		Nh›m	10	1
34	176	31552	93760		Linh Mi™u 	10	1
12	176	31392	94144		Nh›m	10	1
11	176	34528	93888		Heo rıng	10	1
11	176	36832	93632		Heo rıng	10	1
12	176	36544	93856		Nh›m	10	1
34	176	36992	93376		Linh Mi™u 	10	1
11	176	37088	94176		Heo rıng	10	1
12	176	37664	93664		Nh›m	10	1
12	176	37792	93536		Nh›m	10	1
34	176	38112	93216		Linh Mi™u 	10	1
34	176	38816	93696		Linh Mi™u 	10	1
12	176	39040	93408		Nh›m	10	1
11	176	39392	93632		Heo rıng	10	1
11	176	39168	93632		Heo rıng	10	1
11	176	39200	94016		Heo rıng	10	1
12	176	39584	94112		Nh›m	10	1
11	176	39616	93664		Heo rıng	10	1
12	176	54240	93312		Nh›m	10	1
11	176	54624	94016		Heo rıng	10	1
34	176	54368	93376		Linh Mi™u 	10	1
11	176	54752	94144		Heo rıng	10	1
34	176	55200	94144		Linh Mi™u 	10	1
11	176	54784	93504		Heo rıng	10	1
34	176	55488	94016		Linh Mi™u 	10	1
11	176	56448	93376		Heo rıng	10	1
11	176	56640	94080		Heo rıng	10	1
11	176	57088	94144		Heo rıng	10	1
34	176	57088	93824		Linh Mi™u 	10	1
12	176	58016	93664		Nh›m	10	1
34	176	58912	94048		Linh Mi™u 	10	1
11	176	59712	93984		Heo rıng	10	1
34	176	60000	93472		Linh Mi™u 	10	1
11	176	60224	93600		Heo rıng	10	1
11	176	36864	94784		Heo rıng	10	1
34	176	37152	94400		Linh Mi™u 	10	1
11	176	37952	94848		Heo rıng	10	1
12	176	38528	94208		Nh›m	10	1
12	176	39072	94272		Nh›m	10	1
34	176	39456	94816		Linh Mi™u 	10	1
12	176	55488	95040		Nh›m	10	1
12	176	55872	94208		Nh›m	10	1
12	176	56288	94720		Nh›m	10	1
11	176	57280	94368		Heo rıng	10	1
12	176	58304	94656		Nh›m	10	1
12	176	58240	94944		Nh›m	10	1
12	176	59968	94784		Nh›m	10	1
11	176	60256	94656		Heo rıng	10	1
12	176	60192	94368		Nh›m	10	1
11	176	59904	95072		Heo rıng	10	1
34	176	37952	95456		Linh Mi™u 	10	1
11	176	38464	95648		Heo rıng	10	1
11	176	38976	96096		Heo rıng	10	1
11	176	39296	95360		Heo rıng	10	1
34	176	39264	95648		Linh Mi™u 	10	1
34	176	40192	95392		Linh Mi™u 	10	1
12	176	40576	96128		Nh›m	10	1
11	176	56032	96032		Heo rıng	10	1
11	176	56128	96224		Heo rıng	10	1
12	176	56192	95968		Nh›m	10	1
34	176	55936	96128		Linh Mi™u 	10	1
11	176	56416	95264		Heo rıng	10	1
11	176	56512	95872		Heo rıng	10	1
11	176	57248	95936		Heo rıng	10	1
12	176	57632	95904		Nh›m	10	1
12	176	58240	95712		Nh›m	10	1
12	176	58080	96064		Nh›m	10	1
12	176	58496	96000		Nh›m	10	1
34	176	58656	95488		Linh Mi™u 	10	1
12	176	59232	95712		Nh›m	10	1
11	176	59776	95872		Heo rıng	10	1
11	176	60192	95776		Heo rıng	10	1
12	176	60000	96096		Nh›m	10	1
11	176	60352	95520		Heo rıng	10	1
11	176	60384	95360		Heo rıng	10	1
12	176	37376	96384		Nh›m	10	1
11	176	37408	96672		Heo rıng	10	1
12	176	38784	96992		Nh›m	10	1
34	176	38848	96256		Linh Mi™u 	10	1
11	176	39904	96768		Heo rıng	10	1
12	176	56288	96736		Nh›m	10	1
11	176	58240	96448		Heo rıng	10	1
12	176	59296	96512		Nh›m	10	1
12	176	59200	96384		Nh›m	10	1
11	176	59456	97184		Heo rıng	10	1
12	176	60064	96288		Nh›m	10	1
11	176	37920	97344		Heo rıng	10	1
34	176	38720	98080		Linh Mi™u 	10	1
12	176	38528	97888		Nh›m	10	1
12	176	39872	97440		Nh›m	10	1
34	176	39680	97696		Linh Mi™u 	10	1
12	176	39936	97760		Nh›m	10	1
34	176	57824	97888		Linh Mi™u 	10	1
12	176	58752	97568		Nh›m	10	1
12	176	59200	97888		Nh›m	10	1
11	176	60320	97536		Heo rıng	10	1
34	176	60480	97664		Linh Mi™u 	10	1
12	176	60832	97632		Nh›m	10	1
11	176	38144	98752		Heo rıng	10	1
34	176	39616	98624		Linh Mi™u 	10	1
34	176	58592	99264		Linh Mi™u 	10	1
12	176	60160	99136		Nh›m	10	1
12	176	60224	98912		Nh›m	10	1
12	176	60480	98848		Nh›m	10	1
11	176	37568	100224		Heo rıng	10	1
11	176	38304	100096		Heo rıng	10	1
12	176	39360	99424		Nh›m	10	1
11	176	57728	100320		Heo rıng	10	1
11	176	58528	100192		Heo rıng	10	1
11	176	58816	99776		Heo rıng	10	1
12	176	59200	99520		Nh›m	10	1
12	176	60416	99936		Nh›m	10	1
12	176	60416	100160		Nh›m	10	1
11	176	38400	101344		Heo rıng	10	1
12	176	57376	100832		Nh›m	10	1
11	176	57664	100480		Heo rıng	10	1
11	176	58240	101120		Heo rıng	10	1
11	176	58624	100672		Heo rıng	10	1
12	176	59328	101280		Nh›m	10	1
12	176	59584	100736		Nh›m	10	1
34	176	59424	101184		Linh Mi™u 	10	1
12	176	60832	101024		Nh›m	10	1
12	176	60928	101120		Nh›m	10	1
11	176	60928	100608		Heo rıng	10	1
34	176	38208	101728		Linh Mi™u 	10	1
12	176	57216	102240		Nh›m	10	1
12	176	56832	101952		Nh›m	10	1
12	176	57472	101824		Nh›m	10	1
11	176	58080	102144		Heo rıng	10	1
12	176	57952	101600		Nh›m	10	1
34	176	57920	102336		Linh Mi™u 	10	1
11	176	58688	101536		Heo rıng	10	1
12	176	58592	101760		Nh›m	10	1
11	176	59680	101696		Heo rıng	10	1
12	176	59968	102304		Nh›m	10	1
12	176	59936	102080		Nh›m	10	1
11	176	60672	102144		Heo rıng	10	1
12	176	37216	102560		Nh›m	10	1
12	176	37408	103040		Nh›m	10	1
11	176	38464	102944		Heo rıng	10	1
12	176	56480	103008		Nh›m	10	1
34	176	57600	103104		Linh Mi™u 	10	1
12	176	57728	103168		Nh›m	10	1
11	176	58976	103264		Heo rıng	10	1
12	176	59712	103104		Nh›m	10	1
12	176	59616	103200		Nh›m	10	1
11	176	60384	102624		Heo rıng	10	1
34	176	60736	103328		Linh Mi™u 	10	1
11	176	60800	102720		Heo rıng	10	1
34	176	61088	102976		Linh Mi™u 	10	1
11	176	37472	103456		Heo rıng	10	1
11	176	37600	103776		Heo rıng	10	1
11	176	38496	103584		Heo rıng	10	1
11	176	56512	104320		Heo rıng	10	1
34	176	56320	104352		Linh Mi™u 	10	1
12	176	58624	103744		Nh›m	10	1
11	176	58464	104160		Heo rıng	10	1
12	176	59744	104000		Nh›m	10	1
11	176	59776	104256		Heo rıng	10	1
11	176	59616	104192		Heo rıng	10	1
11	176	60032	103904		Heo rıng	10	1
34	176	61024	103456		Linh Mi™u 	10	1
11	176	61376	104000		Heo rıng	10	1
34	176	37600	105408		Linh Mi™u 	10	1
11	176	38272	104864		Heo rıng	10	1
34	176	56160	104480		Linh Mi™u 	10	1
11	176	55872	104480		Heo rıng	10	1
12	176	56768	104480		Nh›m	10	1
12	176	57120	105120		Nh›m	10	1
12	176	57056	105376		Nh›m	10	1
12	176	57984	104480		Nh›m	10	1
11	176	58112	104672		Heo rıng	10	1
12	176	58560	105088		Nh›m	10	1
34	176	58624	105248		Linh Mi™u 	10	1
12	176	58496	104576		Nh›m	10	1
11	176	58976	104960		Heo rıng	10	1
12	176	59872	105312		Nh›m	10	1
11	176	60256	105280		Heo rıng	10	1
12	176	60576	105216		Nh›m	10	1
12	176	60864	105216		Nh›m	10	1
11	176	60832	104576		Heo rıng	10	1
34	176	61152	105376		Linh Mi™u 	10	1
11	176	61632	104704		Heo rıng	10	1
12	176	61632	105056		Nh›m	10	1
12	176	61440	105184		Nh›m	10	1
34	176	37664	106016		Linh Mi™u 	10	1
34	176	37440	105856		Linh Mi™u 	10	1
34	176	37952	105504		Linh Mi™u 	10	1
12	176	38080	106080		Nh›m	10	1
12	176	55968	106432		Nh›m	10	1
11	176	56608	106464		Heo rıng	10	1
12	176	56576	106016		Nh›m	10	1
11	176	57088	105632		Heo rıng	10	1
34	176	57472	106432		Linh Mi™u 	10	1
34	176	58080	105536		Linh Mi™u 	10	1
12	176	58432	105472		Nh›m	10	1
11	176	59008	106336		Heo rıng	10	1
11	176	60032	106176		Heo rıng	10	1
11	176	59936	106048		Heo rıng	10	1
12	176	59936	105568		Nh›m	10	1
12	176	60192	105504		Nh›m	10	1
12	176	60992	105568		Nh›m	10	1
12	176	60992	105984		Nh›m	10	1
11	176	38080	107264		Heo rıng	10	1
11	176	38784	107456		Heo rıng	10	1
12	176	39136	106688		Nh›m	10	1
11	176	39392	106656		Heo rıng	10	1
12	176	38912	107264		Nh›m	10	1
12	176	39264	106496		Nh›m	10	1
34	176	39168	107488		Linh Mi™u 	10	1
12	176	39040	107104		Nh›m	10	1
34	176	39808	106912		Linh Mi™u 	10	1
11	176	39904	106816		Heo rıng	10	1
12	176	40192	106912		Nh›m	10	1
34	176	40352	107200		Linh Mi™u 	10	1
12	176	40960	107488		Nh›m	10	1
11	176	41952	107488		Heo rıng	10	1
12	176	56032	106656		Nh›m	10	1
34	176	56672	107392		Linh Mi™u 	10	1
34	176	56832	107328		Linh Mi™u 	10	1
11	176	57536	107008		Heo rıng	10	1
11	176	57728	107296		Heo rıng	10	1
11	176	58848	106848		Heo rıng	10	1
11	176	37728	107584		Heo rıng	10	1
12	176	38784	107680		Nh›m	10	1
11	176	40288	108192		Heo rıng	10	1
34	176	40256	107840		Linh Mi™u 	10	1
34	176	40448	107584		Linh Mi™u 	10	1
12	176	40864	107968		Nh›m	10	1
12	176	40512	108192		Nh›m	10	1
12	176	41824	107616		Nh›m	10	1
34	176	42080	107680		Linh Mi™u 	10	1
34	176	42080	108224		Linh Mi™u 	10	1
12	176	50560	108384		Nh›m	10	1
34	176	50880	108288		Linh Mi™u 	10	1
12	176	51072	108384		Nh›m	10	1
11	176	51200	108064		Heo rıng	10	1
12	176	52480	108416		Nh›m	10	1
12	176	52288	108384		Nh›m	10	1
11	176	52608	108192		Heo rıng	10	1
11	176	52896	108032		Heo rıng	10	1
11	176	53248	108512		Heo rıng	10	1
11	176	55232	108224		Heo rıng	10	1
34	176	54880	107680		Linh Mi™u 	10	1
12	176	55584	108192		Nh›m	10	1
34	176	56480	107808		Linh Mi™u 	10	1
12	176	56320	107872		Nh›m	10	1
11	176	56960	108000		Heo rıng	10	1
12	176	57280	108096		Nh›m	10	1
11	176	57664	107776		Heo rıng	10	1
11	176	38528	108928		Heo rıng	10	1
12	176	39104	108704		Nh›m	10	1
11	176	39552	108896		Heo rıng	10	1
34	176	39744	109440		Linh Mi™u 	10	1
12	176	39616	109280		Nh›m	10	1
12	176	40160	108704		Nh›m	10	1
11	176	40992	109120		Heo rıng	10	1
34	176	41312	109120		Linh Mi™u 	10	1
12	176	41568	109024		Nh›m	10	1
12	176	51360	108704		Nh›m	10	1
11	176	52064	109248		Heo rıng	10	1
12	176	52000	108864		Nh›m	10	1
11	176	52992	109376		Heo rıng	10	1
12	176	52864	109440		Nh›m	10	1
11	176	53504	108672		Heo rıng	10	1
12	176	53376	109024		Nh›m	10	1
12	176	54176	109312		Nh›m	10	1
12	176	53920	109536		Nh›m	10	1
34	176	54720	109216		Linh Mi™u 	10	1
11	176	55136	108736		Heo rıng	10	1
34	176	55360	109376		Linh Mi™u 	10	1
12	176	56704	108992		Nh›m	10	1
11	176	56896	109120		Heo rıng	10	1
34	176	56960	108928		Linh Mi™u 	10	1
11	176	56992	108736		Heo rıng	10	1
11	176	38976	109888		Heo rıng	10	1
34	176	40288	109632		Linh Mi™u 	10	1
12	176	40608	109568		Nh›m	10	1
34	176	41152	110560		Linh Mi™u 	10	1
11	176	41408	109984		Heo rıng	10	1
34	176	50784	110496		Linh Mi™u 	10	1
34	176	51456	110208		Linh Mi™u 	10	1
11	176	51808	110208		Heo rıng	10	1
12	176	51968	110016		Nh›m	10	1
11	176	52224	109920		Heo rıng	10	1
34	176	52768	109632		Linh Mi™u 	10	1
11	176	54048	110112		Heo rıng	10	1
11	176	54880	109632		Heo rıng	10	1
12	176	55168	110144		Nh›m	10	1
34	176	55552	110208		Linh Mi™u 	10	1
12	176	55328	110240		Nh›m	10	1
11	176	56256	109728		Heo rıng	10	1
12	176	37888	111360		Nh›m	10	1
11	176	38656	111392		Heo rıng	10	1
12	176	38880	111424		Nh›m	10	1
11	176	38976	110720		Heo rıng	10	1
11	176	39360	110624		Heo rıng	10	1
12	176	39520	111264		Nh›m	10	1
12	176	40288	111104		Nh›m	10	1
12	176	40064	111168		Nh›m	10	1
12	176	40736	111520		Nh›m	10	1
11	176	40768	111264		Heo rıng	10	1
11	176	42688	111424		Heo rıng	10	1
11	176	49696	110912		Heo rıng	10	1
11	176	49920	111488		Heo rıng	10	1
12	176	49824	111168		Nh›m	10	1
34	176	50848	111360		Linh Mi™u 	10	1
12	176	50752	111456		Nh›m	10	1
34	176	51680	110624		Linh Mi™u 	10	1
12	176	52128	110976		Nh›m	10	1
11	176	52736	110656		Heo rıng	10	1
12	176	53024	110624		Nh›m	10	1
11	176	53216	111296		Heo rıng	10	1
11	176	54048	111456		Heo rıng	10	1
11	176	53984	111328		Heo rıng	10	1
12	176	56800	110592		Nh›m	10	1
34	176	37312	111936		Linh Mi™u 	10	1
11	176	37792	112256		Heo rıng	10	1
11	176	37600	112480		Heo rıng	10	1
12	176	37632	111648		Nh›m	10	1
12	176	38432	111808		Nh›m	10	1
11	176	39808	111616		Heo rıng	10	1
12	176	40640	111840		Nh›m	10	1
12	176	40576	112096		Nh›m	10	1
11	176	41344	112224		Heo rıng	10	1
12	176	41504	112160		Nh›m	10	1
12	176	42560	111808		Nh›m	10	1
11	176	42880	112448		Heo rıng	10	1
11	176	42784	111808		Heo rıng	10	1
12	176	43584	111840		Nh›m	10	1
12	176	48640	112288		Nh›m	10	1
12	176	48896	111808		Nh›m	10	1
12	176	48800	112608		Nh›m	10	1
12	176	48640	112480		Nh›m	10	1
11	176	49312	112096		Heo rıng	10	1
11	176	49376	111648		Heo rıng	10	1
11	176	50240	112192		Heo rıng	10	1
11	176	51136	112480		Heo rıng	10	1
12	176	51424	112384		Nh›m	10	1
12	176	51584	112192		Nh›m	10	1
11	176	51424	111680		Heo rıng	10	1
11	176	51776	111840		Heo rıng	10	1
11	176	37984	112896		Heo rıng	10	1
11	176	38464	113024		Heo rıng	10	1
11	176	40320	113024		Heo rıng	10	1
34	176	40384	112832		Linh Mi™u 	10	1
11	176	40064	112992		Heo rıng	10	1
11	176	40128	112704		Heo rıng	10	1
11	176	40608	113440		Heo rıng	10	1
34	176	42592	112704		Linh Mi™u 	10	1
11	176	43712	113056		Heo rıng	10	1
34	176	44224	112928		Linh Mi™u 	10	1
12	176	45024	113568		Nh›m	10	1
12	176	44544	113248		Nh›m	10	1
12	176	44672	113312		Nh›m	10	1
34	176	45920	113632		Linh Mi™u 	10	1
11	176	47936	113184		Heo rıng	10	1
12	176	47808	112896		Nh›m	10	1
34	176	48448	112640		Linh Mi™u 	10	1
12	176	49568	112928		Nh›m	10	1
11	176	49984	113216		Heo rıng	10	1
12	176	50592	113248		Nh›m	10	1
34	176	41888	114336		Linh Mi™u 	10	1
11	176	41600	114176		Heo rıng	10	1
34	176	42592	114592		Linh Mi™u 	10	1
12	176	43552	113696		Nh›m	10	1
34	176	43680	114560		Linh Mi™u 	10	1
34	176	43680	113920		Linh Mi™u 	10	1
12	176	44096	113824		Nh›m	10	1
34	176	44032	113696		Linh Mi™u 	10	1
12	176	45440	113984		Nh›m	10	1
12	176	45376	114336		Nh›m	10	1
12	176	45216	113952		Nh›m	10	1
11	176	45504	114432		Heo rıng	10	1
12	176	45056	114208		Nh›m	10	1
12	176	45792	113856		Nh›m	10	1
12	176	45856	114048		Nh›m	10	1
12	176	46144	113856		Nh›m	10	1
12	176	46432	114272		Nh›m	10	1
11	176	46848	114656		Heo rıng	10	1
34	176	46848	114272		Linh Mi™u 	10	1
34	176	47360	114496		Linh Mi™u 	10	1
11	176	47776	114112		Heo rıng	10	1
11	176	49920	114496		Heo rıng	10	1
11	176	41728	114688		Heo rıng	10	1
12	176	41856	114880		Nh›m	10	1
11	176	42144	114912		Heo rıng	10	1
12	176	42368	115424		Nh›m	10	1
12	176	42400	115040		Nh›m	10	1
11	176	42912	114976		Heo rıng	10	1
12	176	43680	115104		Nh›m	10	1
34	176	43808	114688		Linh Mi™u 	10	1
11	176	43872	115584		Heo rıng	10	1
34	176	44320	115360		Linh Mi™u 	10	1
11	176	48608	115328		Heo rıng	10	1
34	176	49536	115040		Linh Mi™u 	10	1
12	176	49792	114912		Nh›m	10	1
34	176	42848	115904		Linh Mi™u 	10	1
11	176	43168	115872		Heo rıng	10	1
12	176	43296	116096		Nh›m	10	1
12	176	43680	116000		Nh›m	10	1
12	176	43968	115744		Nh›m	10	1
11	176	44032	115904		Heo rıng	10	1
12	176	48160	116000		Nh›m	10	1