NpcID	MapID	PosX	PosY	ScriptFile	NpcName	Level	IsLoad
558	224	51927	89372		Bä c¹p	80	1
556	224	52223	89520		XÝch LuyÖn Xµ 	80	1
558	224	51927	89882		Bä c¹p	80	1
557	224	52217	89928		Kªn ®Êt	80	1
557	224	52675	90033		Kªn ®Êt	80	1
556	224	52095	90178		XÝch LuyÖn Xµ 	80	1
557	224	51788	91133		Kªn ®Êt	80	1
558	224	51974	90779		Bä c¹p	80	1
557	224	51828	90117		Kªn ®Êt	80	1
558	224	52377	90508		Bä c¹p	80	1
556	224	52588	90278		XÝch LuyÖn Xµ 	80	1
556	224	52408	90864		XÝch LuyÖn Xµ 	80	1
557	224	52860	90783		Kªn ®Êt	80	1
556	224	52770	90456		XÝch LuyÖn Xµ 	80	1
558	224	53118	90515		Bä c¹p	80	1
558	224	53562	91060		Bä c¹p	80	1
558	224	53319	90808		Bä c¹p	80	1
556	224	53990	90843		XÝch LuyÖn Xµ 	80	1
558	224	54202	90752		Bä c¹p	80	1
557	224	54086	90624		Kªn ®Êt	80	1
556	224	53782	90709		XÝch LuyÖn Xµ 	80	1
558	224	54680	90885		Bä c¹p	80	1
558	224	54435	90732		Bä c¹p	80	1
558	224	55273	90739		Bä c¹p	80	1
558	224	55076	91131		Bä c¹p	80	1
557	224	55155	90578		Kªn ®Êt	80	1
556	224	54941	90735		XÝch LuyÖn Xµ 	80	1
557	224	55733	91032		Kªn ®Êt	80	1
558	224	55481	90652		Bä c¹p	80	1
558	224	55504	90161		Bä c¹p	80	1
556	224	55389	90424		XÝch LuyÖn Xµ 	80	1
556	224	56146	90864		XÝch LuyÖn Xµ 	80	1
556	224	55875	90805		XÝch LuyÖn Xµ 	80	1
558	224	56678	90868		Bä c¹p	80	1
556	224	51117	91243		XÝch LuyÖn Xµ 	80	1
558	224	51207	91599		Bä c¹p	80	1
557	224	51565	91931		Kªn ®Êt	80	1
556	224	51557	91322		XÝch LuyÖn Xµ 	80	1
556	224	51781	91650		XÝch LuyÖn Xµ 	80	1
558	224	51993	91815		Bä c¹p	80	1
558	224	52073	91349		Bä c¹p	80	1
558	224	52358	91325		Bä c¹p	80	1
558	224	52448	91977		Bä c¹p	80	1
558	224	52646	91172		Bä c¹p	80	1
558	224	52848	92122		Bä c¹p	80	1
556	224	53139	92101		XÝch LuyÖn Xµ 	80	1
557	224	52842	91632		Kªn ®Êt	80	1
558	224	53679	91730		Bä c¹p	80	1
558	224	53510	91439		Bä c¹p	80	1
556	224	53260	91573		XÝch LuyÖn Xµ 	80	1
557	224	54080	91718		Kªn ®Êt	80	1
556	224	54082	92010		XÝch LuyÖn Xµ 	80	1
558	224	54058	91290		Bä c¹p	80	1
558	224	53796	91994		Bä c¹p	80	1
556	224	54473	91223		XÝch LuyÖn Xµ 	80	1
557	224	54728	91176		Kªn ®Êt	80	1
557	224	54609	91926		Kªn ®Êt	80	1
24	224	54993	91682		Kªn ®Êt	80	1
44	224	55271	91998		Bä c¹p	80	1
22	224	54853	92078		XÝch LuyÖn Xµ 	80	1
556	224	55637	91251		XÝch LuyÖn Xµ 	80	1
558	224	55556	91748		Bä c¹p	80	1
556	224	55562	92134		XÝch LuyÖn Xµ 	80	1
24	224	55482	91397		Kªn ®Êt	80	1
558	224	55408	91227		Bä c¹p	80	1
558	224	56144	91901		Bä c¹p	80	1
556	224	55825	91702		XÝch LuyÖn Xµ 	80	1
558	224	56144	91559		Bä c¹p	80	1
557	224	56186	91189		Kªn ®Êt	80	1
558	224	55895	91446		Bä c¹p	80	1
558	224	56422	91185		Bä c¹p	80	1
558	224	57971	92085		Bä c¹p	80	1
557	224	49573	92943		Kªn ®Êt	80	1
556	224	49546	92680		XÝch LuyÖn Xµ 	80	1
558	224	49693	92848		Bä c¹p	80	1
558	224	50170	93070		Bä c¹p	80	1
558	224	50039	92631		Bä c¹p	80	1
556	224	49700	92302		XÝch LuyÖn Xµ 	80	1
558	224	50409	93136		Bä c¹p	80	1
558	224	51469	92207		Bä c¹p	80	1
558	224	52024	92779		Bä c¹p	80	1
556	224	52003	93098		XÝch LuyÖn Xµ 	80	1
558	224	51937	92212		Bä c¹p	80	1
557	224	52618	92696		Kªn ®Êt	80	1
556	224	52228	92370		XÝch LuyÖn Xµ 	80	1
557	224	52543	92920		Kªn ®Êt	80	1
556	224	53212	93091		XÝch LuyÖn Xµ 	80	1
558	224	52868	92510		Bä c¹p	80	1
558	224	52845	92915		Bä c¹p	80	1
557	224	53295	92697		Kªn ®Êt	80	1
558	224	53409	92512		Bä c¹p	80	1
556	224	53750	92914		XÝch LuyÖn Xµ 	80	1
558	224	53526	93154		Bä c¹p	80	1
558	224	53752	92190		Bä c¹p	80	1
558	224	53555	92853		Bä c¹p	80	1
558	224	53946	92764		Bä c¹p	80	1
557	224	54106	92434		Kªn ®Êt	80	1
558	224	53774	92496		Bä c¹p	80	1
556	224	54624	92690		XÝch LuyÖn Xµ 	80	1
556	224	54515	92259		XÝch LuyÖn Xµ 	80	1
558	224	54363	92836		Bä c¹p	80	1
558	224	54335	92478		Bä c¹p	80	1
44	224	55156	92376		Bä c¹p	80	1
44	224	54853	92931		Bä c¹p	80	1
22	224	55244	92995		XÝch LuyÖn Xµ 	80	1
22	224	54995	92295		XÝch LuyÖn Xµ 	80	1
558	224	54905	92711		Bä c¹p	80	1
558	224	54829	92465		Bä c¹p	80	1
557	224	55773	92446		Kªn ®Êt	80	1
557	224	55446	93055		Kªn ®Êt	80	1
44	224	55514	92500		Bä c¹p	80	1
558	224	56113	92367		Bä c¹p	80	1
556	224	55874	92187		XÝch LuyÖn Xµ 	80	1
558	224	56208	92695		Bä c¹p	80	1
556	224	55889	92632		XÝch LuyÖn Xµ 	80	1
558	224	55947	93013		Bä c¹p	80	1
558	224	56541	92644		Bä c¹p	80	1
558	224	56530	93089		Bä c¹p	80	1
556	224	56336	93017		XÝch LuyÖn Xµ 	80	1
556	224	56324	92414		XÝch LuyÖn Xµ 	80	1
557	224	57804	92173		Kªn ®Êt	80	1
556	224	57464	92623		XÝch LuyÖn Xµ 	80	1
558	224	57707	92524		Bä c¹p	80	1
557	224	57685	92895		Kªn ®Êt	80	1
558	224	58149	92311		Bä c¹p	80	1
558	224	57956	92588		Bä c¹p	80	1
557	224	48346	93262		Kªn ®Êt	80	1
558	224	48393	93534		Bä c¹p	80	1
557	224	49575	93256		Kªn ®Êt	80	1
556	224	49217	93229		XÝch LuyÖn Xµ 	80	1
556	224	50110	93715		XÝch LuyÖn Xµ 	80	1
556	224	49915	93592		XÝch LuyÖn Xµ 	80	1
556	224	49894	93960		XÝch LuyÖn Xµ 	80	1
558	224	49732	93707		Bä c¹p	80	1
558	224	49872	93185		Bä c¹p	80	1
558	224	50307	94079		Bä c¹p	80	1
557	224	50454	93572		Kªn ®Êt	80	1
558	224	50578	93936		Bä c¹p	80	1
557	224	50241	93405		Kªn ®Êt	80	1
558	224	50651	93286		Bä c¹p	80	1
558	224	50859	93772		Bä c¹p	80	1
557	224	50742	93644		Kªn ®Êt	80	1
558	224	51115	93894		Bä c¹p	80	1
556	224	50796	94028		XÝch LuyÖn Xµ 	80	1
558	224	50867	93433		Bä c¹p	80	1
556	224	51519	93796		XÝch LuyÖn Xµ 	80	1
558	224	51201	94133		Bä c¹p	80	1
557	224	52003	94049		Kªn ®Êt	80	1
557	224	52000	93736		Kªn ®Êt	80	1
556	224	52213	93299		XÝch LuyÖn Xµ 	80	1
558	224	52190	93963		Bä c¹p	80	1
556	224	51902	93333		XÝch LuyÖn Xµ 	80	1
556	224	51805	93603		XÝch LuyÖn Xµ 	80	1
558	224	52184	93624		Bä c¹p	80	1
558	224	51718	94206		Bä c¹p	80	1
556	224	52529	93319		XÝch LuyÖn Xµ 	80	1
556	224	53147	93465		XÝch LuyÖn Xµ 	80	1
558	224	52939	93506		Bä c¹p	80	1
558	224	52824	93240		Bä c¹p	80	1
558	224	52746	93877		Bä c¹p	80	1
44	224	54737	93212		Bä c¹p	80	1
556	224	54969	93216		XÝch LuyÖn Xµ 	80	1
557	224	55219	93686		Kªn ®Êt	80	1
556	224	55793	93256		XÝch LuyÖn Xµ 	80	1
558	224	55535	94061		Bä c¹p	80	1
558	224	55552	93654		Bä c¹p	80	1
558	224	55993	93510		Bä c¹p	80	1
557	224	55880	93269		Kªn ®Êt	80	1
558	224	55819	93783		Bä c¹p	80	1
556	224	58481	93640		XÝch LuyÖn Xµ 	80	1
558	224	58760	93745		Bä c¹p	80	1
558	224	58699	94206		Bä c¹p	80	1
558	224	59014	94118		Bä c¹p	80	1
557	224	47513	95110		Kªn ®Êt	80	1
556	224	48398	95219		XÝch LuyÖn Xµ 	80	1
556	224	48161	94826		XÝch LuyÖn Xµ 	80	1
556	224	48441	94956		XÝch LuyÖn Xµ 	80	1
558	224	48605	94349		Bä c¹p	80	1
556	224	49033	94843		XÝch LuyÖn Xµ 	80	1
557	224	49128	94624		Kªn ®Êt	80	1
558	224	48919	95070		Bä c¹p	80	1
558	224	48661	95091		Bä c¹p	80	1
558	224	49238	94975		Bä c¹p	80	1
558	224	49584	94283		Bä c¹p	80	1
558	224	49539	94674		Bä c¹p	80	1
558	224	49494	94887		Bä c¹p	80	1
558	224	49712	95036		Bä c¹p	80	1
556	224	49892	94340		XÝch LuyÖn Xµ 	80	1
556	224	49954	94857		XÝch LuyÖn Xµ 	80	1
556	224	50572	94310		XÝch LuyÖn Xµ 	80	1
558	224	50351	94509		Bä c¹p	80	1
556	224	50734	94743		XÝch LuyÖn Xµ 	80	1
558	224	50886	94230		Bä c¹p	80	1
558	224	51369	94499		Bä c¹p	80	1
556	224	51622	94861		XÝch LuyÖn Xµ 	80	1
558	224	51699	95161		Bä c¹p	80	1
556	224	51208	94463		XÝch LuyÖn Xµ 	80	1
557	224	51842	94526		Kªn ®Êt	80	1
558	224	51967	94844		Bä c¹p	80	1
557	224	52938	95135		Kªn ®Êt	80	1
558	224	53122	94841		Bä c¹p	80	1
558	224	53427	95103		Bä c¹p	80	1
557	224	54251	94804		Kªn ®Êt	80	1
556	224	53975	95134		XÝch LuyÖn Xµ 	80	1
556	224	54082	94843		XÝch LuyÖn Xµ 	80	1
558	224	54371	94709		Bä c¹p	80	1
556	224	54762	95129		XÝch LuyÖn Xµ 	80	1
558	224	54461	95052		Bä c¹p	80	1
556	224	58106	94494		XÝch LuyÖn Xµ 	80	1
556	224	58282	94321		XÝch LuyÖn Xµ 	80	1
557	224	58650	94993		Kªn ®Êt	80	1
558	224	58769	94702		Bä c¹p	80	1
557	224	58647	94680		Kªn ®Êt	80	1
558	224	58486	94861		Bä c¹p	80	1
558	224	58816	94908		Bä c¹p	80	1
557	224	59079	95229		Kªn ®Êt	80	1
558	224	59196	94821		Bä c¹p	80	1
557	224	59076	94916		Kªn ®Êt	80	1
557	224	58910	94210		Kªn ®Êt	80	1
558	224	59287	94259		Bä c¹p	80	1
556	224	59117	94490		XÝch LuyÖn Xµ 	80	1
558	224	59189	95078		Bä c¹p	80	1
556	224	58901	95144		XÝch LuyÖn Xµ 	80	1
558	224	59577	94620		Bä c¹p	80	1
558	224	59525	95139		Bä c¹p	80	1
556	224	59457	94801		XÝch LuyÖn Xµ 	80	1
557	224	59799	94769		Kªn ®Êt	80	1
558	224	59426	95007		Bä c¹p	80	1
557	224	60244	94904		Kªn ®Êt	80	1
558	224	46884	95965		Bä c¹p	80	1
558	224	46720	95432		Bä c¹p	80	1
558	224	46973	95655		Bä c¹p	80	1
558	224	47208	96132		Bä c¹p	80	1
556	224	47389	95788		XÝch LuyÖn Xµ 	80	1
558	224	47740	96152		Bä c¹p	80	1
558	224	48089	96128		Bä c¹p	80	1
558	224	47655	95374		Bä c¹p	80	1
558	224	48604	95350		Bä c¹p	80	1
556	224	48416	96235		XÝch LuyÖn Xµ 	80	1
558	224	49090	95283		Bä c¹p	80	1
556	224	49513	95932		XÝch LuyÖn Xµ 	80	1
557	224	49183	95821		Kªn ®Êt	80	1
557	224	49406	95631		Kªn ®Êt	80	1
558	224	49558	95398		Bä c¹p	80	1
557	224	49255	96127		Kªn ®Êt	80	1
558	224	50164	95897		Bä c¹p	80	1
558	224	49927	95354		Bä c¹p	80	1
558	224	49812	95625		Bä c¹p	80	1
557	224	49957	96067		Kªn ®Êt	80	1
556	224	49705	95770		XÝch LuyÖn Xµ 	80	1
558	224	50617	96038		Bä c¹p	80	1
557	224	50496	96016		Kªn ®Êt	80	1
558	224	50370	95576		Bä c¹p	80	1
556	224	50311	95285		XÝch LuyÖn Xµ 	80	1
557	224	50184	95495		Kªn ®Êt	80	1
557	224	51854	95237		Kªn ®Êt	80	1
556	224	51841	96109		XÝch LuyÖn Xµ 	80	1
556	224	51768	95831		XÝch LuyÖn Xµ 	80	1
558	224	52062	95558		Bä c¹p	80	1
558	224	52672	95787		Bä c¹p	80	1
556	224	52272	96053		XÝch LuyÖn Xµ 	80	1
556	224	52262	95672		XÝch LuyÖn Xµ 	80	1
556	224	52497	95288		XÝch LuyÖn Xµ 	80	1
558	224	52690	95585		Bä c¹p	80	1
556	224	52843	95242		XÝch LuyÖn Xµ 	80	1
556	224	52866	96131		XÝch LuyÖn Xµ 	80	1
558	224	53003	95573		Bä c¹p	80	1
558	224	53347	95941		Bä c¹p	80	1
558	224	53289	95537		Bä c¹p	80	1
557	224	53583	95447		Kªn ®Êt	80	1
556	224	53675	96058		XÝch LuyÖn Xµ 	80	1
558	224	53876	96037		Bä c¹p	80	1
557	224	53763	95796		Kªn ®Êt	80	1
556	224	53852	95364		XÝch LuyÖn Xµ 	80	1
558	224	54119	95714		Bä c¹p	80	1
556	224	54146	95997		XÝch LuyÖn Xµ 	80	1
558	224	54485	95888		Bä c¹p	80	1
558	224	54502	95429		Bä c¹p	80	1
558	224	54299	95450		Bä c¹p	80	1
557	224	54440	96214		Kªn ®Êt	80	1
558	224	54655	96181		Bä c¹p	80	1
558	224	54924	95523		Bä c¹p	80	1
558	224	55599	95931		Bä c¹p	80	1
556	224	55796	96085		XÝch LuyÖn Xµ 	80	1
556	224	55336	96123		XÝch LuyÖn Xµ 	80	1
558	224	55885	95552		Bä c¹p	80	1
557	224	56112	95736		Kªn ®Êt	80	1
556	224	56147	95479		XÝch LuyÖn Xµ 	80	1
558	224	58068	95921		Bä c¹p	80	1
558	224	58220	95694		Bä c¹p	80	1
556	224	58286	95462		XÝch LuyÖn Xµ 	80	1
558	224	58405	96206		Bä c¹p	80	1
557	224	58480	95467		Kªn ®Êt	80	1
556	224	58687	95832		XÝch LuyÖn Xµ 	80	1
557	224	58850	96043		Kªn ®Êt	80	1
558	224	58830	95539		Bä c¹p	80	1
558	224	58717	95355		Bä c¹p	80	1
556	224	58763	95694		XÝch LuyÖn Xµ 	80	1
558	224	58501	95891		Bä c¹p	80	1
558	224	59387	95568		Bä c¹p	80	1
556	224	59054	95866		XÝch LuyÖn Xµ 	80	1
558	224	59139	95679		Bä c¹p	80	1
556	224	58950	95807		XÝch LuyÖn Xµ 	80	1
558	224	59423	95405		Bä c¹p	80	1
557	224	60432	96036		Kªn ®Êt	80	1
558	224	60461	96210		Bä c¹p	80	1
558	224	46038	96988		Bä c¹p	80	1
558	224	46201	97200		Bä c¹p	80	1
558	224	46359	96836		Bä c¹p	80	1
556	224	46544	97061		XÝch LuyÖn Xµ 	80	1
557	224	46839	96915		Kªn ®Êt	80	1
557	224	46837	96602		Kªn ®Êt	80	1
556	224	46742	96709		XÝch LuyÖn Xµ 	80	1
557	224	46918	96278		Kªn ®Êt	80	1
558	224	47073	97268		Bä c¹p	80	1
558	224	47405	97200		Bä c¹p	80	1
557	224	47273	97215		Kªn ®Êt	80	1
558	224	47524	96403		Bä c¹p	80	1
558	224	47169	96408		Bä c¹p	80	1
556	224	47433	96670		XÝch LuyÖn Xµ 	80	1
556	224	48002	96563		XÝch LuyÖn Xµ 	80	1
557	224	48001	96786		Kªn ®Êt	80	1
556	224	47629	96715		XÝch LuyÖn Xµ 	80	1
556	224	47748	97038		XÝch LuyÖn Xµ 	80	1
558	224	48219	96478		Bä c¹p	80	1
558	224	48239	97165		Bä c¹p	80	1
558	224	48532	96965		Bä c¹p	80	1
557	224	48280	96952		Kªn ®Êt	80	1
556	224	48641	97150		XÝch LuyÖn Xµ 	80	1
556	224	49548	96295		XÝch LuyÖn Xµ 	80	1
558	224	49601	96769		Bä c¹p	80	1
556	224	49551	97088		XÝch LuyÖn Xµ 	80	1
557	224	49768	97035		Kªn ®Êt	80	1
557	224	49839	96611		Kªn ®Êt	80	1
558	224	50106	96913		Bä c¹p	80	1
556	224	50058	97209		XÝch LuyÖn Xµ 	80	1
557	224	50498	96329		Kªn ®Êt	80	1
558	224	50223	96259		Bä c¹p	80	1
558	224	50337	97230		Bä c¹p	80	1
558	224	50777	97173		Bä c¹p	80	1
556	224	51400	97274		XÝch LuyÖn Xµ 	80	1
558	224	51250	96945		Bä c¹p	80	1
557	224	51616	97105		Kªn ®Êt	80	1
556	224	51857	96688		XÝch LuyÖn Xµ 	80	1
558	224	51847	97091		Bä c¹p	80	1
557	224	52577	97153		Kªn ®Êt	80	1
557	224	52575	96839		Kªn ®Êt	80	1
558	224	52268	96938		Bä c¹p	80	1
558	224	52638	96278		Bä c¹p	80	1
556	224	52326	96746		XÝch LuyÖn Xµ 	80	1
558	224	53100	96445		Bä c¹p	80	1
558	224	52980	96879		Bä c¹p	80	1
558	224	52785	96822		Bä c¹p	80	1
557	224	52886	96525		Kªn ®Êt	80	1
556	224	53550	96358		XÝch LuyÖn Xµ 	80	1
558	224	54142	96490		Bä c¹p	80	1
558	224	53949	96749		Bä c¹p	80	1
558	224	54712	96846		Bä c¹p	80	1
556	224	54495	96931		XÝch LuyÖn Xµ 	80	1
558	224	54700	97174		Bä c¹p	80	1
557	224	54696	96510		Kªn ®Êt	80	1
558	224	54881	96473		Bä c¹p	80	1
556	224	55014	96800		XÝch LuyÖn Xµ 	80	1
558	224	55224	96414		Bä c¹p	80	1
557	224	54983	97051		Kªn ®Êt	80	1
558	224	55588	96376		Bä c¹p	80	1
557	224	55609	97234		Kªn ®Êt	80	1
558	224	55346	96821		Bä c¹p	80	1
557	224	55434	97099		Kªn ®Êt	80	1
556	224	56902	97041		XÝch LuyÖn Xµ 	80	1
556	224	57293	96647		XÝch LuyÖn Xµ 	80	1
558	224	57494	97083		Bä c¹p	80	1
558	224	57604	96312		Bä c¹p	80	1
556	224	58014	96716		XÝch LuyÖn Xµ 	80	1
557	224	58110	96496		Kªn ®Êt	80	1
556	224	58276	97277		XÝch LuyÖn Xµ 	80	1
556	224	58027	96307		XÝch LuyÖn Xµ 	80	1
558	224	58282	96347		Bä c¹p	80	1
558	224	58829	97104		Bä c¹p	80	1
558	224	58405	96706		Bä c¹p	80	1
556	224	58715	96279		XÝch LuyÖn Xµ 	80	1
556	224	59155	96479		XÝch LuyÖn Xµ 	80	1
558	224	59372	96282		Bä c¹p	80	1
557	224	59250	96260		Kªn ®Êt	80	1
558	224	58987	96769		Bä c¹p	80	1
556	224	59312	96931		XÝch LuyÖn Xµ 	80	1
558	224	59273	97197		Bä c¹p	80	1
558	224	59737	96980		Bä c¹p	80	1
558	224	59601	96696		Bä c¹p	80	1
558	224	59634	97247		Bä c¹p	80	1
558	224	59493	96519		Bä c¹p	80	1
556	224	59738	96555		XÝch LuyÖn Xµ 	80	1
558	224	59635	97141		Bä c¹p	80	1
556	224	60201	96819		XÝch LuyÖn Xµ 	80	1
557	224	60296	96599		Kªn ®Êt	80	1
558	224	60406	96950		Bä c¹p	80	1
556	224	60018	96581		XÝch LuyÖn Xµ 	80	1
558	224	60089	97254		Bä c¹p	80	1
558	224	59920	96791		Bä c¹p	80	1
556	224	59942	96424		XÝch LuyÖn Xµ 	80	1
558	224	60069	97082		Bä c¹p	80	1
556	224	60214	96404		XÝch LuyÖn Xµ 	80	1
558	224	60417	96505		Bä c¹p	80	1
557	224	45330	97752		Kªn ®Êt	80	1
556	224	45555	97440		XÝch LuyÖn Xµ 	80	1
558	224	45981	97934		Bä c¹p	80	1
557	224	45867	97693		Kªn ®Êt	80	1
558	224	45901	97317		Bä c¹p	80	1
556	224	45721	98036		XÝch LuyÖn Xµ 	80	1
556	224	45707	97806		XÝch LuyÖn Xµ 	80	1
556	224	46338	97356		XÝch LuyÖn Xµ 	80	1
558	224	46355	97777		Bä c¹p	80	1
556	224	46686	97653		XÝch LuyÖn Xµ 	80	1
556	224	46618	97403		XÝch LuyÖn Xµ 	80	1
557	224	46922	97538		Kªn ®Êt	80	1
556	224	47521	97913		XÝch LuyÖn Xµ 	80	1
556	224	47448	97608		XÝch LuyÖn Xµ 	80	1
558	224	47340	98101		Bä c¹p	80	1
558	224	47277	97506		Bä c¹p	80	1
558	224	47739	97716		Bä c¹p	80	1
557	224	47617	97694		Kªn ®Êt	80	1
558	224	47727	98044		Bä c¹p	80	1
558	224	48072	98081		Bä c¹p	80	1
558	224	48064	97739		Bä c¹p	80	1
557	224	47941	97351		Kªn ®Êt	80	1
556	224	48347	98265		XÝch LuyÖn Xµ 	80	1
557	224	48544	98084		Kªn ®Êt	80	1
558	224	48506	97515		Bä c¹p	80	1
556	224	48389	97927		XÝch LuyÖn Xµ 	80	1
556	224	48314	97568		XÝch LuyÖn Xµ 	80	1
558	224	48823	97640		Bä c¹p	80	1
558	224	48693	97986		Bä c¹p	80	1
558	224	49266	98044		Bä c¹p	80	1
558	224	49955	97502		Bä c¹p	80	1
556	224	51084	97473		XÝch LuyÖn Xµ 	80	1
558	224	50864	98185		Bä c¹p	80	1
558	224	51682	97774		Bä c¹p	80	1
558	224	52122	97494		Bä c¹p	80	1
558	224	51983	97373		Bä c¹p	80	1
557	224	52312	97334		Kªn ®Êt	80	1
558	224	53077	97964		Bä c¹p	80	1
558	224	53584	98234		Bä c¹p	80	1
558	224	53595	97293		Bä c¹p	80	1
556	224	53471	97367		XÝch LuyÖn Xµ 	80	1
557	224	53383	97896		Kªn ®Êt	80	1
558	224	53600	97813		Bä c¹p	80	1
558	224	53790	97831		Bä c¹p	80	1
556	224	54722	97529		XÝch LuyÖn Xµ 	80	1
557	224	54608	97411		Kªn ®Êt	80	1
558	224	55272	97331		Bä c¹p	80	1
556	224	55060	97310		XÝch LuyÖn Xµ 	80	1
558	224	54926	97858		Bä c¹p	80	1
556	224	54916	97427		XÝch LuyÖn Xµ 	80	1
558	224	55229	98155		Bä c¹p	80	1
558	224	55131	97690		Bä c¹p	80	1
556	224	55754	98101		XÝch LuyÖn Xµ 	80	1
556	224	55763	97868		XÝch LuyÖn Xµ 	80	1
558	224	55553	97776		Bä c¹p	80	1
558	224	55682	97598		Bä c¹p	80	1
558	224	55972	97904		Bä c¹p	80	1
558	224	55960	98232		Bä c¹p	80	1
558	224	56217	97553		Bä c¹p	80	1
558	224	55947	97427		Bä c¹p	80	1
558	224	56293	97977		Bä c¹p	80	1
557	224	55974	97663		Kªn ®Êt	80	1
558	224	56613	97896		Bä c¹p	80	1
556	224	56511	97358		XÝch LuyÖn Xµ 	80	1
556	224	56789	98097		XÝch LuyÖn Xµ 	80	1
557	224	56878	97706		Kªn ®Êt	80	1
558	224	57055	98301		Bä c¹p	80	1
557	224	56890	98292		Kªn ®Êt	80	1
558	224	57343	97461		Bä c¹p	80	1
558	224	57166	98044		Bä c¹p	80	1
558	224	57508	98008		Bä c¹p	80	1
556	224	57753	97527		XÝch LuyÖn Xµ 	80	1
556	224	57828	97988		XÝch LuyÖn Xµ 	80	1
558	224	57352	98287		Bä c¹p	80	1
558	224	58162	97708		Bä c¹p	80	1
558	224	58173	98109		Bä c¹p	80	1
558	224	58087	97427		Bä c¹p	80	1
558	224	58653	97677		Bä c¹p	80	1
557	224	58464	97790		Kªn ®Êt	80	1
556	224	59373	97558		XÝch LuyÖn Xµ 	80	1
558	224	59061	98211		Bä c¹p	80	1
558	224	59287	97961		Bä c¹p	80	1
557	224	59469	97338		Kªn ®Êt	80	1
558	224	59578	97689		Bä c¹p	80	1
557	224	59876	97366		Kªn ®Êt	80	1
556	224	59836	97543		XÝch LuyÖn Xµ 	80	1
557	224	59399	97789		Kªn ®Êt	80	1
558	224	46453	98502		Bä c¹p	80	1
558	224	46354	98741		Bä c¹p	80	1
558	224	46133	98415		Bä c¹p	80	1
556	224	46732	99185		XÝch LuyÖn Xµ 	80	1
557	224	46827	98966		Kªn ®Êt	80	1
558	224	46937	99316		Bä c¹p	80	1
556	224	47025	98837		XÝch LuyÖn Xµ 	80	1
558	224	46992	98399		Bä c¹p	80	1
558	224	47509	99282		Bä c¹p	80	1
557	224	47454	98767		Kªn ®Êt	80	1
558	224	47356	99111		Bä c¹p	80	1
556	224	47334	98522		XÝch LuyÖn Xµ 	80	1
558	224	47200	98688		Bä c¹p	80	1
556	224	47668	98981		XÝch LuyÖn Xµ 	80	1
557	224	47764	98761		Kªn ®Êt	80	1
558	224	47873	99112		Bä c¹p	80	1
556	224	48057	98683		XÝch LuyÖn Xµ 	80	1
558	224	47928	98395		Bä c¹p	80	1
558	224	48541	98640		Bä c¹p	80	1
558	224	48251	99104		Bä c¹p	80	1
557	224	48271	98583		Kªn ®Êt	80	1
558	224	48197	98328		Bä c¹p	80	1
556	224	48732	99259		XÝch LuyÖn Xµ 	80	1
557	224	48867	98603		Kªn ®Êt	80	1
558	224	49038	99235		Bä c¹p	80	1
558	224	48825	99123		Bä c¹p	80	1
556	224	48701	98385		XÝch LuyÖn Xµ 	80	1
556	224	49329	99075		XÝch LuyÖn Xµ 	80	1
558	224	49197	98572		Bä c¹p	80	1
558	224	49484	98505		Bä c¹p	80	1
557	224	49500	98988		Kªn ®Êt	80	1
556	224	49731	99047		XÝch LuyÖn Xµ 	80	1
558	224	49947	98733		Bä c¹p	80	1
556	224	50102	99318		XÝch LuyÖn Xµ 	80	1
557	224	50000	99198		Kªn ®Êt	80	1
556	224	50603	99275		XÝch LuyÖn Xµ 	80	1
556	224	50533	98717		XÝch LuyÖn Xµ 	80	1
558	224	50396	99079		Bä c¹p	80	1
556	224	50994	99171		XÝch LuyÖn Xµ 	80	1
558	224	52502	98864		Bä c¹p	80	1
558	224	52267	99017		Bä c¹p	80	1
556	224	53097	98883		XÝch LuyÖn Xµ 	80	1
557	224	53189	99141		Kªn ®Êt	80	1
556	224	52927	98867		XÝch LuyÖn Xµ 	80	1
557	224	52755	98408		Kªn ®Êt	80	1
558	224	53555	99087		Bä c¹p	80	1
556	224	53347	99169		XÝch LuyÖn Xµ 	80	1
558	224	53601	98562		Bä c¹p	80	1
558	224	53656	98843		Bä c¹p	80	1
556	224	53356	98883		XÝch LuyÖn Xµ 	80	1
557	224	54241	98500		Kªn ®Êt	80	1
557	224	53847	99103		Kªn ®Êt	80	1
558	224	54083	98317		Bä c¹p	80	1
558	224	53891	98790		Bä c¹p	80	1
556	224	54164	98704		XÝch LuyÖn Xµ 	80	1
558	224	54355	98741		Bä c¹p	80	1
557	224	54657	99234		Kªn ®Êt	80	1
558	224	54658	98534		Bä c¹p	80	1
556	224	54532	98686		XÝch LuyÖn Xµ 	80	1
556	224	54974	99238		XÝch LuyÖn Xµ 	80	1
556	224	55738	98419		XÝch LuyÖn Xµ 	80	1
557	224	55818	98801		Kªn ®Êt	80	1
556	224	56717	99025		XÝch LuyÖn Xµ 	80	1
556	224	56477	98529		XÝch LuyÖn Xµ 	80	1
557	224	56817	98640		Kªn ®Êt	80	1
558	224	56928	99046		Bä c¹p	80	1
556	224	57335	98900		XÝch LuyÖn Xµ 	80	1
556	224	57073	98929		XÝch LuyÖn Xµ 	80	1
557	224	57431	98681		Kªn ®Êt	80	1
557	224	57433	99178		Kªn ®Êt	80	1
558	224	57623	98426		Bä c¹p	80	1
558	224	58127	98551		Bä c¹p	80	1
557	224	58013	98310		Kªn ®Êt	80	1
556	224	57919	98417		XÝch LuyÖn Xµ 	80	1
558	224	57875	99175		Bä c¹p	80	1
558	224	58210	98980		Bä c¹p	80	1
557	224	57968	98808		Kªn ®Êt	80	1
557	224	58589	98332		Kªn ®Êt	80	1
556	224	58489	98821		XÝch LuyÖn Xµ 	80	1
558	224	58747	98514		Bä c¹p	80	1
556	224	58423	98410		XÝch LuyÖn Xµ 	80	1
558	224	47992	99695		Bä c¹p	80	1
557	224	47730	99581		Kªn ®Êt	80	1
556	224	48489	99866		XÝch LuyÖn Xµ 	80	1
556	224	48614	99583		XÝch LuyÖn Xµ 	80	1
557	224	48745	100172		Kªn ®Êt	80	1
558	224	48929	99623		Bä c¹p	80	1
557	224	49098	100094		Kªn ®Êt	80	1
557	224	49183	100311		Kªn ®Êt	80	1
558	224	49471	99898		Bä c¹p	80	1
557	224	49584	99565		Kªn ®Êt	80	1
556	224	49442	100275		XÝch LuyÖn Xµ 	80	1
558	224	49161	99736		Bä c¹p	80	1
556	224	49357	99383		XÝch LuyÖn Xµ 	80	1
558	224	50030	100034		Bä c¹p	80	1
558	224	49768	99997		Bä c¹p	80	1
558	224	49851	99405		Bä c¹p	80	1
558	224	50095	99648		Bä c¹p	80	1
557	224	50271	99989		Kªn ®Êt	80	1
556	224	50435	99564		XÝch LuyÖn Xµ 	80	1
556	224	51082	100252		XÝch LuyÖn Xµ 	80	1
558	224	50868	99682		Bä c¹p	80	1
558	224	50871	100288		Bä c¹p	80	1
556	224	51199	99611		XÝch LuyÖn Xµ 	80	1
558	224	51675	100123		Bä c¹p	80	1
557	224	51385	100092		Kªn ®Êt	80	1
558	224	51938	99670		Bä c¹p	80	1
556	224	52096	99436		XÝch LuyÖn Xµ 	80	1
556	224	51747	99416		XÝch LuyÖn Xµ 	80	1
558	224	52569	99386		Bä c¹p	80	1
557	224	52612	100017		Kªn ®Êt	80	1
556	224	52398	100086		XÝch LuyÖn Xµ 	80	1
558	224	52354	99509		Bä c¹p	80	1
556	224	53234	99728		XÝch LuyÖn Xµ 	80	1
557	224	52906	99365		Kªn ®Êt	80	1
556	224	52923	100025		XÝch LuyÖn Xµ 	80	1
558	224	53544	99532		Bä c¹p	80	1
558	224	53606	100338		Bä c¹p	80	1
556	224	53376	100110		XÝch LuyÖn Xµ 	80	1
558	224	53413	99408		Bä c¹p	80	1
556	224	53850	100053		XÝch LuyÖn Xµ 	80	1
556	224	54172	100188		XÝch LuyÖn Xµ 	80	1
558	224	54074	99872		Bä c¹p	80	1
557	224	53790	99646		Kªn ®Êt	80	1
557	224	54279	100283		Kªn ®Êt	80	1
558	224	54538	100028		Bä c¹p	80	1
556	224	54734	99651		XÝch LuyÖn Xµ 	80	1
558	224	54273	99751		Bä c¹p	80	1
558	224	54533	99427		Bä c¹p	80	1
558	224	55266	99792		Bä c¹p	80	1
558	224	54830	99794		Bä c¹p	80	1
557	224	55090	99605		Kªn ®Êt	80	1
556	224	55096	99990		XÝch LuyÖn Xµ 	80	1
558	224	55304	100067		Bä c¹p	80	1
556	224	56503	99384		XÝch LuyÖn Xµ 	80	1
558	224	56825	99715		Bä c¹p	80	1
557	224	56760	99459		Kªn ®Êt	80	1
558	224	57135	99899		Bä c¹p	80	1
558	224	57111	99401		Bä c¹p	80	1
558	224	57250	99715		Bä c¹p	80	1
556	224	57020	99667		XÝch LuyÖn Xµ 	80	1
558	224	57423	99542		Bä c¹p	80	1
558	224	57607	99375		Bä c¹p	80	1
556	224	48650	100391		XÝch LuyÖn Xµ 	80	1
556	224	49138	100962		XÝch LuyÖn Xµ 	80	1
558	224	48967	100762		Bä c¹p	80	1
558	224	48986	100437		Bä c¹p	80	1
558	224	49499	100974		Bä c¹p	80	1
558	224	49367	100657		Bä c¹p	80	1
558	224	49663	101267		Bä c¹p	80	1
556	224	49871	100659		XÝch LuyÖn Xµ 	80	1
556	224	50001	100395		XÝch LuyÖn Xµ 	80	1
557	224	50222	100741		Kªn ®Êt	80	1
558	224	50336	100556		Bä c¹p	80	1
558	224	50253	101123		Bä c¹p	80	1
558	224	50654	101284		Bä c¹p	80	1
557	224	50812	100684		Kªn ®Êt	80	1
557	224	51034	101070		Kªn ®Êt	80	1
558	224	50701	100512		Bä c¹p	80	1
558	224	51548	101123		Bä c¹p	80	1
556	224	51345	100865		XÝch LuyÖn Xµ 	80	1
558	224	51927	100573		Bä c¹p	80	1
558	224	52432	101264		Bä c¹p	80	1
557	224	52406	100743		Kªn ®Êt	80	1
556	224	52687	100869		XÝch LuyÖn Xµ 	80	1
556	224	52577	100460		XÝch LuyÖn Xµ 	80	1
558	224	53158	101048		Bä c¹p	80	1
558	224	53210	100770		Bä c¹p	80	1
558	224	53216	100374		Bä c¹p	80	1
557	224	52838	100545		Kªn ®Êt	80	1
556	224	53606	100745		XÝch LuyÖn Xµ 	80	1
558	224	53772	100934		Bä c¹p	80	1
558	224	54112	101283		Bä c¹p	80	1
556	224	53949	100630		XÝch LuyÖn Xµ 	80	1
556	224	53790	100420		XÝch LuyÖn Xµ 	80	1
557	224	54008	101182		Kªn ®Êt	80	1
558	224	54388	100634		Bä c¹p	80	1
558	224	54306	101098		Bä c¹p	80	1
556	224	54747	100564		XÝch LuyÖn Xµ 	80	1
558	224	54882	101268		Bä c¹p	80	1
558	224	55099	100992		Bä c¹p	80	1
557	224	55356	100838		Kªn ®Êt	80	1
558	224	49419	101481		Bä c¹p	80	1
558	224	51037	101526		Bä c¹p	80	1
558	224	51309	101385		Bä c¹p	80	1
558	224	53073	101419		Bä c¹p	80	1
556	224	53256	101729		XÝch LuyÖn Xµ 	80	1
558	224	54166	102068		Bä c¹p	80	1
556	224	53950	102153		XÝch LuyÖn Xµ 	80	1
556	224	53790	102243		XÝch LuyÖn Xµ 	80	1
556	224	54065	101629		XÝch LuyÖn Xµ 	80	1
557	224	53870	101869		Kªn ®Êt	80	1
558	224	53811	102038		Bä c¹p	80	1
557	224	54614	101378		Kªn ®Êt	80	1
558	224	54324	101767		Bä c¹p	80	1
558	224	54534	101478		Bä c¹p	80	1
558	224	53612	103064		Bä c¹p	80	1
556	224	53725	103309		XÝch LuyÖn Xµ 	80	1
558	224	53502	103408		Bä c¹p	80	1
558	224	54002	102720		Bä c¹p	80	1
558	224	54221	103352		Bä c¹p	80	1
558	224	53951	102970		Bä c¹p	80	1
556	224	54058	103224		XÝch LuyÖn Xµ 	80	1
557	224	53957	102532		Kªn ®Êt	80	1
558	224	54240	102528		Bä c¹p	80	1
558	224	54565	102983		Bä c¹p	80	1
558	224	54423	102653		Bä c¹p	80	1
557	224	54331	102927		Kªn ®Êt	80	1
558	224	53193	103907		Bä c¹p	80	1
557	224	53077	103779		Kªn ®Êt	80	1
556	224	52914	103600		XÝch LuyÖn Xµ 	80	1
556	224	52897	103967		XÝch LuyÖn Xµ 	80	1
557	224	53197	104211		Kªn ®Êt	80	1
557	224	53533	103941		Kªn ®Êt	80	1
558	224	53684	103654		Bä c¹p	80	1
558	224	53756	103941		Bä c¹p	80	1
556	224	53413	103791		XÝch LuyÖn Xµ 	80	1
558	224	53262	103537		Bä c¹p	80	1
558	224	54074	103667		Bä c¹p	80	1
556	224	53965	103426		XÝch LuyÖn Xµ 	80	1