NpcID	MapID	PosX	PosY	ScriptFile	NpcName	Level	IsLoad
6	3	25344	118752		S芩 쉬	20	1
5	3	25501	118319		S芩 x잜	20	1
7	3	25892	118181		S芩 xanh	20	1
5	3	26240	118048		S芩 x잜	20	1
5	3	27232	118304		S芩 x잜	20	1
6	3	28534	117799		S芩 쉬	20	1
6	3	29118	118768		S芩 쉬	20	1
5	3	29696	118720		S芩 x잜	20	1
6	3	30528	117856		S芩 쉬	20	1
6	3	30244	117888		S芩 쉬	20	1
5	3	31136	118272		S芩 x잜	20	1
5	3	31424	118176		S芩 x잜	20	1
7	3	32000	118144		S芩 xanh	20	1
5	3	32585	117968		S芩 x잜	20	1
6	3	33248	117920		S芩 쉬	20	1
7	3	32864	117824		S芩 xanh	20	1
5	3	34112	117792		S芩 x잜	20	1
7	3	33824	117952		S芩 xanh	20	1
5	3	34144	117984		S芩 x잜	20	1
6	3	34657	117817		S芩 쉬	20	1
7	3	34473	117968		S芩 xanh	20	1
5	3	35136	117920		S芩 x잜	20	1
6	3	35520	118112		S芩 쉬	20	1
5	3	35940	118620		S芩 x잜	20	1
7	3	25344	119392		S芩 xanh	20	1
6	3	25344	119776		S芩 쉬	20	1
6	3	25632	119744		S芩 쉬	20	1
5	3	25951	119197		S芩 x잜	20	1
7	3	26336	119104		S芩 xanh	20	1
6	3	26214	119024		S芩 쉬	20	1
5	3	26944	119040		S芩 x잜	20	1
7	3	27552	119520		S芩 xanh	20	1
6	3	27385	119411		S芩 쉬	20	1
6	3	27627	119554		S芩 쉬	20	1
5	3	27904	119424		S芩 x잜	20	1
5	3	27906	119739		S芩 x잜	20	1
5	3	28160	119104		S芩 x잜	20	1
7	3	28768	118816		S芩 xanh	20	1
7	3	30071	118795		S芩 xanh	20	1
5	3	30496	118848		S芩 x잜	20	1
5	3	30688	119040		S芩 x잜	20	1
5	3	30288	118833		S芩 x잜	20	1
7	3	31040	119072		S芩 xanh	20	1
5	3	30944	119168		S芩 x잜	20	1
5	3	31712	119104		S芩 x잜	20	1
7	3	31328	119007		S芩 xanh	20	1
7	3	31872	119232		S芩 xanh	20	1
5	3	31904	119744		S芩 x잜	20	1
6	3	32224	119584		S芩 쉬	20	1
5	3	32576	119072		S芩 x잜	20	1
5	3	33083	119037		S芩 x잜	20	1
7	3	33344	119168		S芩 xanh	20	1
5	3	33658	119317		S芩 x잜	20	1
5	3	34112	119424		S芩 x잜	20	1
6	3	33885	119270		S芩 쉬	20	1
5	3	34698	119118		S芩 x잜	20	1
6	3	35104	119200		S芩 쉬	20	1
6	3	34912	119136		S芩 쉬	20	1
5	3	35328	119136		S芩 x잜	20	1
6	3	35632	119278		S芩 쉬	20	1
5	3	35983	119446		S芩 x잜	20	1
5	3	36001	118788		S芩 x잜	20	1
7	3	36098	119604		S芩 xanh	20	1
6	3	25312	120192		S芩 쉬	20	1
5	3	25312	120416		S芩 x잜	20	1
5	3	25728	120736		S芩 x잜	20	1
6	3	25664	120480		S芩 쉬	20	1
7	3	28565	120613		S芩 xanh	20	1
5	3	28736	120480		S芩 x잜	20	1
6	3	28992	120576		S芩 쉬	20	1
5	3	28901	120532		S芩 x잜	20	1
6	3	29592	120527		S芩 쉬	20	1
7	3	29786	120523		S芩 xanh	20	1
5	3	31712	120320		S芩 x잜	20	1
7	3	31678	120656		S芩 xanh	20	1
5	3	32192	120352		S芩 x잜	20	1
6	3	32224	120000		S芩 쉬	20	1
6	3	31863	120790		S芩 쉬	20	1
5	3	35072	120640		S芩 x잜	20	1
5	3	35456	120416		S芩 x잜	20	1
5	3	35824	120721		S芩 x잜	20	1
5	3	25216	121664		S芩 x잜	20	1
5	3	25696	121536		S芩 x잜	20	1
6	3	27584	121184		S芩 쉬	20	1
6	3	27642	120905		S芩 쉬	20	1
7	3	27960	121024		S芩 xanh	20	1
5	3	27864	121188		S芩 x잜	20	1
552	3	27694	121100		Linh 블뿃	20	1
6	3	28448	121568		S芩 쉬	20	1
6	3	28864	121248		S芩 쉬	20	1
6	3	29088	121440		S芩 쉬	20	1
5	3	29504	121248		S芩 x잜	20	1
6	3	29728	121312		S芩 쉬	20	1
5	3	30144	121376		S芩 x잜	20	1
6	3	30656	120928		S芩 쉬	20	1
6	3	30656	121152		S芩 쉬	20	1
7	3	30327	121581		S芩 xanh	20	1
5	3	30880	121728		S芩 x잜	20	1
5	3	32000	121088		S芩 x잜	20	1
6	3	31884	121602		S芩 쉬	20	1
5	3	32288	121248		S芩 x잜	20	1
6	3	32320	121568		S芩 쉬	20	1
6	3	33632	121504		S芩 쉬	20	1
6	3	33691	121279		S芩 쉬	20	1
5	3	34063	121159		S芩 x잜	20	1
6	3	34034	121695		S芩 쉬	20	1
7	3	34688	121472		S芩 xanh	20	1
5	3	34488	121524		S芩 x잜	20	1
7	3	34909	121402		S芩 xanh	20	1
6	3	35130	121429		S芩 쉬	20	1
5	3	35456	121632		S芩 x잜	20	1
5	3	36032	121248		S芩 x잜	20	1
6	3	36128	121152		S芩 쉬	20	1
5	3	36000	121760		S芩 x잜	20	1
7	3	36023	120888		S芩 xanh	20	1
5	3	25152	121952		S芩 x잜	20	1
5	3	25091	122649		S芩 x잜	20	1
7	3	25824	122336		S芩 xanh	20	1
5	3	26298	122278		S芩 x잜	20	1
6	3	28213	122470		S芩 쉬	20	1
5	3	28704	122752		S芩 x잜	20	1
5	3	30432	122592		S芩 x잜	20	1
6	3	30464	121856		S芩 쉬	20	1
5	3	30944	122272		S芩 x잜	20	1
6	3	31008	122464		S芩 쉬	20	1
6	3	30976	122080		S芩 쉬	20	1
5	3	31872	122304		S芩 x잜	20	1
5	3	31808	121984		S芩 x잜	20	1
5	3	32704	122464		S芩 x잜	20	1
5	3	32672	121984		S芩 x잜	20	1
5	3	33568	121952		S芩 x잜	20	1
5	3	33482	122402		S芩 x잜	20	1
7	3	33952	122688		S芩 xanh	20	1
6	3	34041	122381		S芩 쉬	20	1
6	3	35424	122048		S芩 쉬	20	1
6	3	35518	122493		S芩 쉬	20	1
7	3	35550	122143		S芩 xanh	20	1
6	3	36064	122080		S芩 쉬	20	1
5	3	25088	123008		S芩 x잜	20	1
6	3	25297	123557		S芩 쉬	20	1
5	3	25600	123456		S芩 x잜	20	1
5	3	25952	123488		S芩 x잜	20	1
6	3	26592	123232		S芩 쉬	20	1
6	3	26368	123296		S芩 쉬	20	1
6	3	27136	123200		S芩 쉬	20	1
7	3	27296	123232		S芩 xanh	20	1
7	3	27925	123271		S芩 xanh	20	1
6	3	28768	123872		S芩 쉬	20	1
6	3	28704	123296		S芩 쉬	20	1
6	3	30400	123872		S芩 쉬	20	1
6	3	30363	123240		S芩 쉬	20	1
5	3	30323	123729		S芩 x잜	20	1
5	3	31008	122976		S芩 x잜	20	1
6	3	32028	123031		S芩 쉬	20	1
6	3	32169	123498		S芩 쉬	20	1
6	3	33508	122954		S芩 쉬	20	1
7	3	33888	122976		S芩 xanh	20	1
5	3	33967	123773		S芩 x잜	20	1
6	3	34784	123584		S芩 쉬	20	1
5	3	34754	123780		S芩 x잜	20	1
7	3	35126	123359		S芩 xanh	20	1
7	3	34895	123421		S芩 xanh	20	1
552	3	35021	123535		Linh 블뿃	20	1
6	3	35680	122944		S芩 쉬	20	1
5	3	35643	123125		S芩 x잜	20	1
5	3	36128	123360		S芩 x잜	20	1
5	3	28480	124000		S芩 x잜	20	1
7	3	28544	124224		S芩 xanh	20	1
7	3	29089	124229		S芩 xanh	20	1
5	3	29280	124288		S芩 x잜	20	1
5	3	29539	124022		S芩 x잜	20	1
6	3	29410	124030		S芩 쉬	20	1
5	3	29760	124096		S芩 x잜	20	1
6	3	30176	124288		S芩 쉬	20	1
5	3	31008	124160		S芩 x잜	20	1
5	3	31040	124774		S芩 x잜	20	1
5	3	32224	124064		S芩 x잜	20	1
7	3	32224	124544		S芩 xanh	20	1
7	3	32672	124736		S芩 xanh	20	1
6	3	32736	123968		S芩 쉬	20	1
6	3	32256	124288		S芩 쉬	20	1
5	3	33616	124447		S芩 x잜	20	1
5	3	34144	124352		S芩 x잜	20	1
5	3	34658	124650		S芩 x잜	20	1
7	3	35040	124320		S芩 xanh	20	1
6	3	35104	123904		S芩 쉬	20	1
5	3	35008	124736		S芩 x잜	20	1
6	3	35815	124092		S芩 쉬	20	1
5	3	35806	124913		S芩 x잜	20	1
5	3	36320	124832		S芩 x잜	20	1
5	3	36375	123964		S芩 x잜	20	1
5	3	28448	124960		S芩 x잜	20	1
6	3	28448	125440		S芩 쉬	20	1
5	3	29120	125120		S芩 x잜	20	1
5	3	28992	125248		S芩 x잜	20	1
6	3	29838	125231		S芩 쉬	20	1
5	3	30272	125248		S芩 x잜	20	1
6	3	30752	125344		S芩 쉬	20	1
6	3	30848	125696		S芩 쉬	20	1
6	3	31072	125600		S芩 쉬	20	1
5	3	32350	125419		S芩 x잜	20	1
5	3	33714	125002		S芩 x잜	20	1
6	3	34048	125088		S芩 쉬	20	1
7	3	33858	125102		S芩 xanh	20	1
7	3	34471	125312		S芩 xanh	20	1
6	3	34928	125152		S芩 쉬	20	1
6	3	35774	125657		S芩 쉬	20	1
5	3	36288	124992		S芩 x잜	20	1
5	3	36352	125536		S芩 x잜	20	1
6	3	36358	125127		S芩 쉬	20	1
6	3	27125	126940		S芩 쉬	20	1
7	3	27608	126970		S芩 xanh	20	1
5	3	28000	126912		S芩 x잜	20	1
5	3	28224	126752		S芩 x잜	20	1
6	3	28280	126506		S芩 쉬	20	1
5	3	28768	126656		S芩 x잜	20	1
7	3	28957	126880		S芩 xanh	20	1
7	3	28839	126299		S芩 xanh	20	1
5	3	30784	126304		S芩 x잜	20	1
5	3	31008	126336		S芩 x잜	20	1
5	3	30771	126676		S芩 x잜	20	1
7	3	32192	126528		S芩 xanh	20	1
6	3	32235	126237		S芩 쉬	20	1
7	3	32672	126848		S芩 xanh	20	1
5	3	32768	126752		S芩 x잜	20	1
5	3	33024	126048		S芩 x잜	20	1
5	3	33152	126944		S芩 x잜	20	1
6	3	33440	126240		S芩 쉬	20	1
6	3	34208	126368		S芩 쉬	20	1
5	3	34683	126709		S芩 x잜	20	1
6	3	35755	126633		S芩 쉬	20	1
7	3	36384	125984		S芩 xanh	20	1
5	3	36416	126304		S芩 x잜	20	1
5	3	36352	126624		S芩 x잜	20	1
5	3	25090	127814		S芩 x잜	20	1
6	3	25337	127515		S芩 쉬	20	1
5	3	25859	127839		S芩 x잜	20	1
5	3	26559	127062		S芩 x잜	20	1
5	3	28704	127808		S芩 x잜	20	1
7	3	28980	127829		S芩 xanh	20	1
6	3	28939	127376		S芩 쉬	20	1
5	3	30784	127360		S芩 x잜	20	1
6	3	30816	127648		S芩 쉬	20	1
6	3	31039	127035		S芩 쉬	20	1
7	3	31057	127643		S芩 xanh	20	1
7	3	32128	127488		S芩 xanh	20	1
6	3	32454	127126		S芩 쉬	20	1
5	3	32642	127575		S芩 x잜	20	1
6	3	32832	127136		S芩 쉬	20	1
6	3	32864	127456		S芩 쉬	20	1
7	3	34208	127360		S芩 xanh	20	1
5	3	34432	127584		S芩 x잜	20	1
5	3	34969	127035		S芩 x잜	20	1
5	3	36128	127584		S芩 x잜	20	1
5	3	36032	127680		S芩 x잜	20	1
6	3	36350	127165		S芩 쉬	20	1
6	3	25184	128416		S芩 쉬	20	1
6	3	25088	128032		S芩 쉬	20	1
5	3	25184	128800		S芩 x잜	20	1
5	3	25728	128240		S芩 x잜	20	1
5	3	26516	128167		S芩 x잜	20	1
5	3	27072	128192		S芩 x잜	20	1
6	3	26912	128352		S芩 쉬	20	1
6	3	27424	128192		S芩 쉬	20	1
7	3	27680	128384		S芩 xanh	20	1
6	3	27872	128544		S芩 쉬	20	1
5	3	27649	128703		S芩 x잜	20	1
7	3	28160	128128		S芩 xanh	20	1
5	3	32192	128160		S芩 x잜	20	1
6	3	32128	128480		S芩 쉬	20	1
5	3	32065	128802		S芩 x잜	20	1
5	3	32576	128992		S芩 x잜	20	1
5	3	32480	128640		S芩 x잜	20	1
5	3	33024	128352		S芩 x잜	20	1
5	3	33344	128320		S芩 x잜	20	1
6	3	33731	128140		S芩 쉬	20	1
5	3	34869	128136		S芩 x잜	20	1
6	3	35132	128192		S芩 쉬	20	1
6	3	35872	128000		S芩 쉬	20	1
5	3	25248	129216		S芩 x잜	20	1
6	3	25376	129792		S芩 쉬	20	1
6	3	25728	129472		S芩 쉬	20	1
6	3	26000	129930		S芩 쉬	20	1
6	3	25644	129077		S芩 쉬	20	1
6	3	26432	129952		S芩 쉬	20	1
5	3	26186	130017		S芩 x잜	20	1
5	3	27589	129128		S芩 x잜	20	1
7	3	27789	129338		S芩 xanh	20	1
5	3	32128	129024		S芩 x잜	20	1
6	3	32064	129152		S芩 쉬	20	1
5	3	32266	129932		S芩 x잜	20	1
5	3	25427	130417		S芩 x잜	20	1
5	3	25360	130110		S芩 x잜	20	1
6	3	26072	130936		S芩 쉬	20	1
5	3	25867	130902		S芩 x잜	20	1
5	3	25712	130726		S芩 x잜	20	1
6	3	26592	130880		S芩 쉬	20	1
6	3	26560	130048		S芩 쉬	20	1
5	3	26848	130112		S芩 x잜	20	1
5	3	27424	130304		S芩 x잜	20	1
6	3	27208	130200		S芩 쉬	20	1
6	3	27163	130882		S芩 쉬	20	1
6	3	27995	130464		S芩 쉬	20	1
6	3	27742	130477		S芩 쉬	20	1
5	3	28288	130432		S芩 x잜	20	1
5	3	28610	130585		S芩 x잜	20	1
5	3	28704	130656		S芩 x잜	20	1
5	3	32320	131008		S芩 x잜	20	1
6	3	32880	130313		S芩 쉬	20	1
7	3	33376	130560		S芩 xanh	20	1
5	3	33408	130400		S芩 x잜	20	1
7	3	33504	130688		S芩 xanh	20	1
6	3	34197	130489		S芩 쉬	20	1
5	3	34645	130222		S芩 x잜	20	1
5	3	35200	130592		S芩 x잜	20	1
5	3	35567	130462		S芩 x잜	20	1
7	3	35483	130917		S芩 xanh	20	1
6	3	35968	130656		S芩 쉬	20	1
5	3	27936	131232		S芩 x잜	20	1
6	3	28124	131287		S芩 쉬	20	1
6	3	27743	131099		S芩 쉬	20	1
5	3	29056	131264		S芩 x잜	20	1
5	3	28832	131264		S芩 x잜	20	1
6	3	28704	131277		S芩 쉬	20	1
6	3	32608	131232		S芩 쉬	20	1
6	3	33107	131316		S芩 쉬	20	1
6	3	33408	131328		S芩 쉬	20	1
5	3	34048	131392		S芩 x잜	20	1
5	3	33792	131328		S芩 x잜	20	1
5	3	34176	131328		S芩 x잜	20	1
5	3	34592	131200		S芩 x잜	20	1
5	3	35021	131371		S芩 x잜	20	1
5	3	35274	131385		S芩 x잜	20	1
6	3	35775	131365		S芩 쉬	20	1
5	3	35514	131362		S芩 x잜	20	1
7	3	36167	131125		S芩 xanh	20	1
5	3	36003	131395		S芩 x잜	20	1