NpcID	MapID	PosX	PosY	ScriptFile	NpcName	Level	IsLoad
588	319	52730	103130		B南 L勇	75	1
589	319	52524	102956		Ng姊 Nha	75	1
588	319	52867	103185		B南 L勇	75	1
589	319	53602	102895		Ng姊 Nha	75	1
588	319	53490	103132		B南 L勇	75	1
589	319	53957	103073		Ng姊 Nha	75	1
588	319	54074	103295		B南 L勇	75	1
588	319	54237	103390		B南 L勇	75	1
589	319	54799	103322		Ng姊 Nha	75	1
589	319	55701	102881		Ng姊 Nha	75	1
588	319	55809	103053		B南 L勇	75	1
588	319	56638	102976		B南 L勇	75	1
589	319	56374	103393		Ng姊 Nha	75	1
588	319	56800	102978		B南 L勇	75	1
588	319	56779	103365		B南 L勇	75	1
589	319	56735	103136		Ng姊 Nha	75	1
588	319	57056	103294		B南 L勇	75	1
588	319	56922	102917		B南 L勇	75	1
589	319	57941	103227		Ng姊 Nha	75	1
589	319	58768	102795		Ng姊 Nha	75	1
588	319	58580	103135		B南 L勇	75	1
588	319	58784	103185		B南 L勇	75	1
588	319	60029	103358		B南 L勇	75	1
588	319	61667	102815		B南 L勇	75	1
589	319	61854	102794		Ng姊 Nha	75	1
588	319	62287	102771		B南 L勇	75	1
588	319	62208	102606		B南 L勇	75	1
588	319	62032	102598		B南 L勇	75	1
588	319	62300	103170		B南 L勇	75	1
589	319	62225	102999		Ng姊 Nha	75	1
588	319	62110	102793		B南 L勇	75	1
588	319	62715	103420		B南 L勇	75	1
589	319	64032	103228		Ng姊 Nha	75	1
589	319	51546	103989		Ng姊 Nha	75	1
589	319	51850	103877		Ng姊 Nha	75	1
588	319	51715	104037		B南 L勇	75	1
588	319	52000	104108		B南 L勇	75	1
588	319	51840	104255		B南 L勇	75	1
588	319	51739	104424		B南 L勇	75	1
589	319	52525	103949		Ng姊 Nha	75	1
588	319	52635	104144		B南 L勇	75	1
588	319	53229	103449		B南 L勇	75	1
588	319	52893	104132		B南 L勇	75	1
588	319	52972	104299		B南 L勇	75	1
588	319	53124	103977		B南 L勇	75	1
588	319	52947	103969		B南 L勇	75	1
588	319	52764	103725		B南 L勇	75	1
589	319	53289	104384		Ng姊 Nha	75	1
589	319	53624	103597		Ng姊 Nha	75	1
588	319	53459	103478		B南 L勇	75	1
588	319	53361	103590		B南 L勇	75	1
588	319	53802	103623		B南 L勇	75	1
588	319	53962	103635		B南 L勇	75	1
588	319	54123	103680		B南 L勇	75	1
588	319	54459	103511		B南 L勇	75	1
588	319	54693	103501		B南 L勇	75	1
588	319	55787	103444		B南 L勇	75	1
588	319	55339	103723		B南 L勇	75	1
589	319	55464	103503		Ng姊 Nha	75	1
588	319	55633	103451		B南 L勇	75	1
588	319	55838	104024		B南 L勇	75	1
588	319	56075	104181		B南 L勇	75	1
588	319	56134	103550		B南 L勇	75	1
588	319	55931	103512		B南 L勇	75	1
588	319	56043	103792		B南 L勇	75	1
588	319	55977	104426		B南 L勇	75	1
588	319	55963	104026		B南 L勇	75	1
589	319	56330	103721		Ng姊 Nha	75	1
588	319	56542	103430		B南 L勇	75	1
589	319	56675	103728		Ng姊 Nha	75	1
588	319	57324	103472		B南 L勇	75	1
588	319	56977	103996		B南 L勇	75	1
588	319	57055	104162		B南 L勇	75	1
588	319	57214	104153		B南 L勇	75	1
588	319	57207	103841		B南 L勇	75	1
588	319	56901	103516		B南 L勇	75	1
588	319	56878	103790		B南 L勇	75	1
589	319	57037	104426		Ng姊 Nha	75	1
588	319	57282	104331		B南 L勇	75	1
588	319	57483	103462		B南 L勇	75	1
588	319	57795	103603		B南 L勇	75	1
588	319	57630	103534		B南 L勇	75	1
589	319	57413	103812		Ng姊 Nha	75	1
588	319	57422	104415		B南 L勇	75	1
589	319	57841	104431		Ng姊 Nha	75	1
588	319	57940	104223		B南 L勇	75	1
589	319	58138	104296		Ng姊 Nha	75	1
588	319	58118	103817		B南 L勇	75	1
588	319	57901	103927		B南 L勇	75	1
588	319	58669	104065		B南 L勇	75	1
588	319	58840	103845		B南 L勇	75	1
588	319	58499	103441		B南 L勇	75	1
588	319	58700	103440		B南 L勇	75	1
589	319	59878	104305		Ng姊 Nha	75	1
588	319	59792	104399		B南 L勇	75	1
588	319	59969	104407		B南 L勇	75	1
589	319	60132	103783		Ng姊 Nha	75	1
588	319	59975	103521		B南 L勇	75	1
588	319	60053	103687		B南 L勇	75	1
588	319	60212	103678		B南 L勇	75	1
588	319	60284	103531		B南 L勇	75	1
588	319	60029	104132		B南 L勇	75	1
588	319	61697	103916		B南 L勇	75	1
588	319	61776	104083		B南 L勇	75	1
588	319	61935	104073		B南 L勇	75	1
588	319	61928	103762		B南 L勇	75	1
589	319	61513	104446		Ng姊 Nha	75	1
589	319	61801	103666		Ng姊 Nha	75	1
588	319	62006	103926		B南 L勇	75	1
588	319	62135	103598		B南 L勇	75	1
588	319	62213	103764		B南 L勇	75	1
588	319	62444	103608		B南 L勇	75	1
588	319	62365	103443		B南 L勇	75	1
588	319	62189	103435		B南 L勇	75	1
589	319	62356	104035		Ng姊 Nha	75	1
588	319	62321	104377		B南 L勇	75	1
588	319	62661	103583		B南 L勇	75	1
588	319	62740	103750		B南 L勇	75	1
588	319	62970	103593		B南 L勇	75	1
588	319	62593	103774		B南 L勇	75	1
588	319	62957	104370		B南 L勇	75	1
589	319	63462	103588		Ng姊 Nha	75	1
589	319	63057	104370		Ng姊 Nha	75	1
588	319	62989	103983		B南 L勇	75	1
588	319	63525	104016		B南 L勇	75	1
588	319	63763	104172		B南 L勇	75	1
588	319	63834	104026		B南 L勇	75	1
588	319	63756	103861		B南 L勇	75	1
588	319	63909	103675		B南 L勇	75	1
588	319	63650	104218		B南 L勇	75	1
588	319	64120	103930		B南 L勇	75	1
589	319	64355	103652		Ng姊 Nha	75	1
588	319	64291	103843		B南 L勇	75	1
588	319	51602	104531		B南 L勇	75	1
588	319	52174	105358		B南 L勇	75	1
588	319	52017	104649		B南 L勇	75	1
588	319	52075	104982		B南 L勇	75	1
588	319	52483	105368		B南 L勇	75	1
588	319	52686	105335		B南 L勇	75	1
588	319	52472	104989		B南 L勇	75	1
589	319	52379	105242		Ng姊 Nha	75	1
588	319	52704	104470		B南 L勇	75	1
588	319	52603	104740		B南 L勇	75	1
589	319	52828	104606		Ng姊 Nha	75	1
588	319	52742	105003		B南 L勇	75	1
588	319	52996	104673		B南 L勇	75	1
588	319	53066	104863		B南 L勇	75	1
588	319	53535	104803		B南 L勇	75	1
588	319	53600	104992		B南 L勇	75	1
588	319	53315	104794		B南 L勇	75	1
589	319	53302	105055		Ng姊 Nha	75	1
588	319	54248	105194		B南 L勇	75	1
588	319	54231	104710		B南 L勇	75	1
589	319	54761	104627		Ng姊 Nha	75	1
588	319	54479	104603		B南 L勇	75	1
588	319	54390	104803		B南 L勇	75	1
588	319	54428	105415		B南 L勇	75	1
589	319	54934	105413		Ng姊 Nha	75	1
588	319	54966	104823		B南 L勇	75	1
588	319	55736	105253		B南 L勇	75	1
589	319	55645	105151		Ng姊 Nha	75	1
588	319	55559	105245		B南 L勇	75	1
588	319	55814	105418		B南 L勇	75	1
589	319	56194	105302		Ng姊 Nha	75	1
588	319	56037	105040		B南 L勇	75	1
588	319	56116	105207		B南 L勇	75	1
588	319	56275	105197		B南 L勇	75	1
588	319	56268	104886		B南 L勇	75	1
589	319	56177	104784		Ng姊 Nha	75	1
588	319	56092	104877		B南 L勇	75	1
588	319	56136	104456		B南 L勇	75	1
588	319	56347	105050		B南 L勇	75	1
589	319	56446	104547		Ng姊 Nha	75	1
589	319	56668	104800		Ng姊 Nha	75	1
588	319	56815	104901		B南 L勇	75	1
588	319	57012	105164		B南 L勇	75	1
589	319	56978	104687		Ng姊 Nha	75	1
588	319	57282	105277		B南 L勇	75	1
588	319	56914	105135		B南 L勇	75	1
588	319	57192	105426		B南 L勇	75	1
589	319	57819	105170		Ng姊 Nha	75	1
588	319	57370	105454		B南 L勇	75	1
588	319	57601	105300		B南 L勇	75	1
588	319	57604	104577		B南 L勇	75	1
588	319	57783	104769		B南 L勇	75	1
588	319	57503	104852		B南 L勇	75	1
588	319	57654	104972		B南 L勇	75	1
588	319	57483	105178		B南 L勇	75	1
588	319	57971	104918		B南 L勇	75	1
589	319	58207	105005		Ng姊 Nha	75	1
588	319	58048	104624		B南 L勇	75	1
588	319	58339	104568		B南 L勇	75	1
588	319	58070	105214		B南 L勇	75	1
589	319	58747	104461		Ng姊 Nha	75	1
588	319	58737	105226		B南 L勇	75	1
588	319	58815	105392		B南 L勇	75	1
589	319	58876	104969		Ng姊 Nha	75	1
588	319	58791	105062		B南 L勇	75	1
588	319	58974	105382		B南 L勇	75	1
588	319	59046	105236		B南 L勇	75	1
588	319	58967	105071		B南 L勇	75	1
589	319	59895	104824		Ng姊 Nha	75	1
588	319	59738	104562		B南 L勇	75	1
588	319	59817	104729		B南 L勇	75	1
588	319	59976	104719		B南 L勇	75	1
588	319	60047	104572		B南 L勇	75	1
588	319	60025	105306		B南 L勇	75	1
588	319	60262	105463		B南 L勇	75	1
588	319	60079	105143		B南 L勇	75	1
588	319	60196	104946		B南 L勇	75	1
588	319	60303	105218		B南 L勇	75	1
589	319	60424	104910		Ng姊 Nha	75	1
588	319	61357	105435		B南 L勇	75	1
588	319	61373	104703		B南 L勇	75	1
588	319	61427	104539		B南 L勇	75	1
588	319	61904	105217		B南 L勇	75	1
588	319	61452	104869		B南 L勇	75	1
588	319	61611	104859		B南 L勇	75	1
588	319	61682	104713		B南 L勇	75	1
588	319	61604	104548		B南 L勇	75	1
588	319	61712	105094		B南 L勇	75	1
589	319	61989	104450		Ng姊 Nha	75	1
588	319	62139	104698		B南 L勇	75	1
589	319	62612	104806		Ng姊 Nha	75	1
588	319	62649	105051		B南 L勇	75	1
588	319	62600	105388		B南 L勇	75	1
589	319	63222	105327		Ng姊 Nha	75	1
588	319	63065	105065		B南 L勇	75	1
588	319	63144	105232		B南 L勇	75	1
588	319	63303	105222		B南 L勇	75	1
588	319	63374	105075		B南 L勇	75	1
588	319	63296	104910		B南 L勇	75	1
589	319	63205	104808		Ng姊 Nha	75	1
588	319	63119	104902		B南 L勇	75	1
588	319	63019	105376		B南 L勇	75	1
588	319	63447	105431		B南 L勇	75	1
588	319	63382	104546		B南 L勇	75	1
589	319	63815	104600		Ng姊 Nha	75	1
588	319	52025	106184		B南 L勇	75	1
589	319	51855	105917		Ng姊 Nha	75	1
588	319	52077	106470		B南 L勇	75	1
588	319	52123	105936		B南 L勇	75	1
588	319	52633	106050		B南 L勇	75	1
589	319	52317	105816		Ng姊 Nha	75	1
589	319	52681	106375		Ng姊 Nha	75	1
588	319	52561	105766		B南 L勇	75	1
588	319	52785	105728		B南 L勇	75	1
588	319	52904	106136		B南 L勇	75	1
589	319	53032	106382		Ng姊 Nha	75	1
588	319	52877	106485		B南 L勇	75	1
589	319	53716	106103		Ng姊 Nha	75	1
588	319	53559	105842		B南 L勇	75	1
588	319	53638	106008		B南 L勇	75	1
589	319	53699	105585		Ng姊 Nha	75	1
588	319	53613	105679		B南 L勇	75	1
588	319	53797	105999		B南 L勇	75	1
588	319	53868	105852		B南 L勇	75	1
588	319	53790	105687		B南 L勇	75	1
588	319	54186	106027		B南 L勇	75	1
588	319	54604	106196		B南 L勇	75	1
588	319	54676	106049		B南 L勇	75	1
589	319	54506	105782		Ng姊 Nha	75	1
588	319	54315	106332		B南 L勇	75	1
588	319	54452	106120		B南 L勇	75	1
588	319	54709	105588		B南 L勇	75	1
588	319	55191	106029		B南 L勇	75	1
588	319	55140	106441		B南 L勇	75	1
589	319	55143	105657		Ng姊 Nha	75	1
589	319	55348	106290		Ng姊 Nha	75	1
588	319	55346	105734		B南 L勇	75	1
588	319	55480	105756		B南 L勇	75	1
588	319	55447	106050		B南 L勇	75	1
588	319	55321	106022		B南 L勇	75	1
589	319	55798	105933		Ng姊 Nha	75	1
589	319	56251	106129		Ng姊 Nha	75	1
588	319	56173	106034		B南 L勇	75	1
588	319	57019	105475		B南 L勇	75	1
588	319	57254	106207		B南 L勇	75	1
588	319	57333	106373		B南 L勇	75	1
588	319	57308	106044		B南 L勇	75	1
588	319	57254	105642		B南 L勇	75	1
588	319	57193	106398		B南 L勇	75	1
589	319	57411	106468		Ng姊 Nha	75	1
588	319	57492	106364		B南 L勇	75	1
588	319	57563	106217		B南 L勇	75	1
588	319	57485	106052		B南 L勇	75	1
589	319	57394	105950		Ng姊 Nha	75	1
588	319	57604	105839		B南 L勇	75	1
588	319	57501	105588		B南 L勇	75	1
588	319	57780	106194		B南 L勇	75	1
588	319	58259	106082		B南 L勇	75	1
588	319	58338	106249		B南 L勇	75	1
588	319	58313	105919		B南 L勇	75	1
588	319	58162	106388		B南 L勇	75	1
589	319	58416	106344		Ng姊 Nha	75	1
588	319	58497	106239		B南 L勇	75	1
588	319	58568	106092		B南 L勇	75	1
588	319	58490	105927		B南 L勇	75	1
589	319	58399	105825		Ng姊 Nha	75	1
588	319	58975	106443		B南 L勇	75	1
588	319	59284	106453		B南 L勇	75	1
588	319	59205	106288		B南 L勇	75	1
589	319	59114	106186		Ng姊 Nha	75	1
588	319	59029	106280		B南 L勇	75	1
589	319	58894	105487		Ng姊 Nha	75	1
589	319	60182	105568		Ng姊 Nha	75	1
588	319	60104	105473		B南 L勇	75	1
588	319	60350	106236		B南 L勇	75	1
589	319	60481	106218		Ng姊 Nha	75	1
588	319	60937	106294		B南 L勇	75	1
588	319	61089	105972		B南 L勇	75	1
588	319	60974	105965		B南 L勇	75	1
589	319	61514	105696		Ng姊 Nha	75	1
588	319	61595	105592		B南 L勇	75	1
588	319	61788	106271		B南 L勇	75	1
588	319	61867	106437		B南 L勇	75	1
589	319	61928	106014		Ng姊 Nha	75	1
588	319	61843	106108		B南 L勇	75	1
588	319	62026	106427		B南 L勇	75	1
588	319	62019	106116		B南 L勇	75	1
588	319	62357	106235		B南 L勇	75	1
588	319	62748	105552		B南 L勇	75	1
588	319	63424	105927		B南 L勇	75	1
588	319	63478	105764		B南 L勇	75	1
588	319	63263	105755		B南 L勇	75	1
589	319	63581	106189		Ng姊 Nha	75	1
588	319	63503	106094		B南 L勇	75	1
588	319	63662	106084		B南 L勇	75	1
588	319	63733	105937		B南 L勇	75	1
588	319	63655	105773		B南 L勇	75	1
589	319	63564	105671		Ng姊 Nha	75	1
589	319	64543	105904		Ng姊 Nha	75	1
589	319	64572	105654		Ng姊 Nha	75	1
588	319	52161	106905		B南 L勇	75	1
588	319	52373	107496		B南 L勇	75	1
588	319	52399	107061		B南 L勇	75	1
588	319	52471	106915		B南 L勇	75	1
589	319	52301	106648		Ng姊 Nha	75	1
588	319	52546	106620		B南 L勇	75	1
588	319	52279	107195		B南 L勇	75	1
588	319	53052	106779		B南 L勇	75	1
589	319	52828	107340		Ng姊 Nha	75	1
588	319	52755	106675		B南 L勇	75	1
588	319	52864	107015		B南 L勇	75	1
588	319	54186	107087		B南 L勇	75	1
588	319	54240	106924		B南 L勇	75	1
588	319	54061	107263		B南 L勇	75	1
588	319	54263	107472		B南 L勇	75	1
588	319	54644	106620		B南 L勇	75	1
589	319	54464	106503		Ng姊 Nha	75	1
588	319	54399	107321		B南 L勇	75	1
588	319	54500	107173		B南 L勇	75	1
589	319	54425	106779		Ng姊 Nha	75	1
588	319	55121	107127		B南 L勇	75	1
588	319	55200	107293		B南 L勇	75	1
589	319	54801	106882		Ng姊 Nha	75	1
588	319	55100	106662		B南 L勇	75	1
588	319	54945	106565		B南 L勇	75	1
589	319	54856	106621		Ng姊 Nha	75	1
589	319	55290	106671		Ng姊 Nha	75	1
588	319	55268	107015		B南 L勇	75	1
588	319	55641	107123		B南 L勇	75	1
588	319	55457	107041		B南 L勇	75	1
588	319	55527	107372		B南 L勇	75	1
589	319	55347	107447		Ng姊 Nha	75	1
588	319	55839	106711		B南 L勇	75	1
588	319	56729	106568		B南 L勇	75	1
588	319	56807	106735		B南 L勇	75	1
588	319	57038	106578		B南 L勇	75	1
588	319	56872	107155		B南 L勇	75	1
588	319	56988	106929		B南 L勇	75	1
588	319	56934	106699		B南 L勇	75	1
588	319	58093	107370		B南 L勇	75	1
589	319	58752	107152		Ng姊 Nha	75	1
588	319	58595	106890		B南 L勇	75	1
588	319	58674	107056		B南 L勇	75	1
588	319	58833	107047		B南 L勇	75	1
588	319	58826	106735		B南 L勇	75	1
589	319	58735	106633		Ng姊 Nha	75	1
588	319	58649	106727		B南 L勇	75	1
588	319	58904	106900		B南 L勇	75	1
588	319	59088	107510		B南 L勇	75	1
589	319	58998	107408		Ng姊 Nha	75	1
588	319	58912	107501		B南 L勇	75	1
589	319	59132	106704		Ng姊 Nha	75	1
588	319	59053	106609		B南 L勇	75	1
588	319	59212	106599		B南 L勇	75	1
589	319	59649	107508		Ng姊 Nha	75	1
589	319	60278	106716		Ng姊 Nha	75	1
588	319	60411	106747		B南 L勇	75	1
588	319	60522	107114		B南 L勇	75	1
588	319	60521	106509		B南 L勇	75	1
588	319	60593	106835		B南 L勇	75	1
589	319	61852	107407		Ng姊 Nha	75	1
588	319	61922	106823		B南 L勇	75	1
589	319	62429	106900		Ng姊 Nha	75	1
588	319	62391	106566		B南 L勇	75	1
588	319	62038	106825		B南 L勇	75	1
588	319	63072	106808		B南 L勇	75	1
588	319	63032	107477		B南 L勇	75	1
588	319	63141	107314		B南 L勇	75	1
588	319	63415	107431		B南 L勇	75	1
588	319	63295	107373		B南 L勇	75	1
589	319	62995	107114		Ng姊 Nha	75	1
588	319	63540	107479		B南 L勇	75	1
589	319	51459	108500		Ng姊 Nha	75	1
589	319	52698	108231		Ng姊 Nha	75	1
588	319	52607	107875		B南 L勇	75	1
588	319	52530	107707		B南 L勇	75	1
588	319	52677	107590		B南 L勇	75	1
588	319	52240	108084		B南 L勇	75	1
588	319	52372	107804		B南 L勇	75	1
588	319	53755	108039		B南 L勇	75	1
588	319	54099	107532		B南 L勇	75	1
588	319	54156	108450		B南 L勇	75	1
588	319	54133	108107		B南 L勇	75	1
588	319	54016	108286		B南 L勇	75	1
589	319	54601	108274		Ng姊 Nha	75	1
589	319	54698	107686		Ng姊 Nha	75	1
588	319	54543	107686		B南 L勇	75	1
588	319	54851	108505		B南 L勇	75	1
588	319	55740	108096		B南 L勇	75	1
588	319	55794	107933		B南 L勇	75	1
589	319	55897	108357		Ng姊 Nha	75	1
588	319	55819	108262		B南 L勇	75	1
588	319	55978	108253		B南 L勇	75	1
588	319	56049	108106		B南 L勇	75	1
588	319	55971	107941		B南 L勇	75	1
589	319	55880	107839		Ng姊 Nha	75	1
588	319	56692	107959		B南 L勇	75	1
588	319	56753	107586		B南 L勇	75	1
589	319	56413	108351		Ng姊 Nha	75	1
588	319	56421	107919		B南 L勇	75	1
588	319	57007	108510		B南 L勇	75	1
588	319	57316	108520		B南 L勇	75	1
588	319	57237	108355		B南 L勇	75	1
589	319	57146	108253		Ng姊 Nha	75	1
588	319	57061	108346		B南 L勇	75	1
588	319	56899	107893		B南 L勇	75	1
588	319	57528	108383		B南 L勇	75	1
588	319	57765	108539		B南 L勇	75	1
588	319	57837	108393		B南 L勇	75	1
588	319	57582	108220		B南 L勇	75	1
589	319	58196	107795		Ng姊 Nha	75	1
588	319	58039	107533		B南 L勇	75	1
588	319	58118	107700		B南 L勇	75	1
588	319	58277	107690		B南 L勇	75	1
588	319	58348	107543		B南 L勇	75	1
588	319	58834	108212		B南 L勇	75	1
588	319	58858	107664		B南 L勇	75	1
588	319	59018	108532		B南 L勇	75	1
588	319	59089	108386		B南 L勇	75	1
588	319	59011	108221		B南 L勇	75	1
589	319	58920	108119		Ng姊 Nha	75	1
589	319	59015	107926		Ng姊 Nha	75	1
588	319	58936	107831		B南 L勇	75	1
588	319	59095	107821		B南 L勇	75	1
588	319	59167	107674		B南 L勇	75	1
589	319	59612	108449		Ng姊 Nha	75	1
588	319	59526	108543		B南 L勇	75	1
589	319	60095	107677		Ng姊 Nha	75	1
588	319	59928	107521		B南 L勇	75	1
588	319	59968	107784		B南 L勇	75	1
588	319	59993	108196		B南 L勇	75	1
588	319	60153	108037		B南 L勇	75	1
588	319	60390	107722		B南 L勇	75	1
588	319	60466	108089		B南 L勇	75	1
588	319	61385	108279		B南 L勇	75	1
588	319	61154	108358		B南 L勇	75	1
588	319	61372	108109		B南 L勇	75	1
588	319	61238	107933		B南 L勇	75	1
589	319	61902	108068		Ng姊 Nha	75	1
588	319	61766	107742		B南 L勇	75	1
588	319	61501	107942		B南 L勇	75	1
588	319	61930	107633		B南 L勇	75	1
588	319	61650	107812		B南 L勇	75	1
589	319	63106	107785		Ng姊 Nha	75	1
588	319	63651	107733		B南 L勇	75	1
589	319	64308	107869		Ng姊 Nha	75	1
588	319	64151	107607		B南 L勇	75	1
588	319	64230	107774		B南 L勇	75	1
588	319	64389	107764		B南 L勇	75	1
588	319	64460	107618		B南 L勇	75	1
588	319	64051	108276		B南 L勇	75	1
588	319	64123	108129		B南 L勇	75	1
588	319	64044	107964		B南 L勇	75	1
588	319	51573	108557		B南 L勇	75	1
588	319	51604	108805		B南 L勇	75	1
588	319	51708	109250		B南 L勇	75	1
588	319	51773	108552		B南 L勇	75	1
588	319	51773	108881		B南 L勇	75	1
588	319	51965	109329		B南 L勇	75	1
589	319	52100	108681		Ng姊 Nha	75	1
588	319	52098	109069		B南 L勇	75	1
589	319	51815	109463		Ng姊 Nha	75	1
588	319	52244	109360		B南 L勇	75	1
588	319	52403	109351		B南 L勇	75	1
588	319	52726	109153		B南 L勇	75	1
589	319	52458	109563		Ng姊 Nha	75	1
588	319	52288	108871		B南 L勇	75	1
588	319	52607	109404		B南 L勇	75	1
588	319	52515	108977		B南 L勇	75	1
589	319	52883	109414		Ng姊 Nha	75	1
588	319	52805	109319		B南 L勇	75	1
588	319	52964	109310		B南 L勇	75	1
588	319	53035	109163		B南 L勇	75	1
588	319	52957	108998		B南 L勇	75	1
589	319	52866	108896		Ng姊 Nha	75	1
588	319	52780	108990		B南 L勇	75	1
588	319	53163	109534		B南 L勇	75	1
588	319	53340	109543		B南 L勇	75	1
589	319	53249	109441		Ng姊 Nha	75	1
589	319	54078	109246		Ng姊 Nha	75	1
589	319	53960	108705		Ng姊 Nha	75	1
588	319	54662	108971		B南 L勇	75	1
589	319	54705	109277		Ng姊 Nha	75	1
588	319	54782	108814		B南 L勇	75	1
588	319	54571	108577		B南 L勇	75	1
588	319	54371	108656		B南 L勇	75	1
588	319	54372	109035		B南 L勇	75	1
588	319	54866	109390		B南 L勇	75	1
588	319	55251	109390		B南 L勇	75	1
588	319	55109	109544		B南 L勇	75	1
589	319	55426	109338		Ng姊 Nha	75	1
588	319	56067	108848		B南 L勇	75	1
588	319	56189	109006		B南 L勇	75	1
589	319	55988	109344		Ng姊 Nha	75	1
588	319	56422	109012		B南 L勇	75	1
588	319	56415	108700		B南 L勇	75	1
588	319	56733	109283		B南 L勇	75	1
588	319	56812	109449		B南 L勇	75	1
588	319	56787	109120		B南 L勇	75	1
588	319	56611	108828		B南 L勇	75	1
589	319	57164	108771		Ng姊 Nha	75	1
588	319	57085	108676		B南 L勇	75	1
588	319	57244	108666		B南 L勇	75	1
589	319	56890	109544		Ng姊 Nha	75	1
588	319	56971	109440		B南 L勇	75	1
588	319	57042	109293		B南 L勇	75	1
588	319	56964	109128		B南 L勇	75	1
589	319	56873	109026		Ng姊 Nha	75	1
588	319	57851	109246		B南 L勇	75	1
589	319	57760	109144		Ng姊 Nha	75	1
588	319	57675	109238		B南 L勇	75	1
589	319	57684	108644		Ng姊 Nha	75	1
588	319	57606	108549		B南 L勇	75	1
588	319	57930	109411		B南 L勇	75	1
589	319	58397	108953		Ng姊 Nha	75	1
588	319	58478	108848		B南 L勇	75	1
588	319	58549	108701		B南 L勇	75	1
588	319	58848	109282		B南 L勇	75	1
589	319	59005	109543		Ng姊 Nha	75	1
588	319	58926	109448		B南 L勇	75	1
588	319	59085	109438		B南 L勇	75	1
588	319	59157	109292		B南 L勇	75	1
588	319	59078	109127		B南 L勇	75	1
589	319	58987	109025		Ng姊 Nha	75	1
588	319	59640	109522		B南 L勇	75	1
588	319	59870	109368		B南 L勇	75	1
589	319	59779	109266		Ng姊 Nha	75	1
588	319	59694	109359		B南 L勇	75	1
589	319	59629	108967		Ng姊 Nha	75	1
588	319	59472	108706		B南 L勇	75	1
588	319	59551	108872		B南 L勇	75	1
588	319	59710	108863		B南 L勇	75	1
588	319	59781	108716		B南 L勇	75	1
588	319	59703	108551		B南 L勇	75	1
588	319	59949	109532		B南 L勇	75	1
589	319	60114	109222		Ng姊 Nha	75	1
588	319	60278	109451		B南 L勇	75	1
588	319	60318	108686		B南 L勇	75	1
588	319	60405	109548		B南 L勇	75	1
588	319	60425	108774		B南 L勇	75	1
588	319	60479	108611		B南 L勇	75	1
588	319	60515	109129		B南 L勇	75	1
589	319	61364	108829		Ng姊 Nha	75	1
588	319	61251	108629		B南 L勇	75	1
588	319	61042	109043		B南 L勇	75	1
589	319	61722	108970		Ng姊 Nha	75	1
588	319	61602	109077		B南 L勇	75	1
588	319	61534	108899		B南 L勇	75	1
588	319	62893	109185		B南 L勇	75	1
588	319	63357	109207		B南 L勇	75	1
588	319	63265	108609		B南 L勇	75	1
588	319	63485	109413		B南 L勇	75	1
589	319	63052	109036		Ng姊 Nha	75	1
588	319	63226	109313		B南 L勇	75	1
588	319	63133	109472		B南 L勇	75	1
589	319	63124	108665		Ng姊 Nha	75	1
588	319	63912	109178		B南 L勇	75	1
588	319	63860	108627		B南 L勇	75	1
589	319	63849	109013		Ng姊 Nha	75	1
588	319	63661	108799		B南 L勇	75	1
588	319	63703	109204		B南 L勇	75	1
589	319	63528	108924		Ng姊 Nha	75	1
588	319	63520	109333		B南 L勇	75	1
588	319	64283	108962		B南 L勇	75	1
589	319	64211	109247		Ng姊 Nha	75	1
588	319	64054	108855		B南 L勇	75	1
588	319	64069	109439		B南 L勇	75	1
588	319	53109	109697		B南 L勇	75	1
588	319	53188	109864		B南 L勇	75	1
589	319	53266	109959		Ng姊 Nha	75	1
588	319	53347	109854		B南 L勇	75	1
588	319	53418	109707		B南 L勇	75	1
589	319	53424	110528		Ng姊 Nha	75	1
588	319	54692	109571		B南 L勇	75	1
589	319	54744	110043		Ng姊 Nha	75	1
588	319	54942	109810		B南 L勇	75	1
588	319	55278	109911		B南 L勇	75	1
588	319	55508	109817		B南 L勇	75	1
588	319	55681	109674		B南 L勇	75	1
588	319	56283	110219		B南 L勇	75	1
588	319	55997	110506		B南 L勇	75	1
588	319	55825	109727		B南 L勇	75	1
589	319	56032	109915		Ng姊 Nha	75	1
588	319	55884	110291		B南 L勇	75	1
588	319	56721	110563		B南 L勇	75	1
589	319	56339	109965		Ng姊 Nha	75	1
588	319	56402	110464		B南 L勇	75	1
589	319	56607	110225		Ng姊 Nha	75	1
588	319	56614	110553		B南 L勇	75	1
589	319	58325	110222		Ng姊 Nha	75	1
588	319	58168	109961		B南 L勇	75	1
588	319	58247	110127		B南 L勇	75	1
589	319	58308	109704		Ng姊 Nha	75	1
588	319	58222	109798		B南 L勇	75	1
589	319	58393	110521		Ng姊 Nha	75	1
588	319	58406	110118		B南 L勇	75	1
588	319	58477	109971		B南 L勇	75	1
588	319	58399	109806		B南 L勇	75	1
588	319	58864	110351		B南 L勇	75	1
588	319	58943	110518		B南 L勇	75	1
588	319	59102	110508		B南 L勇	75	1
588	319	59173	110361		B南 L勇	75	1
588	319	59095	110196		B南 L勇	75	1
589	319	59004	110094		Ng姊 Nha	75	1
588	319	58918	110188		B南 L勇	75	1
588	319	59654	110493		B南 L勇	75	1
588	319	59884	110338		B南 L勇	75	1
589	319	59793	110236		Ng姊 Nha	75	1
588	319	59708	110330		B南 L勇	75	1
589	319	59797	109784		Ng姊 Nha	75	1
588	319	59718	109689		B南 L勇	75	1
588	319	59877	109679		B南 L勇	75	1
588	319	60333	110577		B南 L勇	75	1
588	319	60388	110414		B南 L勇	75	1
588	319	59963	110503		B南 L勇	75	1
589	319	61427	110233		Ng姊 Nha	75	1
588	319	61288	110414		B南 L勇	75	1
589	319	61057	110081		Ng姊 Nha	75	1
588	319	61194	110167		B南 L勇	75	1
588	319	61042	110442		B南 L勇	75	1
588	319	61767	109852		B南 L勇	75	1
588	319	61689	109687		B南 L勇	75	1
589	319	61598	109585		Ng姊 Nha	75	1
588	319	61512	109679		B南 L勇	75	1
588	319	62807	109599		B南 L勇	75	1
588	319	63006	109705		B南 L勇	75	1
588	319	63351	109764		B南 L勇	75	1
589	319	63274	110001		Ng姊 Nha	75	1
588	319	64284	110449		B南 L勇	75	1
588	319	64400	110094		B南 L勇	75	1
588	319	64340	109674		B南 L勇	75	1
588	319	64227	109692		B南 L勇	75	1
588	319	64695	110499		B南 L勇	75	1
588	319	64589	110151		B南 L勇	75	1
589	319	64542	110486		Ng姊 Nha	75	1
589	319	64636	109830		Ng姊 Nha	75	1
589	319	53441	111047		Ng姊 Nha	75	1
588	319	53284	110785		B南 L勇	75	1
588	319	53363	110952		B南 L勇	75	1
588	319	53522	110942		B南 L勇	75	1
588	319	53593	110795		B南 L勇	75	1
588	319	53515	110630		B南 L勇	75	1
588	319	53339	110622		B南 L勇	75	1
588	319	53713	111400		B南 L勇	75	1
588	319	53792	111566		B南 L勇	75	1
588	319	53951	111556		B南 L勇	75	1
588	319	54022	111410		B南 L勇	75	1
588	319	53944	111245		B南 L勇	75	1
589	319	53853	111143		Ng姊 Nha	75	1
588	319	53768	111237		B南 L勇	75	1
589	319	54757	110990		Ng姊 Nha	75	1
588	319	54729	111293		B南 L勇	75	1
588	319	54684	111602		B南 L勇	75	1
588	319	54907	111593		B南 L勇	75	1
589	319	54988	111220		Ng姊 Nha	75	1
588	319	55162	111048		B南 L勇	75	1
588	319	55274	111403		B南 L勇	75	1
589	319	55326	110939		Ng姊 Nha	75	1
588	319	55685	111132		B南 L勇	75	1
588	319	55558	111240		B南 L勇	75	1
588	319	55452	110991		B南 L勇	75	1
588	319	55795	111287		B南 L勇	75	1
588	319	55825	110985		B南 L勇	75	1
589	319	56647	110980		Ng姊 Nha	75	1
588	319	56490	110718		B南 L勇	75	1
588	319	56394	111442		B南 L勇	75	1
588	319	56456	111100		B南 L勇	75	1
588	319	56797	110848		B南 L勇	75	1
588	319	57340	110906		B南 L勇	75	1
589	319	57073	110997		Ng姊 Nha	75	1
588	319	56858	111186		B南 L勇	75	1
588	319	56992	111579		B南 L勇	75	1
588	319	56933	110795		B南 L勇	75	1
589	319	57419	111001		Ng姊 Nha	75	1
588	319	57499	110896		B南 L勇	75	1
588	319	57853	111500		B南 L勇	75	1
589	319	57762	111398		Ng姊 Nha	75	1
588	319	57677	111492		B南 L勇	75	1
588	319	57824	111044		B南 L勇	75	1
588	319	58253	110778		B南 L勇	75	1
588	319	58332	110945		B南 L勇	75	1
588	319	58308	110615		B南 L勇	75	1
589	319	57980	111306		Ng姊 Nha	75	1
588	319	57902	111211		B南 L勇	75	1
588	319	58061	111201		B南 L勇	75	1
588	319	58133	111054		B南 L勇	75	1
588	319	58054	110890		B南 L勇	75	1
589	319	57963	110788		Ng姊 Nha	75	1
588	319	57878	110881		B南 L勇	75	1
589	319	58410	111040		Ng姊 Nha	75	1
588	319	58491	110935		B南 L勇	75	1
588	319	58563	110788		B南 L勇	75	1
588	319	58484	110623		B南 L勇	75	1
588	319	59296	110897		B南 L勇	75	1
588	319	59375	111063		B南 L勇	75	1
588	319	59351	110733		B南 L勇	75	1
589	319	59021	110613		Ng姊 Nha	75	1
589	319	59453	111158		Ng姊 Nha	75	1
588	319	59534	111053		B南 L勇	75	1
588	319	59606	110907		B南 L勇	75	1
588	319	59527	110742		B南 L勇	75	1
589	319	59436	110640		Ng姊 Nha	75	1
589	319	59811	110754		Ng姊 Nha	75	1
588	319	59732	110659		B南 L勇	75	1
588	319	59891	110649		B南 L勇	75	1
588	319	59833	111106		B南 L勇	75	1
588	319	59722	111184		B南 L勇	75	1
588	319	59943	111118		B南 L勇	75	1
588	319	60253	111128		B南 L勇	75	1
588	319	60174	110963		B南 L勇	75	1
589	319	60002	111585		Ng姊 Nha	75	1
589	319	60077	110632		Ng姊 Nha	75	1
588	319	60074	110962		B南 L勇	75	1
589	319	60046	111205		Ng姊 Nha	75	1
589	319	61085	111576		Ng姊 Nha	75	1
588	319	60957	111149		B南 L勇	75	1
588	319	61169	111366		B南 L勇	75	1
588	319	61341	111154		B南 L勇	75	1
588	319	61417	110771		B南 L勇	75	1
588	319	61794	111537		B南 L勇	75	1
589	319	61703	111435		Ng姊 Nha	75	1
588	319	61617	111529		B南 L勇	75	1
588	319	61464	111012		B南 L勇	75	1
588	319	61518	111366		B南 L勇	75	1
588	319	62571	111260		B南 L勇	75	1
588	319	62650	111427		B南 L勇	75	1
589	319	62711	111003		Ng姊 Nha	75	1
588	319	62625	111097		B南 L勇	75	1
588	319	63921	111515		B南 L勇	75	1
589	319	63963	110613		Ng姊 Nha	75	1
588	319	63552	110741		B南 L勇	75	1
589	319	64076	110874		Ng姊 Nha	75	1
588	319	64042	111501		B南 L勇	75	1
588	319	64402	110756		B南 L勇	75	1
589	319	64541	111132		Ng姊 Nha	75	1
588	319	64643	110834		B南 L勇	75	1
588	319	51508	112460		B南 L勇	75	1
588	319	51699	112140		B南 L勇	75	1
588	319	51680	112395		B南 L勇	75	1
588	319	51817	112470		B南 L勇	75	1
589	319	51955	112192		Ng姊 Nha	75	1
589	319	52505	112623		Ng姊 Nha	75	1
589	319	53870	111661		Ng姊 Nha	75	1
588	319	54648	111966		B南 L勇	75	1
588	319	55142	112562		B南 L勇	75	1
588	319	55298	112351		B南 L勇	75	1
588	319	55873	112611		B南 L勇	75	1
588	319	56085	112449		B南 L勇	75	1
588	319	56698	111883		B南 L勇	75	1
588	319	56777	112049		B南 L勇	75	1
588	319	56752	111720		B南 L勇	75	1
589	319	57779	111917		Ng姊 Nha	75	1
588	319	57622	111655		B南 L勇	75	1
588	319	57701	111822		B南 L勇	75	1
588	319	57860	111812		B南 L勇	75	1
588	319	57932	111665		B南 L勇	75	1
589	319	58257	112310		Ng姊 Nha	75	1
589	319	57864	112088		Ng姊 Nha	75	1
588	319	58014	112124		B南 L勇	75	1
588	319	58131	112437		B南 L勇	75	1
588	319	57991	112522		B南 L勇	75	1
588	319	58764	112527		B南 L勇	75	1
589	319	58673	112425		Ng姊 Nha	75	1
588	319	58587	112519		B南 L勇	75	1
588	319	59881	112142		B南 L勇	75	1
589	319	59676	112129		Ng姊 Nha	75	1
588	319	59886	112410		B南 L勇	75	1
588	319	59935	111979		B南 L勇	75	1
588	319	60123	111959		B南 L勇	75	1
589	319	61720	111954		Ng姊 Nha	75	1
588	319	61563	111692		B南 L勇	75	1
588	319	61642	111859		B南 L勇	75	1
588	319	61801	111849		B南 L勇	75	1
588	319	61872	111702		B南 L勇	75	1
589	319	62235	112425		Ng姊 Nha	75	1
588	319	62078	112164		B南 L勇	75	1
588	319	62157	112330		B南 L勇	75	1
588	319	62316	112321		B南 L勇	75	1
588	319	62387	112174		B南 L勇	75	1
588	319	62309	112009		B南 L勇	75	1
589	319	62218	111907		Ng姊 Nha	75	1
588	319	62132	112001		B南 L勇	75	1
589	319	62924	112478		Ng姊 Nha	75	1
588	319	62839	112572		B南 L勇	75	1
589	319	63364	112442		Ng姊 Nha	75	1
588	319	63207	112180		B南 L勇	75	1
588	319	63286	112347		B南 L勇	75	1
588	319	63445	112337		B南 L勇	75	1
588	319	63438	112025		B南 L勇	75	1
588	319	63261	112017		B南 L勇	75	1
588	319	63015	112580		B南 L勇	75	1
588	319	63516	112190		B南 L勇	75	1
588	319	64175	112289		B南 L勇	75	1
588	319	64484	112299		B南 L勇	75	1
588	319	64229	112126		B南 L勇	75	1
588	319	64182	111839		B南 L勇	75	1
589	319	64394	111959		Ng姊 Nha	75	1
588	319	64340	112452		B南 L勇	75	1
589	319	64245	111702		Ng姊 Nha	75	1
588	319	51687	112923		B南 L勇	75	1
588	319	51549	112687		B南 L勇	75	1
589	319	51710	112664		Ng姊 Nha	75	1
588	319	52251	113296		B南 L勇	75	1
588	319	52295	113522		B南 L勇	75	1
588	319	52449	113650		B南 L勇	75	1
588	319	52664	112799		B南 L勇	75	1
588	319	52665	113437		B南 L勇	75	1
588	319	52829	113317		B南 L勇	75	1
588	319	52740	113090		B南 L勇	75	1
589	319	53929	113240		Ng姊 Nha	75	1
589	319	53801	113036		Ng姊 Nha	75	1
589	319	54950	112768		Ng姊 Nha	75	1
588	319	55379	112665		B南 L勇	75	1
589	319	55647	112804		Ng姊 Nha	75	1
588	319	56000	113338		B南 L勇	75	1
588	319	56238	113495		B南 L勇	75	1
588	319	56309	113348		B南 L勇	75	1
588	319	56054	113175		B南 L勇	75	1
589	319	56030	112776		Ng姊 Nha	75	1
588	319	56183	112683		B南 L勇	75	1
589	319	55891	113566		Ng姊 Nha	75	1
588	319	56149	113223		B南 L勇	75	1
589	319	56443	113623		Ng姊 Nha	75	1
589	319	56647	113655		Ng姊 Nha	75	1
588	319	57150	113097		B南 L勇	75	1
588	319	57359	113661		B南 L勇	75	1
588	319	57413	113498		B南 L勇	75	1
588	319	57781	112700		B南 L勇	75	1
588	319	58093	112878		B南 L勇	75	1
589	319	58690	112944		Ng姊 Nha	75	1
588	319	58533	112682		B南 L勇	75	1
588	319	58612	112849		B南 L勇	75	1
588	319	58771	112839		B南 L勇	75	1
588	319	58842	112692		B南 L勇	75	1
588	319	58692	113616		B南 L勇	75	1
588	319	59321	113072		B南 L勇	75	1
588	319	59272	113537		B南 L勇	75	1
589	319	59196	112850		Ng姊 Nha	75	1
588	319	59504	113392		B南 L勇	75	1
588	319	59497	113081		B南 L勇	75	1
588	319	59450	112894		B南 L勇	75	1
588	319	61917	113078		B南 L勇	75	1
589	319	62074	113339		Ng姊 Nha	75	1
588	319	61995	113244		B南 L勇	75	1
588	319	62154	113234		B南 L勇	75	1
588	319	62226	113088		B南 L勇	75	1
588	319	62147	112923		B南 L勇	75	1
589	319	62056	112821		Ng姊 Nha	75	1
588	319	61971	112914		B南 L勇	75	1
589	319	62390	113329		Ng姊 Nha	75	1
588	319	62279	113424		B南 L勇	75	1
589	319	62942	112996		Ng姊 Nha	75	1
588	319	62785	112735		B南 L勇	75	1
588	319	62863	112901		B南 L勇	75	1
588	319	63022	112891		B南 L勇	75	1
588	319	63094	112745		B南 L勇	75	1
589	319	63833	113381		Ng姊 Nha	75	1
588	319	63676	113119		B南 L勇	75	1
588	319	63755	113286		B南 L勇	75	1
588	319	63914	113276		B南 L勇	75	1
588	319	63985	113129		B南 L勇	75	1
588	319	63907	112964		B南 L勇	75	1
589	319	63816	112862		Ng姊 Nha	75	1
588	319	63730	112956		B南 L勇	75	1
589	319	64489	112953		Ng姊 Nha	75	1
589	319	64351	112850		Ng姊 Nha	75	1
588	319	64221	112697		B南 L勇	75	1
588	319	64756	113642		B南 L勇	75	1
588	319	64828	113495		B南 L勇	75	1
588	319	64615	113439		B南 L勇	75	1
588	319	64747	113184		B南 L勇	75	1
588	319	64593	113180		B南 L勇	75	1
588	319	51655	113827		B南 L勇	75	1
589	319	51557	114138		Ng姊 Nha	75	1
589	319	52323	113940		Ng姊 Nha	75	1
588	319	52249	114420		B南 L勇	75	1
588	319	52658	114576		B南 L勇	75	1
589	319	52895	114592		Ng姊 Nha	75	1
588	319	52738	114331		B南 L勇	75	1
588	319	52816	114497		B南 L勇	75	1
588	319	52975	114487		B南 L勇	75	1
588	319	53047	114341		B南 L勇	75	1
588	319	52968	114176		B南 L勇	75	1
589	319	52877	114074		Ng姊 Nha	75	1
588	319	52792	114168		B南 L勇	75	1
589	319	52755	113734		Ng姊 Nha	75	1
588	319	52768	113895		B南 L勇	75	1
588	319	53487	114203		B南 L勇	75	1
589	319	53627	113946		Ng姊 Nha	75	1
589	319	53697	114626		Ng姊 Nha	75	1
588	319	53546	114465		B南 L勇	75	1
588	319	54115	114112		B南 L勇	75	1
588	319	53915	114034		B南 L勇	75	1
588	319	53795	114102		B南 L勇	75	1
588	319	54278	114365		B南 L勇	75	1
589	319	54603	114539		Ng姊 Nha	75	1
588	319	54564	114088		B南 L勇	75	1
588	319	54466	114341		B南 L勇	75	1
588	319	54390	114678		B南 L勇	75	1
588	319	54885	114558		B南 L勇	75	1
588	319	56442	114077		B南 L勇	75	1
588	319	56520	114244		B南 L勇	75	1
588	319	56735	114533		B南 L勇	75	1
588	319	56790	114143		B南 L勇	75	1
588	319	56641	114078		B南 L勇	75	1
589	319	57055	114223		Ng姊 Nha	75	1
588	319	56907	114329		B南 L勇	75	1
589	319	57516	113923		Ng姊 Nha	75	1
588	319	57437	113828		B南 L勇	75	1
588	319	57596	113818		B南 L勇	75	1
588	319	57672	114627		B南 L勇	75	1
588	319	57824	114306		B南 L勇	75	1
588	319	57455	114167		B南 L勇	75	1
588	319	57637	114278		B南 L勇	75	1
588	319	57765	114046		B南 L勇	75	1
589	319	58090	114168		Ng姊 Nha	75	1
588	319	58024	114679		B南 L勇	75	1
588	319	58001	114465		B南 L勇	75	1
589	319	58700	114648		Ng姊 Nha	75	1
588	319	58792	114531		B南 L勇	75	1
588	319	59005	114560		B南 L勇	75	1
588	319	59645	114628		B南 L勇	75	1
588	319	59804	114618		B南 L勇	75	1
588	319	60364	114027		B南 L勇	75	1
588	319	60405	114626		B南 L勇	75	1
588	319	60214	114166		B南 L勇	75	1
589	319	60150	114479		Ng姊 Nha	75	1
589	319	60596	114584		Ng姊 Nha	75	1
588	319	60489	114549		B南 L勇	75	1
588	319	60665	114256		B南 L勇	75	1
588	319	60675	114056		B南 L勇	75	1
589	319	60879	114058		Ng姊 Nha	75	1
588	319	61319	114288		B南 L勇	75	1
588	319	61073	114070		B南 L勇	75	1
588	319	61224	114190		B南 L勇	75	1
589	319	61241	114479		Ng姊 Nha	75	1
588	319	62181	114049		B南 L勇	75	1
588	319	62358	113751		B南 L勇	75	1
588	319	62153	113688		B南 L勇	75	1
589	319	62272	113768		Ng姊 Nha	75	1
588	319	62358	114173		B南 L勇	75	1
588	319	62447	113983		B南 L勇	75	1
589	319	62569	114123		Ng姊 Nha	75	1
588	319	62480	114384		B南 L勇	75	1
588	319	62953	114524		B南 L勇	75	1
588	319	62650	114501		B南 L勇	75	1
589	319	63198	114367		Ng姊 Nha	75	1
588	319	63041	114105		B南 L勇	75	1
588	319	63120	114272		B南 L勇	75	1
588	319	63279	114262		B南 L勇	75	1
588	319	63350	114115		B南 L勇	75	1
588	319	63272	113951		B南 L勇	75	1
589	319	63181	113849		Ng姊 Nha	75	1
588	319	63095	113942		B南 L勇	75	1
589	319	64255	114529		Ng姊 Nha	75	1
589	319	64474	113784		Ng姊 Nha	75	1
588	319	64627	114202		B南 L勇	75	1
588	319	52211	115032		B南 L勇	75	1
588	319	52050	114945		B南 L勇	75	1
588	319	52188	115310		B南 L勇	75	1
588	319	52628	115000		B南 L勇	75	1
588	319	52405	115008		B南 L勇	75	1
589	319	52673	115634		Ng姊 Nha	75	1
588	319	52543	115439		B南 L勇	75	1
588	319	52978	115529		B南 L勇	75	1
588	319	52763	115350		B南 L勇	75	1
589	319	52778	115083		Ng姊 Nha	75	1
588	319	53219	115710		B南 L勇	75	1
588	319	53617	114893		B南 L勇	75	1
589	319	53682	115180		Ng姊 Nha	75	1
588	319	53593	115509		B南 L勇	75	1
588	319	54656	115486		B南 L勇	75	1
588	319	54768	114766		B南 L勇	75	1
589	319	54562	114935		Ng姊 Nha	75	1
588	319	54767	115216		B南 L勇	75	1
588	319	54886	115331		B南 L勇	75	1
589	319	55211	115417		Ng姊 Nha	75	1
589	319	54840	115664		Ng姊 Nha	75	1
588	319	55044	115406		B南 L勇	75	1
588	319	55318	115662		B南 L勇	75	1
588	319	57325	114980		B南 L勇	75	1
589	319	57594	115469		Ng姊 Nha	75	1
588	319	57757	114911		B南 L勇	75	1
588	319	57606	115024		B南 L勇	75	1
588	319	57397	115234		B南 L勇	75	1
588	319	57478	114853		B南 L勇	75	1
589	319	58189	115394		Ng姊 Nha	75	1
589	319	58073	115057		Ng姊 Nha	75	1
588	319	57906	115243		B南 L勇	75	1
589	319	57914	114832		Ng姊 Nha	75	1
589	319	58301	115687		Ng姊 Nha	75	1
588	319	58745	115585		B南 L勇	75	1
588	319	58848	115259		B南 L勇	75	1
589	319	58896	114896		Ng姊 Nha	75	1
588	319	59267	115104		B南 L勇	75	1
588	319	59197	114873		B南 L勇	75	1
588	319	59047	115478		B南 L勇	75	1
588	319	59357	114720		B南 L勇	75	1
589	319	59440	115226		Ng姊 Nha	75	1
588	319	59756	114942		B南 L勇	75	1
589	319	59912	115241		Ng姊 Nha	75	1
589	319	60197	114982		Ng姊 Nha	75	1
588	319	60108	115005		B南 L勇	75	1
588	319	60264	114742		B南 L勇	75	1
588	319	60257	115234		B南 L勇	75	1
588	319	61079	115392		B南 L勇	75	1
588	319	61388	115402		B南 L勇	75	1
588	319	61133	115229		B南 L勇	75	1
588	319	61378	114809		B南 L勇	75	1
588	319	61144	114838		B南 L勇	75	1
589	319	60930	115059		Ng姊 Nha	75	1
588	319	61270	115622		B南 L勇	75	1
588	319	61457	115120		B南 L勇	75	1
588	319	61485	115629		B南 L勇	75	1
588	319	62286	115000		B南 L勇	75	1
588	319	62456	114952		B南 L勇	75	1
589	319	62813	115610		Ng姊 Nha	75	1
588	319	62471	115618		B南 L勇	75	1
588	319	62851	114774		B南 L勇	75	1
588	319	63649	115380		B南 L勇	75	1
588	319	63879	115225		B南 L勇	75	1
589	319	63994	115173		Ng姊 Nha	75	1
588	319	63820	115427		B南 L勇	75	1
588	319	64116	115086		B南 L勇	75	1
588	319	64194	115252		B南 L勇	75	1
589	319	64491	115472		Ng姊 Nha	75	1
588	319	64494	114850		B南 L勇	75	1
588	319	64337	115515		B南 L勇	75	1
588	319	64363	114962		B南 L勇	75	1
588	319	64007	115479		B南 L勇	75	1
588	319	52041	116544		B南 L勇	75	1
588	319	52525	115882		B南 L勇	75	1
588	319	52639	116238		B南 L勇	75	1
589	319	53213	116129		Ng姊 Nha	75	1
588	319	53056	115867		B南 L勇	75	1
588	319	53135	116034		B南 L勇	75	1
588	319	52829	115759		B南 L勇	75	1
588	319	53294	116024		B南 L勇	75	1
588	319	53432	115764		B南 L勇	75	1
589	319	54766	116452		Ng姊 Nha	75	1
588	319	54620	116028		B南 L勇	75	1
588	319	54680	116243		B南 L勇	75	1
588	319	55150	115840		B南 L勇	75	1
588	319	54995	115730		B南 L勇	75	1
589	319	55295	115974		Ng姊 Nha	75	1
588	319	58314	116137		B南 L勇	75	1
589	319	58471	116398		Ng姊 Nha	75	1
588	319	58552	116294		B南 L勇	75	1
588	319	58407	115914		B南 L勇	75	1
588	319	58654	115879		B南 L勇	75	1
588	319	58735	116260		B南 L勇	75	1
588	319	58514	116021		B南 L勇	75	1
588	319	58935	115712		B南 L勇	75	1
588	319	60809	116131		B南 L勇	75	1
588	319	60863	115968		B南 L勇	75	1
588	319	60875	116353		B南 L勇	75	1
588	319	61325	115957		B南 L勇	75	1
589	319	60960	116720		Ng姊 Nha	75	1
588	319	61121	116712		B南 L勇	75	1
589	319	61128	115741		Ng姊 Nha	75	1
588	319	60989	116121		B南 L勇	75	1
588	319	61298	116420		B南 L勇	75	1
589	319	61630	115926		Ng姊 Nha	75	1
588	319	61842	116246		B南 L勇	75	1
588	319	62236	116138		B南 L勇	75	1
589	319	62287	116686		Ng姊 Nha	75	1
589	319	61968	115764		Ng姊 Nha	75	1
588	319	62133	116410		B南 L勇	75	1
588	319	62026	116069		B南 L勇	75	1
588	319	62842	116089		B南 L勇	75	1
588	319	62587	115916		B南 L勇	75	1
588	319	62704	116107		B南 L勇	75	1
588	319	63070	116310		B南 L勇	75	1
588	319	63379	116320		B南 L勇	75	1
588	319	63315	116508		B南 L勇	75	1
589	319	63235	115801		Ng姊 Nha	75	1
588	319	63235	116206		B南 L勇	75	1
588	319	63528	116304		B南 L勇	75	1
588	319	63930	116441		B南 L勇	75	1
589	319	63814	116215		Ng姊 Nha	75	1
588	319	63837	115757		B南 L勇	75	1
588	319	63721	115876		B南 L勇	75	1
588	319	64424	116358		B南 L勇	75	1
588	319	64503	116524		B南 L勇	75	1
589	319	64295	116652		Ng姊 Nha	75	1
588	319	64141	116570		B南 L勇	75	1
588	319	64782	116176		B南 L勇	75	1
588	319	64554	116733		B南 L勇	75	1
589	319	64532	115790		Ng姊 Nha	75	1
588	319	64594	116367		B南 L勇	75	1
589	319	64586	116103		Ng姊 Nha	75	1
588	319	53042	117109		B南 L勇	75	1
589	319	53182	116853		Ng姊 Nha	75	1
588	319	52892	117749		B南 L勇	75	1
589	319	53025	117428		Ng姊 Nha	75	1
588	319	53465	117497		B南 L勇	75	1
588	319	53535	117060		B南 L勇	75	1
588	319	53331	117234		B南 L勇	75	1
589	319	54632	117713		Ng姊 Nha	75	1
588	319	60551	117662		B南 L勇	75	1
588	319	60860	117672		B南 L勇	75	1
588	319	60782	117508		B南 L勇	75	1
589	319	60691	117406		Ng姊 Nha	75	1
588	319	60605	117499		B南 L勇	75	1
589	319	62914	117418		Ng姊 Nha	75	1
588	319	63151	117335		B南 L勇	75	1
588	319	63460	117345		B南 L勇	75	1
588	319	63381	117180		B南 L勇	75	1
588	319	63208	117751		B南 L勇	75	1
588	319	63282	117530		B南 L勇	75	1
588	319	63435	117726		B南 L勇	75	1
589	319	63263	117076		Ng姊 Nha	75	1
588	319	63372	116799		B南 L勇	75	1
588	319	63899	116913		B南 L勇	75	1
588	319	63912	117232		B南 L勇	75	1
589	319	64069	116842		Ng姊 Nha	75	1
588	319	64220	117291		B南 L勇	75	1
588	319	64081	117284		B南 L勇	75	1
588	319	52991	118487		B南 L勇	75	1
588	319	53229	118644		B南 L勇	75	1
589	319	52967	118061		Ng姊 Nha	75	1
588	319	53101	118229		B南 L勇	75	1
588	319	53547	118357		B南 L勇	75	1
588	319	53261	118345		B南 L勇	75	1
589	319	54649	118231		Ng姊 Nha	75	1
588	319	54492	117969		B南 L勇	75	1
588	319	54571	118136		B南 L勇	75	1
588	319	54730	118126		B南 L勇	75	1
588	319	54723	117815		B南 L勇	75	1
588	319	54547	117806		B南 L勇	75	1
588	319	54801	117979		B南 L勇	75	1
588	319	60245	118204		B南 L勇	75	1
589	319	60062	118757		Ng姊 Nha	75	1
588	319	60079	118342		B南 L勇	75	1
588	319	60413	118300		B南 L勇	75	1
589	319	60708	117924		Ng姊 Nha	75	1
588	319	60630	117829		B南 L勇	75	1
588	319	60789	117819		B南 L勇	75	1
588	319	60793	118543		B南 L勇	75	1
588	319	60871	118710		B南 L勇	75	1
588	319	60847	118380		B南 L勇	75	1
588	319	60554	118214		B南 L勇	75	1
588	319	61030	118700		B南 L勇	75	1
588	319	61102	118553		B南 L勇	75	1
588	319	61023	118388		B南 L勇	75	1
589	319	60932	118286		Ng姊 Nha	75	1
589	319	62776	117834		Ng姊 Nha	75	1
589	319	63132	118727		Ng姊 Nha	75	1
588	319	63127	118271		B南 L勇	75	1
588	319	63276	118687		B南 L勇	75	1
589	319	63465	118547		Ng姊 Nha	75	1
588	319	63364	118043		B南 L勇	75	1
588	319	63803	118502		B南 L勇	75	1
588	319	63663	118618		B南 L勇	75	1
588	319	63576	117889		B南 L勇	75	1
588	319	53146	119464		B南 L勇	75	1
589	319	53197	119087		Ng姊 Nha	75	1
588	319	53614	119700		B南 L勇	75	1
588	319	53428	119585		B南 L勇	75	1
589	319	53333	119397		Ng姊 Nha	75	1
588	319	53319	119767		B南 L勇	75	1
588	319	54212	119767		B南 L勇	75	1
589	319	54121	119665		Ng姊 Nha	75	1
588	319	54035	119759		B南 L勇	75	1
589	319	55119	119169		Ng姊 Nha	75	1
588	319	55036	119557		B南 L勇	75	1
589	319	59530	119136		Ng姊 Nha	75	1
588	319	59621	118889		B南 L勇	75	1
588	319	59777	118820		B南 L勇	75	1
589	319	59949	119020		Ng姊 Nha	75	1
588	319	60121	119022		B南 L勇	75	1
589	319	60289	119585		Ng姊 Nha	75	1
588	319	60187	119373		B南 L勇	75	1
588	319	60666	118987		B南 L勇	75	1
588	319	60457	119632		B南 L勇	75	1
588	319	60606	119364		B南 L勇	75	1
589	319	60949	118805		Ng姊 Nha	75	1
588	319	61058	119486		B南 L勇	75	1
588	319	61356	119548		B南 L勇	75	1
589	319	61646	119527		Ng姊 Nha	75	1
588	319	61489	119266		B南 L勇	75	1
588	319	61568	119432		B南 L勇	75	1
588	319	61727	119423		B南 L勇	75	1
588	319	61798	119276		B南 L勇	75	1
588	319	61720	119111		B南 L勇	75	1
589	319	61629	119009		Ng姊 Nha	75	1
588	319	61543	119103		B南 L勇	75	1
588	319	62159	119570		B南 L勇	75	1
588	319	62019	119576		B南 L勇	75	1
588	319	62260	119707		B南 L勇	75	1
588	319	62368	119161		B南 L勇	75	1
588	319	62096	119214		B南 L勇	75	1
589	319	62614	119240		Ng姊 Nha	75	1
588	319	51992	120276		B南 L勇	75	1
588	319	52156	120276		B南 L勇	75	1
589	319	52216	119814		Ng姊 Nha	75	1
588	319	51812	120318		B南 L勇	75	1
588	319	52292	120563		B南 L勇	75	1
588	319	52451	120553		B南 L勇	75	1
588	319	52395	120076		B南 L勇	75	1
588	319	53102	119808		B南 L勇	75	1
588	319	53637	120396		B南 L勇	75	1
588	319	53497	119940		B南 L勇	75	1
589	319	53343	120086		Ng姊 Nha	75	1
588	319	53686	120675		B南 L勇	75	1
588	319	53671	120091		B南 L勇	75	1
588	319	53868	120241		B南 L勇	75	1
589	319	54138	120183		Ng姊 Nha	75	1
588	319	53981	119922		B南 L勇	75	1
588	319	54060	120088		B南 L勇	75	1
588	319	54219	120079		B南 L勇	75	1
588	319	53897	120692		B南 L勇	75	1
589	319	53778	119992		Ng姊 Nha	75	1
588	319	54088	120628		B南 L勇	75	1
588	319	54234	120712		B南 L勇	75	1
588	319	54290	119932		B南 L勇	75	1
588	319	54746	120666		B南 L勇	75	1
588	319	54603	120417		B南 L勇	75	1
589	319	54532	120733		Ng姊 Nha	75	1
588	319	54328	120363		B南 L勇	75	1
588	319	55164	119954		B南 L勇	75	1
588	319	54969	120061		B南 L勇	75	1
588	319	55726	120240		B南 L勇	75	1
588	319	55538	120345		B南 L勇	75	1
588	319	55371	120052		B南 L勇	75	1
589	319	55841	120062		Ng姊 Nha	75	1
588	319	59715	120040		B南 L勇	75	1
588	319	59869	120141		B南 L勇	75	1
589	319	60147	120085		Ng姊 Nha	75	1
588	319	60329	120022		B南 L勇	75	1
588	319	60401	120317		B南 L勇	75	1
588	319	60583	120011		B南 L勇	75	1
589	319	60817	119832		Ng姊 Nha	75	1
588	319	60838	120167		B南 L勇	75	1
588	319	61038	119893		B南 L勇	75	1
589	319	61138	120339		Ng姊 Nha	75	1
588	319	61161	119993		B南 L勇	75	1
588	319	61432	120132		B南 L勇	75	1
588	319	61621	120562		B南 L勇	75	1
588	319	61845	120635		B南 L勇	75	1
588	319	61725	120188		B南 L勇	75	1
588	319	61943	120299		B南 L勇	75	1
589	319	61965	120030		Ng姊 Nha	75	1
588	319	62303	120263		B南 L勇	75	1
588	319	62145	120430		B南 L勇	75	1
589	319	62178	119978		Ng姊 Nha	75	1
588	319	62463	120066		B南 L勇	75	1
589	319	52499	120978		Ng姊 Nha	75	1
589	319	53991	121038		Ng姊 Nha	75	1
589	319	54413	120979		Ng姊 Nha	75	1
588	319	54608	120949		B南 L勇	75	1
589	319	61978	120873		Ng姊 Nha	75	1