NpcID	MapID	PosX	PosY	ScriptFile	NpcName	Level	IsLoad
592	320	36191	72512		XÝch Ch­ëng	85	1
593	320	36692	72671		TuyÕt  ¶nh 	85	1
592	320	36993	72418		XÝch Ch­ëng	85	1
593	320	37481	72603		TuyÕt  ¶nh 	85	1
590	320	38639	72581		§«ng B¾c Hæ 	85	1
591	320	38716	72468		§éc Bé 	85	1
593	320	38949	72249		TuyÕt  ¶nh 	85	1
593	320	39096	72521		TuyÕt  ¶nh 	85	1
591	320	39722	72279		§éc Bé 	85	1
591	320	40085	72432		§éc Bé 	85	1
593	320	40318	72213		TuyÕt  ¶nh 	85	1
592	320	40214	72682		XÝch Ch­ëng	85	1
593	320	40196	72357		TuyÕt  ¶nh 	85	1
593	320	39954	72061		TuyÕt  ¶nh 	85	1
593	320	40559	72509		TuyÕt  ¶nh 	85	1
591	320	41009	72315		§éc Bé 	85	1
593	320	41242	72096		TuyÕt  ¶nh 	85	1
593	320	41483	72392		TuyÕt  ¶nh 	85	1
593	320	42234	72633		TuyÕt  ¶nh 	85	1
591	320	42321	72192		§éc Bé 	85	1
592	320	42813	72594		XÝch Ch­ëng	85	1
593	320	42795	72269		TuyÕt  ¶nh 	85	1
593	320	42553	71973		TuyÕt  ¶nh 	85	1
592	320	43163	72636		XÝch Ch­ëng	85	1
591	320	45497	72610		§éc Bé 	85	1
592	320	45230	72395		XÝch Ch­ëng	85	1
593	320	45830	72475		TuyÕt  ¶nh 	85	1
593	320	46193	72500		TuyÕt  ¶nh 	85	1
591	320	46450	72250		§éc Bé 	85	1
592	320	46184	72035		XÝch Ch­ëng	85	1
593	320	46616	72554		TuyÕt  ¶nh 	85	1
593	320	46783	72114		TuyÕt  ¶nh 	85	1
592	320	47193	72603		XÝch Ch­ëng	85	1
593	320	48108	72562		TuyÕt  ¶nh 	85	1
591	320	47726	72418		§éc Bé 	85	1
593	320	47619	72545		TuyÕt  ¶nh 	85	1
592	320	48645	72524		XÝch Ch­ëng	85	1
591	320	49108	72643		§éc Bé 	85	1
593	320	49353	72335		TuyÕt  ¶nh 	85	1
593	320	36103	73381		TuyÕt  ¶nh 	85	1
591	320	36397	73007		§éc Bé 	85	1
593	320	36606	73401		TuyÕt  ¶nh 	85	1
593	320	36879	73053		TuyÕt  ¶nh 	85	1
593	320	37480	73059		TuyÕt  ¶nh 	85	1
591	320	37707	73515		§éc Bé 	85	1
592	320	37885	73281		XÝch Ch­ëng	85	1
590	320	38122	73253		§«ng B¾c Hæ 	85	1
591	320	38205	72788		§éc Bé 	85	1
592	320	38617	73187		XÝch Ch­ëng	85	1
591	320	38726	72860		§éc Bé 	85	1
593	320	38457	72850		TuyÕt  ¶nh 	85	1
592	320	38531	73624		XÝch Ch­ëng	85	1
591	320	39147	73437		§éc Bé 	85	1
593	320	39341	73369		TuyÕt  ¶nh 	85	1
592	320	39364	73072		XÝch Ch­ëng	85	1
592	320	39248	72960		XÝch Ch­ëng	85	1
591	320	39832	73658		§éc Bé 	85	1
590	320	39514	73195		§«ng B¾c Hæ 	85	1
591	320	39600	73473		§éc Bé 	85	1
590	320	40198	73416		§«ng B¾c Hæ 	85	1
591	320	40285	73695		§éc Bé 	85	1
593	320	40016	73685		TuyÕt  ¶nh 	85	1
592	320	39946	73286		XÝch Ch­ëng	85	1
592	320	40577	72834		XÝch Ch­ëng	85	1
591	320	40785	72981		§éc Bé 	85	1
591	320	40619	73608		§éc Bé 	85	1
593	320	40852	73389		TuyÕt  ¶nh 	85	1
592	320	41277	73384		XÝch Ch­ëng	85	1
593	320	41259	73058		TuyÕt  ¶nh 	85	1
593	320	41018	72762		TuyÕt  ¶nh 	85	1
593	320	41093	73686		TuyÕt  ¶nh 	85	1
592	320	41501	72717		XÝch Ch­ëng	85	1
591	320	41577	73409		§éc Bé 	85	1
593	320	41810	73190		TuyÕt  ¶nh 	85	1
593	320	41655	73650		TuyÕt  ¶nh 	85	1
592	320	42493	73254		XÝch Ch­ëng	85	1
593	320	42475	72929		TuyÕt  ¶nh 	85	1
591	320	42001	72852		§éc Bé 	85	1
591	320	42404	73159		§éc Bé 	85	1
593	320	42051	73486		TuyÕt  ¶nh 	85	1
592	320	42048	73693		XÝch Ch­ëng	85	1
592	320	42896	73561		XÝch Ch­ëng	85	1
593	320	42878	73236		TuyÕt  ¶nh 	85	1
593	320	42637	72940		TuyÕt  ¶nh 	85	1
593	320	42592	73516		TuyÕt  ¶nh 	85	1
592	320	43393	73372		XÝch Ch­ëng	85	1
591	320	43501	73045		§éc Bé 	85	1
590	320	43021	73354		§«ng B¾c Hæ 	85	1
591	320	43048	73008		§éc Bé 	85	1
593	320	43233	73035		TuyÕt  ¶nh 	85	1
590	320	43376	72904		§«ng B¾c Hæ 	85	1
591	320	44942	73558		§éc Bé 	85	1
590	320	45308	73316		§«ng B¾c Hæ 	85	1
591	320	45395	73595		§éc Bé 	85	1
593	320	45126	73585		TuyÕt  ¶nh 	85	1
592	320	45056	73186		XÝch Ch­ëng	85	1
593	320	45239	72861		TuyÕt  ¶nh 	85	1
593	320	45663	72915		TuyÕt  ¶nh 	85	1
592	320	46272	73510		XÝch Ch­ëng	85	1
591	320	46562	73028		§éc Bé 	85	1
592	320	46939	73363		XÝch Ch­ëng	85	1
592	320	47054	73430		XÝch Ch­ëng	85	1
593	320	47036	73105		TuyÕt  ¶nh 	85	1
593	320	46794	72809		TuyÕt  ¶nh 	85	1
593	320	47303	73138		TuyÕt  ¶nh 	85	1
591	320	47386	72764		§éc Bé 	85	1
593	320	47712	73609		TuyÕt  ¶nh 	85	1
593	320	47813	73180		TuyÕt  ¶nh 	85	1
592	320	47878	73166		XÝch Ch­ëng	85	1
593	320	47860	72841		TuyÕt  ¶nh 	85	1
591	320	48187	73590		§éc Bé 	85	1
593	320	48420	73371		TuyÕt  ¶nh 	85	1
593	320	48802	73244		TuyÕt  ¶nh 	85	1
593	320	48661	73667		TuyÕt  ¶nh 	85	1
591	320	48849	73516		§éc Bé 	85	1
593	320	49052	73149		TuyÕt  ¶nh 	85	1
592	320	49652	72967		XÝch Ch­ëng	85	1
593	320	49217	73036		TuyÕt  ¶nh 	85	1
593	320	49270	73515		TuyÕt  ¶nh 	85	1
591	320	50009	73024		§éc Bé 	85	1
593	320	49680	73553		TuyÕt  ¶nh 	85	1
593	320	49901	73363		TuyÕt  ¶nh 	85	1
593	320	36072	74680		TuyÕt  ¶nh 	85	1
592	320	36005	74275		XÝch Ch­ëng	85	1
593	320	36801	74317		TuyÕt  ¶nh 	85	1
591	320	36413	73966		§éc Bé 	85	1
593	320	36431	74544		TuyÕt  ¶nh 	85	1
592	320	37337	73857		XÝch Ch­ëng	85	1
593	320	37295	74737		TuyÕt  ¶nh 	85	1
591	320	37416	74293		§éc Bé 	85	1
590	320	38342	74377		§«ng B¾c Hæ 	85	1
591	320	38369	74031		§éc Bé 	85	1
593	320	38145	74055		TuyÕt  ¶nh 	85	1
590	320	38735	73790		§«ng B¾c Hæ 	85	1
593	320	38553	74058		TuyÕt  ¶nh 	85	1
592	320	38635	74271		XÝch Ch­ëng	85	1
591	320	38809	74129		§éc Bé 	85	1
590	320	39192	73739		§«ng B¾c Hæ 	85	1
590	320	39805	74004		§«ng B¾c Hæ 	85	1
592	320	39545	73919		XÝch Ch­ëng	85	1
590	320	40264	74719		§«ng B¾c Hæ 	85	1
592	320	40012	74589		XÝch Ch­ëng	85	1
592	320	40292	74176		XÝch Ch­ëng	85	1
591	320	40706	74608		§éc Bé 	85	1
591	320	40911	74694		§éc Bé 	85	1
592	320	41111	74011		XÝch Ch­ëng	85	1
593	320	41143	74475		TuyÕt  ¶nh 	85	1
591	320	41454	73781		§éc Bé 	85	1
591	320	41630	74640		§éc Bé 	85	1
593	320	41679	74313		TuyÕt  ¶nh 	85	1
592	320	41929	74450		XÝch Ch­ëng	85	1
591	320	42359	73735		§éc Bé 	85	1
591	320	42486	74525		§éc Bé 	85	1
593	320	42002	74177		TuyÕt  ¶nh 	85	1
593	320	42010	74722		TuyÕt  ¶nh 	85	1
591	320	42915	74468		§éc Bé 	85	1
592	320	42851	74137		XÝch Ch­ëng	85	1
593	320	42833	73812		TuyÕt  ¶nh 	85	1
593	320	42960	74602		TuyÕt  ¶nh 	85	1
593	320	42719	74306		TuyÕt  ¶nh 	85	1
591	320	43368	74505		§éc Bé 	85	1
593	320	43100	74495		TuyÕt  ¶nh 	85	1
592	320	43466	73797		XÝch Ch­ëng	85	1
590	320	43339	74169		§«ng B¾c Hæ 	85	1
590	320	44915	73904		§«ng B¾c Hæ 	85	1
592	320	45286	73923		XÝch Ch­ëng	85	1
592	320	45353	74291		XÝch Ch­ëng	85	1
593	320	45472	74682		TuyÕt  ¶nh 	85	1
590	320	45670	74428		§«ng B¾c Hæ 	85	1
591	320	45937	74433		§éc Bé 	85	1
591	320	46207	73878		§éc Bé 	85	1
590	320	46382	74461		§«ng B¾c Hæ 	85	1
593	320	47085	74514		TuyÕt  ¶nh 	85	1
591	320	46976	74117		§éc Bé 	85	1
592	320	46651	74558		XÝch Ch­ëng	85	1
590	320	46919	73793		§«ng B¾c Hæ 	85	1
593	320	46702	73861		TuyÕt  ¶nh 	85	1
591	320	47297	74011		§éc Bé 	85	1
593	320	47417	74573		TuyÕt  ¶nh 	85	1
592	320	47749	74223		XÝch Ch­ëng	85	1
591	320	47941	74643		§éc Bé 	85	1
593	320	48291	74656		TuyÕt  ¶nh 	85	1
593	320	48311	73926		TuyÕt  ¶nh 	85	1
592	320	49139	74030		XÝch Ch­ëng	85	1
593	320	48915	74222		TuyÕt  ¶nh 	85	1
592	320	48662	74748		XÝch Ch­ëng	85	1
592	320	48679	73993		XÝch Ch­ëng	85	1
593	320	49614	74507		TuyÕt  ¶nh 	85	1
591	320	49355	74413		§éc Bé 	85	1
592	320	49341	73919		XÝch Ch­ëng	85	1
593	320	49682	73800		TuyÕt  ¶nh 	85	1
592	320	35993	75384		XÝch Ch­ëng	85	1
593	320	36101	75714		TuyÕt  ¶nh 	85	1
591	320	36549	75344		§éc Bé 	85	1
593	320	36907	75257		TuyÕt  ¶nh 	85	1
592	320	37850	75581		XÝch Ch­ëng	85	1
593	320	37667	75144		TuyÕt  ¶nh 	85	1
591	320	38261	75495		§éc Bé 	85	1
593	320	38572	75650		TuyÕt  ¶nh 	85	1
591	320	38766	75256		§éc Bé 	85	1
590	320	39173	75512		§«ng B¾c Hæ 	85	1
592	320	38921	75382		XÝch Ch­ëng	85	1
590	320	39871	75307		§«ng B¾c Hæ 	85	1
591	320	39674	75286		§éc Bé 	85	1
592	320	40242	75325		XÝch Ch­ëng	85	1
593	320	40082	74988		TuyÕt  ¶nh 	85	1
590	320	40418	75741		§«ng B¾c Hæ 	85	1
591	320	40770	75724		§éc Bé 	85	1
593	320	41003	75505		TuyÕt  ¶nh 	85	1
591	320	41347	75459		§éc Bé 	85	1
592	320	41403	75096		XÝch Ch­ëng	85	1
593	320	41383	74856		TuyÕt  ¶nh 	85	1
593	320	41580	75240		TuyÕt  ¶nh 	85	1
593	320	41791	75637		TuyÕt  ¶nh 	85	1
590	320	42103	75774		§«ng B¾c Hæ 	85	1
591	320	42130	75428		§éc Bé 	85	1
592	320	42245	75056		XÝch Ch­ëng	85	1
593	320	42046	75001		TuyÕt  ¶nh 	85	1
592	320	42096	74908		XÝch Ch­ëng	85	1
590	320	42888	74814		§«ng B¾c Hæ 	85	1
590	320	42507	75084		§«ng B¾c Hæ 	85	1
591	320	42594	75459		§éc Bé 	85	1
592	320	42978	74927		XÝch Ch­ëng	85	1
591	320	42869	75517		§éc Bé 	85	1
592	320	43259	74833		XÝch Ch­ëng	85	1
590	320	43445	75706		§«ng B¾c Hæ 	85	1
592	320	43193	75575		XÝch Ch­ëng	85	1
593	320	43343	75594		TuyÕt  ¶nh 	85	1
593	320	43102	75298		TuyÕt  ¶nh 	85	1
591	320	44837	75161		§éc Bé 	85	1
590	320	45061	74840		§«ng B¾c Hæ 	85	1
592	320	45576	74919		XÝch Ch­ëng	85	1
591	320	46227	75449		§éc Bé 	85	1
590	320	46861	75393		§«ng B¾c Hæ 	85	1
591	320	46948	75671		§éc Bé 	85	1
592	320	46610	75262		XÝch Ch­ëng	85	1
593	320	46710	75612		TuyÕt  ¶nh 	85	1
593	320	47429	75586		TuyÕt  ¶nh 	85	1
592	320	47273	75104		XÝch Ch­ëng	85	1
593	320	48115	75552		TuyÕt  ¶nh 	85	1
591	320	47824	75244		§éc Bé 	85	1
593	320	47645	74776		TuyÕt  ¶nh 	85	1
590	320	48498	75719		§«ng B¾c Hæ 	85	1
591	320	48490	75285		§éc Bé 	85	1
593	320	48755	75293		TuyÕt  ¶nh 	85	1
590	320	48945	74902		§«ng B¾c Hæ 	85	1
591	320	49141	75358		§éc Bé 	85	1
592	320	49019	75734		XÝch Ch­ëng	85	1
593	320	49461	74842		TuyÕt  ¶nh 	85	1
592	320	36249	76440		XÝch Ch­ëng	85	1
593	320	36556	76276		TuyÕt  ¶nh 	85	1
593	320	36756	75879		TuyÕt  ¶nh 	85	1
591	320	37356	76477		§éc Bé 	85	1
592	320	36989	76489		XÝch Ch­ëng	85	1
593	320	37691	76422		TuyÕt  ¶nh 	85	1
593	320	37954	76087		TuyÕt  ¶nh 	85	1
590	320	38779	76100		§«ng B¾c Hæ 	85	1
593	320	38429	76240		TuyÕt  ¶nh 	85	1
592	320	39151	76119		XÝch Ch­ëng	85	1
591	320	39259	75791		§éc Bé 	85	1
593	320	38991	75781		TuyÕt  ¶nh 	85	1
590	320	39788	76591		§«ng B¾c Hæ 	85	1
591	320	39815	76245		§éc Bé 	85	1
592	320	39929	75873		XÝch Ch­ëng	85	1
593	320	39438	76477		TuyÕt  ¶nh 	85	1
591	320	40357	76376		§éc Bé 	85	1
592	320	40225	76630		XÝch Ch­ëng	85	1
593	320	40115	76165		TuyÕt  ¶nh 	85	1
590	320	40742	76687		§«ng B¾c Hæ 	85	1
591	320	40769	76341		§éc Bé 	85	1
592	320	40883	75969		XÝch Ch­ëng	85	1
591	320	41336	76552		§éc Bé 	85	1
590	320	41192	76018		§«ng B¾c Hæ 	85	1
593	320	40979	76211		TuyÕt  ¶nh 	85	1
592	320	41262	76127		XÝch Ch­ëng	85	1
593	320	41244	75802		TuyÕt  ¶nh 	85	1
591	320	41671	76511		§éc Bé 	85	1
593	320	41855	76538		TuyÕt  ¶nh 	85	1
592	320	41785	76139		XÝch Ch­ëng	85	1
592	320	41839	75861		XÝch Ch­ëng	85	1
590	320	42037	76269		§«ng B¾c Hæ 	85	1
592	320	42480	75844		XÝch Ch­ëng	85	1
591	320	42346	76399		§éc Bé 	85	1
590	320	43360	76688		§«ng B¾c Hæ 	85	1
592	320	43108	76557		XÝch Ch­ëng	85	1
592	320	43423	76312		XÝch Ch­ëng	85	1
590	320	43052	76293		§«ng B¾c Hæ 	85	1
591	320	43079	75948		§éc Bé 	85	1
593	320	43263	75975		TuyÕt  ¶nh 	85	1
592	320	43361	75919		XÝch Ch­ëng	85	1
591	320	43532	75984		§éc Bé 	85	1
591	320	45031	76526		§éc Bé 	85	1
593	320	45141	76123		TuyÕt  ¶nh 	85	1
590	320	46072	76487		§«ng B¾c Hæ 	85	1
591	320	45706	76728		§éc Bé 	85	1
593	320	45890	76755		TuyÕt  ¶nh 	85	1
592	320	45724	76339		XÝch Ch­ëng	85	1
593	320	45656	76530		TuyÕt  ¶nh 	85	1
591	320	46159	76765		§éc Bé 	85	1
590	320	46390	76164		§«ng B¾c Hæ 	85	1
592	320	46839	75999		XÝch Ch­ëng	85	1
591	320	46919	76658		§éc Bé 	85	1
592	320	47501	76692		XÝch Ch­ëng	85	1
590	320	47129	76673		§«ng B¾c Hæ 	85	1
591	320	47603	76299		§éc Bé 	85	1
593	320	47366	76338		TuyÕt  ¶nh 	85	1
592	320	47328	76010		XÝch Ch­ëng	85	1
593	320	48076	76178		TuyÕt  ¶nh 	85	1
590	320	47920	76655		§«ng B¾c Hæ 	85	1
591	320	48949	76717		§éc Bé 	85	1
592	320	48682	76502		XÝch Ch­ëng	85	1
593	320	49282	76582		TuyÕt  ¶nh 	85	1
593	320	36115	77501		TuyÕt  ¶nh 	85	1
591	320	36566	76839		§éc Bé 	85	1
593	320	36765	77372		TuyÕt  ¶nh 	85	1
593	320	37356	77784		TuyÕt  ¶nh 	85	1
593	320	37024	76922		TuyÕt  ¶nh 	85	1
593	320	37654	77014		TuyÕt  ¶nh 	85	1
593	320	38899	77510		TuyÕt  ¶nh 	85	1
592	320	38811	77187		XÝch Ch­ëng	85	1
591	320	38472	77491		§éc Bé 	85	1
590	320	39191	77125		§«ng B¾c Hæ 	85	1
591	320	39109	77676		§éc Bé 	85	1
590	320	39847	77504		§«ng B¾c Hæ 	85	1
591	320	39554	77611		§éc Bé 	85	1
592	320	39464	77498		XÝch Ch­ëng	85	1
591	320	39986	77673		§éc Bé 	85	1
591	320	40606	77672		§éc Bé 	85	1
590	320	41225	77477		§«ng B¾c Hæ 	85	1
591	320	41312	77755		§éc Bé 	85	1
593	320	41044	77745		TuyÕt  ¶nh 	85	1
592	320	40974	77346		XÝch Ch­ëng	85	1
592	320	41110	76810		XÝch Ch­ëng	85	1
591	320	41966	77727		§éc Bé 	85	1
590	320	41644	76857		§«ng B¾c Hæ 	85	1
593	320	42151	77754		TuyÕt  ¶nh 	85	1
592	320	42081	77355		XÝch Ch­ëng	85	1
592	320	42015	76876		XÝch Ch­ëng	85	1
590	320	42411	77192		§«ng B¾c Hæ 	85	1
590	320	42967	77276		§«ng B¾c Hæ 	85	1
591	320	42994	76930		§éc Bé 	85	1
591	320	42632	77762		§éc Bé 	85	1
592	320	43338	77294		XÝch Ch­ëng	85	1
591	320	43447	76966		§éc Bé 	85	1
593	320	43178	76957		TuyÕt  ¶nh 	85	1
590	320	43845	77606		§«ng B¾c Hæ 	85	1
590	320	43717	77225		§«ng B¾c Hæ 	85	1
591	320	43935	77292		§éc Bé 	85	1
592	320	45451	76897		XÝch Ch­ëng	85	1
590	320	45718	77008		§«ng B¾c Hæ 	85	1
590	320	46050	77564		§«ng B¾c Hæ 	85	1
592	320	45991	77044		XÝch Ch­ëng	85	1
591	320	46494	77023		§éc Bé 	85	1
591	320	46268	77631		§éc Bé 	85	1
593	320	46968	77100		TuyÕt  ¶nh 	85	1
593	320	46727	76804		TuyÕt  ¶nh 	85	1
592	320	47069	77452		XÝch Ch­ëng	85	1
591	320	47515	77647		§éc Bé 	85	1
592	320	47301	77612		XÝch Ch­ëng	85	1
593	320	47847	77512		TuyÕt  ¶nh 	85	1
591	320	48443	77757		§éc Bé 	85	1
592	320	48176	77542		XÝch Ch­ëng	85	1
593	320	48776	77621		TuyÕt  ¶nh 	85	1
593	320	49115	77022		TuyÕt  ¶nh 	85	1
593	320	48691	76968		TuyÕt  ¶nh 	85	1
592	320	50002	77315		XÝch Ch­ëng	85	1
591	320	49922	77279		§éc Bé 	85	1
593	320	50154	77060		TuyÕt  ¶nh 	85	1
590	320	50395	77031		§«ng B¾c Hæ 	85	1
591	320	50566	77804		§éc Bé 	85	1
593	320	50191	77706		TuyÕt  ¶nh 	85	1
592	320	50414	77681		XÝch Ch­ëng	85	1
593	320	50396	77356		TuyÕt  ¶nh 	85	1
592	320	36234	78132		XÝch Ch­ëng	85	1
593	320	36765	78170		TuyÕt  ¶nh 	85	1
591	320	36723	77849		§éc Bé 	85	1
593	320	37175	78204		TuyÕt  ¶nh 	85	1
591	320	38063	78645		§éc Bé 	85	1
593	320	38247	78672		TuyÕt  ¶nh 	85	1
592	320	38177	78273		XÝch Ch­ëng	85	1
592	320	38911	77989		XÝch Ch­ëng	85	1
590	320	38429	78404		§«ng B¾c Hæ 	85	1
590	320	38576	78263		§«ng B¾c Hæ 	85	1
591	320	38776	78631		§éc Bé 	85	1
593	320	39319	78824		TuyÕt  ¶nh 	85	1
592	320	39249	78425		XÝch Ch­ëng	85	1
590	320	39454	78091		§«ng B¾c Hæ 	85	1
590	320	39500	78555		§«ng B¾c Hæ 	85	1
591	320	39587	78834		§éc Bé 	85	1
592	320	39832	78220		XÝch Ch­ëng	85	1
590	320	40832	78064		§«ng B¾c Hæ 	85	1
592	320	41203	78083		XÝch Ch­ëng	85	1
590	320	41939	78073		§«ng B¾c Hæ 	85	1
592	320	41935	78775		XÝch Ch­ëng	85	1
592	320	42310	78092		XÝch Ch­ëng	85	1
590	320	42954	78651		§«ng B¾c Hæ 	85	1
592	320	42789	78631		XÝch Ch­ëng	85	1
590	320	43947	78743		§«ng B¾c Hæ 	85	1
590	320	43819	78362		§«ng B¾c Hæ 	85	1
591	320	44037	78429		§éc Bé 	85	1
593	320	45889	78770		TuyÕt  ¶nh 	85	1
592	320	45662	78006		XÝch Ch­ëng	85	1
591	320	46122	78313		§éc Bé 	85	1
593	320	46394	78170		TuyÕt  ¶nh 	85	1
590	320	46178	77945		§«ng B¾c Hæ 	85	1
593	320	46181	78699		TuyÕt  ¶nh 	85	1
593	320	47310	77904		TuyÕt  ¶nh 	85	1
593	320	47691	77942		TuyÕt  ¶nh 	85	1
593	320	48609	78061		TuyÕt  ¶nh 	85	1
593	320	48185	78007		TuyÕt  ¶nh 	85	1
591	320	49790	78800		§éc Bé 	85	1
590	320	50055	78221		§«ng B¾c Hæ 	85	1
591	320	49815	78079		§éc Bé 	85	1
590	320	50528	78706		§«ng B¾c Hæ 	85	1
592	320	50226	78533		XÝch Ch­ëng	85	1
592	320	50570	78284		XÝch Ch­ëng	85	1
593	320	36163	79482		TuyÕt  ¶nh 	85	1
592	320	36018	78859		XÝch Ch­ëng	85	1
591	320	36435	79053		§éc Bé 	85	1
593	320	36846	78954		TuyÕt  ¶nh 	85	1
593	320	36751	79498		TuyÕt  ¶nh 	85	1
591	320	37345	79324		§éc Bé 	85	1
593	320	37303	79832		TuyÕt  ¶nh 	85	1
592	320	37660	78925		XÝch Ch­ëng	85	1
592	320	38029	79826		XÝch Ch­ëng	85	1
590	320	38036	78991		§«ng B¾c Hæ 	85	1
590	320	37915	79369		§«ng B¾c Hæ 	85	1
592	320	38414	79143		XÝch Ch­ëng	85	1
590	320	39107	79143		§«ng B¾c Hæ 	85	1
591	320	39171	78950		§éc Bé 	85	1
591	320	39708	79803		§éc Bé 	85	1
592	320	39822	79431		XÝch Ch­ëng	85	1
592	320	39478	79162		XÝch Ch­ëng	85	1
590	320	40372	79046		§«ng B¾c Hæ 	85	1
593	320	40015	79784		TuyÕt  ¶nh 	85	1
590	320	40905	79725		§«ng B¾c Hæ 	85	1
592	320	41276	79744		XÝch Ch­ëng	85	1
590	320	41298	79138		§«ng B¾c Hæ 	85	1
593	320	41116	79406		TuyÕt  ¶nh 	85	1
591	320	40981	79359		§éc Bé 	85	1
592	320	41041	79135		XÝch Ch­ëng	85	1
590	320	41793	79493		§«ng B¾c Hæ 	85	1
591	320	41643	79819		§éc Bé 	85	1
591	320	41636	78890		§éc Bé 	85	1
593	320	41890	79147		TuyÕt  ¶nh 	85	1
590	320	42186	78906		§«ng B¾c Hæ 	85	1
592	320	42184	79598		XÝch Ch­ëng	85	1
592	320	42932	79258		XÝch Ch­ëng	85	1
591	320	42588	78893		§éc Bé 	85	1
593	320	42772	78920		TuyÕt  ¶nh 	85	1
591	320	42575	79622		§éc Bé 	85	1
590	320	42649	79198		§«ng B¾c Hæ 	85	1
591	320	43041	78930		§éc Bé 	85	1
590	320	44587	79811		§«ng B¾c Hæ 	85	1
593	320	46401	79723		TuyÕt  ¶nh 	85	1
592	320	46306	79134		XÝch Ch­ëng	85	1
593	320	46825	79777		TuyÕt  ¶nh 	85	1
593	320	46992	79337		TuyÕt  ¶nh 	85	1
591	320	46719	79575		§éc Bé 	85	1
592	320	47550	79635		XÝch Ch­ëng	85	1
593	320	48092	79632		TuyÕt  ¶nh 	85	1
591	320	47759	79767		§éc Bé 	85	1
590	320	49011	79862		§«ng B¾c Hæ 	85	1
590	320	49854	79748		§«ng B¾c Hæ 	85	1
593	320	50158	79035		TuyÕt  ¶nh 	85	1
591	320	50375	78941		§éc Bé 	85	1
592	320	50355	79521		XÝch Ch­ëng	85	1
591	320	36042	80595		§éc Bé 	85	1
592	320	36101	80048		XÝch Ch­ëng	85	1
590	320	36508	80287		§«ng B¾c Hæ 	85	1
591	320	36784	80880		§éc Bé 	85	1
592	320	36891	80099		XÝch Ch­ëng	85	1
591	320	37054	80738		§éc Bé 	85	1
593	320	37262	80522		TuyÕt  ¶nh 	85	1
592	320	37762	80210		XÝch Ch­ëng	85	1
591	320	37606	79888		§éc Bé 	85	1
590	320	37523	80302		§«ng B¾c Hæ 	85	1
592	320	38259	80563		XÝch Ch­ëng	85	1
590	320	38281	79957		§«ng B¾c Hæ 	85	1
591	320	38368	80235		§éc Bé 	85	1
590	320	37888	80544		§«ng B¾c Hæ 	85	1
591	320	37915	80198		§éc Bé 	85	1
593	320	38099	80225		TuyÕt  ¶nh 	85	1
591	320	38707	80693		§éc Bé 	85	1
592	320	38822	80321		XÝch Ch­ëng	85	1
590	320	39073	80452		§«ng B¾c Hæ 	85	1
591	320	39160	80730		§éc Bé 	85	1
593	320	39038	79951		TuyÕt  ¶nh 	85	1
590	320	39681	80149		§«ng B¾c Hæ 	85	1
592	320	40052	80167		XÝch Ch­ëng	85	1
591	320	40248	80073		§éc Bé 	85	1
591	320	44317	80187		§éc Bé 	85	1
590	320	44371	80541		§«ng B¾c Hæ 	85	1
590	320	44126	79880		§«ng B¾c Hæ 	85	1
590	320	44715	80192		§«ng B¾c Hæ 	85	1
591	320	44805	79878		§éc Bé 	85	1
592	320	46111	80516		XÝch Ch­ëng	85	1
591	320	46466	80514		§éc Bé 	85	1
593	320	46703	80448		TuyÕt  ¶nh 	85	1
593	320	47501	80017		TuyÕt  ¶nh 	85	1
592	320	47216	80498		XÝch Ch­ëng	85	1
591	320	47404	80779		§éc Bé 	85	1
593	320	47925	80072		TuyÕt  ¶nh 	85	1
593	320	47815	80578		TuyÕt  ¶nh 	85	1
591	320	48523	80135		§éc Bé 	85	1
590	320	48517	80517		§«ng B¾c Hæ 	85	1
592	320	48431	80871		XÝch Ch­ëng	85	1
592	320	48712	79892		XÝch Ch­ëng	85	1
593	320	48823	80262		TuyÕt  ¶nh 	85	1
591	320	49134	80279		§éc Bé 	85	1
592	320	49010	80637		XÝch Ch­ëng	85	1
592	320	49989	80322		XÝch Ch­ëng	85	1
591	320	49720	80813		§éc Bé 	85	1
593	320	49996	80792		TuyÕt  ¶nh 	85	1
593	320	50234	80660		TuyÕt  ¶nh 	85	1
590	320	50389	80041		§«ng B¾c Hæ 	85	1
590	320	36025	81327		§«ng B¾c Hæ 	85	1
592	320	36364	81775		XÝch Ch­ëng	85	1
592	320	36699	81413		XÝch Ch­ëng	85	1
593	320	36389	81089		TuyÕt  ¶nh 	85	1
591	320	37757	81501		§éc Bé 	85	1
590	320	37721	81255		§«ng B¾c Hæ 	85	1
592	320	37377	80990		XÝch Ch­ëng	85	1
591	320	38285	81576		§éc Bé 	85	1
590	320	37949	81104		§«ng B¾c Hæ 	85	1
592	320	38397	81360		XÝch Ch­ëng	85	1
590	320	38680	81039		§«ng B¾c Hæ 	85	1
590	320	38651	81335		§«ng B¾c Hæ 	85	1
591	320	38738	81613		§éc Bé 	85	1
592	320	39051	81058		XÝch Ch­ëng	85	1
591	320	42444	81180		§éc Bé 	85	1
592	320	42172	80970		XÝch Ch­ëng	85	1
593	320	42034	81580		TuyÕt  ¶nh 	85	1
593	320	42830	81202		TuyÕt  ¶nh 	85	1
593	320	42771	81574		TuyÕt  ¶nh 	85	1
590	320	44656	81514		§«ng B¾c Hæ 	85	1
591	320	44820	81252		§éc Bé 	85	1
590	320	44588	81262		§«ng B¾c Hæ 	85	1
593	320	44699	81873		TuyÕt  ¶nh 	85	1
590	320	45277	81406		§«ng B¾c Hæ 	85	1
590	320	45149	81024		§«ng B¾c Hæ 	85	1
591	320	45367	81092		§éc Bé 	85	1
590	320	45852	81912		§«ng B¾c Hæ 	85	1
592	320	45639	81882		XÝch Ch­ëng	85	1
593	320	46177	80948		TuyÕt  ¶nh 	85	1
593	320	46685	81031		TuyÕt  ¶nh 	85	1
593	320	47225	80963		TuyÕt  ¶nh 	85	1
593	320	47678	81250		TuyÕt  ¶nh 	85	1
591	320	48408	81190		§éc Bé 	85	1
590	320	48168	81463		§«ng B¾c Hæ 	85	1
590	320	48683	81054		§«ng B¾c Hæ 	85	1
591	320	48823	81292		§éc Bé 	85	1
593	320	48733	81612		TuyÕt  ¶nh 	85	1
590	320	49886	81560		§«ng B¾c Hæ 	85	1
591	320	50084	81210		§éc Bé 	85	1
591	320	49763	81011		§éc Bé 	85	1
592	320	50257	81579		XÝch Ch­ëng	85	1
592	320	50255	81413		XÝch Ch­ëng	85	1
593	320	50237	81088		TuyÕt  ¶nh 	85	1
590	320	36017	82633		§«ng B¾c Hæ 	85	1
591	320	36070	82240		§éc Bé 	85	1
590	320	36320	82159		§«ng B¾c Hæ 	85	1
593	320	36389	82502		TuyÕt  ¶nh 	85	1
590	320	38258	81922		§«ng B¾c Hæ 	85	1
592	320	38680	82055		XÝch Ch­ëng	85	1
593	320	38440	82355		TuyÕt  ¶nh 	85	1
591	320	39905	82932		§éc Bé 	85	1
592	320	39639	82717		XÝch Ch­ëng	85	1
593	320	40155	82723		TuyÕt  ¶nh 	85	1
593	320	40447	82493		TuyÕt  ¶nh 	85	1
593	320	40931	82573		TuyÕt  ¶nh 	85	1
591	320	40765	82268		§éc Bé 	85	1
592	320	40498	82053		XÝch Ch­ëng	85	1
593	320	41098	82133		TuyÕt  ¶nh 	85	1
593	320	41697	82715		TuyÕt  ¶nh 	85	1
591	320	41955	82465		§éc Bé 	85	1
592	320	41681	82440		XÝch Ch­ëng	85	1
593	320	42120	82769		TuyÕt  ¶nh 	85	1
593	320	42276	82495		TuyÕt  ¶nh 	85	1
593	320	42735	82472		TuyÕt  ¶nh 	85	1
591	320	42993	82221		§éc Bé 	85	1
592	320	42824	81946		XÝch Ch­ëng	85	1
593	320	43159	82526		TuyÕt  ¶nh 	85	1
593	320	43326	82086		TuyÕt  ¶nh 	85	1
590	320	43899	82921		§«ng B¾c Hæ 	85	1
591	320	44024	82215		§éc Bé 	85	1
592	320	44513	82627		XÝch Ch­ëng	85	1
590	320	44535	82020		§«ng B¾c Hæ 	85	1
590	320	44142	82608		§«ng B¾c Hæ 	85	1
592	320	44222	82192		XÝch Ch­ëng	85	1
591	320	44621	82299		§éc Bé 	85	1
590	320	45430	82678		§«ng B¾c Hæ 	85	1
591	320	45265	82073		§éc Bé 	85	1
592	320	45830	82518		XÝch Ch­ëng	85	1
591	320	45939	82190		§éc Bé 	85	1
593	320	45733	82223		TuyÕt  ¶nh 	85	1
592	320	47573	82653		XÝch Ch­ëng	85	1
590	320	47825	82784		§«ng B¾c Hæ 	85	1
592	320	48779	82150		XÝch Ch­ëng	85	1
592	320	48688	82382		XÝch Ch­ëng	85	1
590	320	48738	82882		§«ng B¾c Hæ 	85	1
592	320	49900	82231		XÝch Ch­ëng	85	1
593	320	50107	82736		TuyÕt  ¶nh 	85	1
593	320	49866	82440		TuyÕt  ¶nh 	85	1
591	320	49738	82217		§éc Bé 	85	1
590	320	50331	82558		§«ng B¾c Hæ 	85	1
590	320	36639	83742		§«ng B¾c Hæ 	85	1
592	320	36364	83571		XÝch Ch­ëng	85	1
591	320	36515	83064		§éc Bé 	85	1
592	320	36612	83241		XÝch Ch­ëng	85	1
592	320	38692	83705		XÝch Ch­ëng	85	1
591	320	39088	83830		§éc Bé 	85	1
593	320	39399	83593		TuyÕt  ¶nh 	85	1
593	320	39648	83183		TuyÕt  ¶nh 	85	1
593	320	40152	83274		TuyÕt  ¶nh 	85	1
593	320	42551	83506		TuyÕt  ¶nh 	85	1
590	320	43372	83678		§«ng B¾c Hæ 	85	1
591	320	43399	83332		§éc Bé 	85	1
592	320	43478	83000		XÝch Ch­ëng	85	1
593	320	43952	83708		TuyÕt  ¶nh 	85	1
591	320	44504	83077		§éc Bé 	85	1
593	320	45001	83963		TuyÕt  ¶nh 	85	1
591	320	44697	83951		§éc Bé 	85	1
590	320	46518	83758		§«ng B¾c Hæ 	85	1
592	320	46161	83675		XÝch Ch­ëng	85	1
591	320	47459	83025		§éc Bé 	85	1
590	320	47361	83294		§«ng B¾c Hæ 	85	1
591	320	47912	83062		§éc Bé 	85	1
593	320	47706	82977		TuyÕt  ¶nh 	85	1
592	320	47819	83444		XÝch Ch­ëng	85	1
590	320	48391	83577		§«ng B¾c Hæ 	85	1
591	320	48520	83067		§éc Bé 	85	1
592	320	48824	83449		XÝch Ch­ëng	85	1
591	320	48983	83135		§éc Bé 	85	1
593	320	48774	83153		TuyÕt  ¶nh 	85	1
591	320	49872	83023		§éc Bé 	85	1
591	320	50154	83560		§éc Bé 	85	1
590	320	50419	83753		§«ng B¾c Hæ 	85	1
593	320	50253	83166		TuyÕt  ¶nh 	85	1
592	320	36103	84835		XÝch Ch­ëng	85	1
591	320	36185	84176		§éc Bé 	85	1
592	320	36855	84337		XÝch Ch­ëng	85	1
593	320	36599	84102		TuyÕt  ¶nh 	85	1
590	320	36354	84531		§«ng B¾c Hæ 	85	1
591	320	37041	84058		§éc Bé 	85	1
590	320	37750	84896		§«ng B¾c Hæ 	85	1
591	320	37777	84532		§éc Bé 	85	1
592	320	38209	84871		XÝch Ch­ëng	85	1
590	320	38244	84115		§«ng B¾c Hæ 	85	1
591	320	38366	84470		§éc Bé 	85	1
592	320	37992	84065		XÝch Ch­ëng	85	1
593	320	38724	84184		TuyÕt  ¶nh 	85	1
593	320	39248	84306		TuyÕt  ¶nh 	85	1
593	320	40393	84801		TuyÕt  ¶nh 	85	1
592	320	40384	84336		XÝch Ch­ëng	85	1
591	320	40650	84551		§éc Bé 	85	1
593	320	40853	84914		TuyÕt  ¶nh 	85	1
591	320	41433	84985		§éc Bé 	85	1
593	320	41303	84524		TuyÕt  ¶nh 	85	1
593	320	40989	84569		TuyÕt  ¶nh 	85	1
590	320	41719	84243		§«ng B¾c Hæ 	85	1
592	320	41474	84270		XÝch Ch­ëng	85	1
592	320	42370	84010		XÝch Ch­ëng	85	1
590	320	42171	84884		§«ng B¾c Hæ 	85	1
591	320	42112	84341		§éc Bé 	85	1
592	320	42619	84916		XÝch Ch­ëng	85	1
591	320	42849	84498		§éc Bé 	85	1
590	320	42607	84310		§«ng B¾c Hæ 	85	1
593	320	43067	84752		TuyÕt  ¶nh 	85	1
592	320	43058	84286		XÝch Ch­ëng	85	1
591	320	43326	84336		§éc Bé 	85	1
591	320	43741	84941		§éc Bé 	85	1
592	320	43855	84569		XÝch Ch­ëng	85	1
593	320	43657	84366		TuyÕt  ¶nh 	85	1
592	320	43828	84041		XÝch Ch­ëng	85	1
593	320	43524	84955		TuyÕt  ¶nh 	85	1
593	320	44406	84511		TuyÕt  ¶nh 	85	1
590	320	44228	84820		§«ng B¾c Hæ 	85	1
592	320	44480	84098		XÝch Ch­ëng	85	1
593	320	44830	84565		TuyÕt  ¶nh 	85	1
593	320	46336	84026		TuyÕt  ¶nh 	85	1
592	320	46457	84326		XÝch Ch­ëng	85	1
591	320	46102	84923		§éc Bé 	85	1
590	320	46107	84067		§«ng B¾c Hæ 	85	1
591	320	46656	84043		§éc Bé 	85	1
592	320	47183	84673		XÝch Ch­ëng	85	1
590	320	47449	84769		§«ng B¾c Hæ 	85	1
593	320	50077	84912		TuyÕt  ¶nh 	85	1
592	320	50071	84524		XÝch Ch­ëng	85	1
592	320	49978	83983		XÝch Ch­ëng	85	1
592	320	49829	83990		XÝch Ch­ëng	85	1
593	320	49960	84247		TuyÕt  ¶nh 	85	1
593	320	50190	84773		TuyÕt  ¶nh 	85	1
591	320	36043	85684		§éc Bé 	85	1
593	320	36240	85382		TuyÕt  ¶nh 	85	1
590	320	36509	85239		§«ng B¾c Hæ 	85	1
591	320	37281	85368		§éc Bé 	85	1
590	320	37360	85866		§«ng B¾c Hæ 	85	1
591	320	37578	85934		§éc Bé 	85	1
590	320	38066	85861		§«ng B¾c Hæ 	85	1
593	320	38057	85205		TuyÕt  ¶nh 	85	1
592	320	37915	85622		XÝch Ch­ëng	85	1
592	320	38874	85696		XÝch Ch­ëng	85	1
590	320	38503	85677		§«ng B¾c Hæ 	85	1
592	320	38599	85170		XÝch Ch­ëng	85	1
591	320	38553	85462		§éc Bé 	85	1
593	320	38777	85571		TuyÕt  ¶nh 	85	1
590	320	38927	85049		§«ng B¾c Hæ 	85	1
591	320	39092	85339		§éc Bé 	85	1
591	320	39469	85635		§éc Bé 	85	1
593	320	39654	85662		TuyÕt  ¶nh 	85	1
592	320	39584	85263		XÝch Ch­ëng	85	1
590	320	39839	85116		§«ng B¾c Hæ 	85	1
592	320	39838	85997		XÝch Ch­ëng	85	1
590	320	40284	86006		§«ng B¾c Hæ 	85	1
591	320	40311	85660		§éc Bé 	85	1
592	320	40426	85288		XÝch Ch­ëng	85	1
591	320	40029	85590		§éc Bé 	85	1
590	320	40677	85419		§«ng B¾c Hæ 	85	1
591	320	40764	85697		§éc Bé 	85	1
593	320	40495	85687		TuyÕt  ¶nh 	85	1
590	320	41406	85331		§«ng B¾c Hæ 	85	1
592	320	41777	85349		XÝch Ch­ëng	85	1
591	320	42014	85212		§éc Bé 	85	1
590	320	42864	85926		§«ng B¾c Hæ 	85	1
590	320	43714	85287		§«ng B¾c Hæ 	85	1
593	320	43962	85980		TuyÕt  ¶nh 	85	1
592	320	44530	85542		XÝch Ch­ëng	85	1
591	320	44399	84998		§éc Bé 	85	1
592	320	44120	85413		XÝch Ch­ëng	85	1
591	320	44796	85757		§éc Bé 	85	1
593	320	44585	85929		TuyÕt  ¶nh 	85	1
593	320	45129	85621		TuyÕt  ¶nh 	85	1
590	320	45954	85811		§«ng B¾c Hæ 	85	1
592	320	45598	85778		XÝch Ch­ëng	85	1
590	320	47042	85391		§«ng B¾c Hæ 	85	1
591	320	47069	85045		§éc Bé 	85	1
592	320	47413	85410		XÝch Ch­ëng	85	1
591	320	47522	85082		§éc Bé 	85	1
593	320	47240	85279		TuyÕt  ¶nh 	85	1
591	320	49713	85805		§éc Bé 	85	1
591	320	49760	85013		§éc Bé 	85	1
591	320	50265	85984		§éc Bé 	85	1
590	320	50178	85444		§«ng B¾c Hæ 	85	1
592	320	50208	85098		XÝch Ch­ëng	85	1
592	320	36121	86653		XÝch Ch­ëng	85	1
590	320	36093	86140		§«ng B¾c Hæ 	85	1
591	320	37194	86943		§éc Bé 	85	1
590	320	36886	86852		§«ng B¾c Hæ 	85	1
592	320	37129	86140		XÝch Ch­ëng	85	1
590	320	37673	86449		§«ng B¾c Hæ 	85	1
591	320	37700	86103		§éc Bé 	85	1
593	320	37885	86130		TuyÕt  ¶nh 	85	1
590	320	37488	86248		§«ng B¾c Hæ 	85	1
591	320	38153	86140		§éc Bé 	85	1
592	320	38109	86618		XÝch Ch­ëng	85	1
593	320	38872	86632		TuyÕt  ¶nh 	85	1
591	320	38576	86911		§éc Bé 	85	1
590	320	39179	86577		§«ng B¾c Hæ 	85	1
591	320	39266	86856		§éc Bé 	85	1
592	320	39059	86273		XÝch Ch­ëng	85	1
590	320	39517	86409		§«ng B¾c Hæ 	85	1
592	320	40655	86025		XÝch Ch­ëng	85	1
592	320	41511	86967		XÝch Ch­ëng	85	1
590	320	41813	87033		§«ng B¾c Hæ 	85	1
592	320	42206	86090		XÝch Ch­ëng	85	1
593	320	42413	86627		TuyÕt  ¶nh 	85	1
590	320	42043	86999		§«ng B¾c Hæ 	85	1
591	320	42221	86605		§éc Bé 	85	1
592	320	42487	87018		XÝch Ch­ëng	85	1
591	320	42635	86678		§éc Bé 	85	1
592	320	42642	86881		XÝch Ch­ëng	85	1
593	320	42987	86945		TuyÕt  ¶nh 	85	1
591	320	43711	86770		§éc Bé 	85	1
592	320	43825	86398		XÝch Ch­ëng	85	1
593	320	43923	86777		TuyÕt  ¶nh 	85	1
590	320	44072	86378		§«ng B¾c Hæ 	85	1
593	320	44962	86061		TuyÕt  ¶nh 	85	1
592	320	45170	86945		XÝch Ch­ëng	85	1
590	320	45295	86345		§«ng B¾c Hæ 	85	1
591	320	45463	86093		§éc Bé 	85	1
592	320	45768	86477		XÝch Ch­ëng	85	1
591	320	45877	86149		§éc Bé 	85	1
590	320	45851	86978		§«ng B¾c Hæ 	85	1
593	320	45700	86151		TuyÕt  ¶nh 	85	1
591	320	46502	86673		§éc Bé 	85	1
592	320	46846	87038		XÝch Ch­ëng	85	1
590	320	46868	86431		§«ng B¾c Hæ 	85	1
591	320	46955	86710		§éc Bé 	85	1
593	320	46686	86700		TuyÕt  ¶nh 	85	1
592	320	46653	86169		XÝch Ch­ëng	85	1
590	320	48460	86995		§«ng B¾c Hæ 	85	1
592	320	48190	86707		XÝch Ch­ëng	85	1
590	320	48930	86827		§«ng B¾c Hæ 	85	1
591	320	49149	86894		§éc Bé 	85	1
590	320	49791	86636		§«ng B¾c Hæ 	85	1
592	320	50327	86801		XÝch Ch­ëng	85	1
590	320	36170	87503		§«ng B¾c Hæ 	85	1
592	320	35984	87851		XÝch Ch­ëng	85	1
591	320	36073	87087		§éc Bé 	85	1
592	320	36541	87521		XÝch Ch­ëng	85	1
593	320	36382	87184		TuyÕt  ¶nh 	85	1
590	320	37165	87717		§«ng B¾c Hæ 	85	1
592	320	37557	87125		XÝch Ch­ëng	85	1
592	320	37885	87971		XÝch Ch­ëng	85	1
590	320	37822	87374		§«ng B¾c Hæ 	85	1
591	320	37505	87552		§éc Bé 	85	1
591	320	37897	87590		§éc Bé 	85	1
590	320	38763	87941		§«ng B¾c Hæ 	85	1
592	320	38511	87810		XÝch Ch­ëng	85	1
590	320	38560	87261		§«ng B¾c Hæ 	85	1
592	320	39164	87256		XÝch Ch­ëng	85	1
590	320	39193	87661		§«ng B¾c Hæ 	85	1
592	320	39893	87186		XÝch Ch­ëng	85	1
590	320	39609	87641		§«ng B¾c Hæ 	85	1
591	320	39770	87343		§éc Bé 	85	1
590	320	40145	87316		§«ng B¾c Hæ 	85	1
591	320	40343	87822		§éc Bé 	85	1
593	320	40057	87522		TuyÕt  ¶nh 	85	1
592	320	40059	87983		XÝch Ch­ëng	85	1
590	320	41369	87685		§«ng B¾c Hæ 	85	1
591	320	41396	87340		§éc Bé 	85	1
592	320	41740	87704		XÝch Ch­ëng	85	1
591	320	41849	87376		§éc Bé 	85	1
593	320	41605	87508		TuyÕt  ¶nh 	85	1
591	320	42535	87355		§éc Bé 	85	1
590	320	42559	87722		§«ng B¾c Hæ 	85	1
592	320	42928	88038		XÝch Ch­ëng	85	1
591	320	43095	87709		§éc Bé 	85	1
590	320	43076	87184		§«ng B¾c Hæ 	85	1
590	320	43684	87116		§«ng B¾c Hæ 	85	1
592	320	43815	87974		XÝch Ch­ëng	85	1
591	320	44039	87966		§éc Bé 	85	1
593	320	44223	87993		TuyÕt  ¶nh 	85	1
592	320	44153	87594		XÝch Ch­ëng	85	1
590	320	44393	87380		§«ng B¾c Hæ 	85	1
591	320	44200	87158		§éc Bé 	85	1
590	320	45028	87663		§«ng B¾c Hæ 	85	1
591	320	45055	87317		§éc Bé 	85	1
591	320	44841	87863		§éc Bé 	85	1
591	320	45508	87354		§éc Bé 	85	1
593	320	45240	87344		TuyÕt  ¶nh 	85	1
592	320	45434	87821		XÝch Ch­ëng	85	1
590	320	46460	87106		§«ng B¾c Hæ 	85	1
590	320	48038	87753		§«ng B¾c Hæ 	85	1
591	320	47915	87252		§éc Bé 	85	1
591	320	48547	87273		§éc Bé 	85	1
593	320	48288	87105		TuyÕt  ¶nh 	85	1
592	320	48407	87692		XÝch Ch­ëng	85	1
590	320	49059	87208		§«ng B¾c Hæ 	85	1
591	320	49648	87972		§éc Bé 	85	1
592	320	49996	87307		XÝch Ch­ëng	85	1
592	320	36281	88769		XÝch Ch­ëng	85	1
591	320	36345	88223		§éc Bé 	85	1
590	320	35921	88665		§«ng B¾c Hæ 	85	1
590	320	36579	89050		§«ng B¾c Hæ 	85	1
593	320	36549	88219		TuyÕt  ¶nh 	85	1
591	320	37113	88231		§éc Bé 	85	1
592	320	37303	88841		XÝch Ch­ëng	85	1
590	320	37871	89038		§«ng B¾c Hæ 	85	1
590	320	37561	88358		§«ng B¾c Hæ 	85	1
593	320	37873	88495		TuyÕt  ¶nh 	85	1
591	320	38397	88182		§éc Bé 	85	1
590	320	38298	88667		§«ng B¾c Hæ 	85	1
593	320	38624	88112		TuyÕt  ¶nh 	85	1
591	320	38888	88300		§éc Bé 	85	1
592	320	39192	89036		XÝch Ch­ëng	85	1
591	320	39387	88394		§éc Bé 	85	1
590	320	39272	88667		§«ng B¾c Hæ 	85	1
592	320	38928	88779		XÝch Ch­ëng	85	1
592	320	39897	88073		XÝch Ch­ëng	85	1
593	320	39764	88128		TuyÕt  ¶nh 	85	1
592	320	39952	88863		XÝch Ch­ëng	85	1
591	320	39977	88410		§éc Bé 	85	1
590	320	40831	88602		§«ng B¾c Hæ 	85	1
593	320	40649	88870		TuyÕt  ¶nh 	85	1
592	320	40577	88366		XÝch Ch­ëng	85	1
591	320	40532	88985		§éc Bé 	85	1
591	320	41003	88819		§éc Bé 	85	1
591	320	41226	88573		§éc Bé 	85	1
593	320	41917	88808		TuyÕt  ¶nh 	85	1
590	320	41558	89040		§«ng B¾c Hæ 	85	1
592	320	41767	88319		XÝch Ch­ëng	85	1
591	320	42185	88818		§éc Bé 	85	1
590	320	42171	88491		§«ng B¾c Hæ 	85	1
592	320	42888	88928		XÝch Ch­ëng	85	1
590	320	43205	89053		§«ng B¾c Hæ 	85	1
590	320	44012	88312		§«ng B¾c Hæ 	85	1
590	320	44543	88961		§«ng B¾c Hæ 	85	1
592	320	44469	88185		XÝch Ch­ëng	85	1
592	320	44914	88980		XÝch Ch­ëng	85	1
590	320	44936	88374		§«ng B¾c Hæ 	85	1
591	320	45023	88652		§éc Bé 	85	1
591	320	44570	88615		§éc Bé 	85	1
592	320	44684	88243		XÝch Ch­ëng	85	1
593	320	44756	88853		TuyÕt  ¶nh 	85	1
591	320	45341	89075		§éc Bé 	85	1
590	320	45811	88799		§«ng B¾c Hæ 	85	1
591	320	45988	88985		§éc Bé 	85	1
592	320	45629	88593		XÝch Ch­ëng	85	1
592	320	48080	88171		XÝch Ch­ëng	85	1
590	320	47824	88928		§«ng B¾c Hæ 	85	1
591	320	47913	88623		§éc Bé 	85	1
593	320	48166	88502		TuyÕt  ¶nh 	85	1
591	320	48511	88585		§éc Bé 	85	1
592	320	48306	89033		XÝch Ch­ëng	85	1
590	320	48688	88145		§«ng B¾c Hæ 	85	1
590	320	48805	88796		§«ng B¾c Hæ 	85	1
591	320	49023	88863		§éc Bé 	85	1
590	320	49937	88722		§«ng B¾c Hæ 	85	1
593	320	49814	88330		TuyÕt  ¶nh 	85	1
591	320	50307	88974		§éc Bé 	85	1
590	320	50320	88118		§«ng B¾c Hæ 	85	1
590	320	35935	90101		§«ng B¾c Hæ 	85	1
592	320	35927	89315		XÝch Ch­ëng	85	1
591	320	36079	89657		§éc Bé 	85	1
592	320	36704	89704		XÝch Ch­ëng	85	1
591	320	36410	89449		§éc Bé 	85	1
593	320	36400	89959		TuyÕt  ¶nh 	85	1
591	320	37505	89279		§éc Bé 	85	1
593	320	37386	89761		TuyÕt  ¶nh 	85	1
592	320	37869	89864		XÝch Ch­ëng	85	1
591	320	38104	89611		§éc Bé 	85	1
590	320	38609	89953		§«ng B¾c Hæ 	85	1
592	320	38529	89741		XÝch Ch­ëng	85	1
590	320	39105	89859		§«ng B¾c Hæ 	85	1
591	320	39066	89458		§éc Bé 	85	1
592	320	39476	89878		XÝch Ch­ëng	85	1
591	320	39584	89550		§éc Bé 	85	1
590	320	39660	89104		§«ng B¾c Hæ 	85	1
590	320	40197	89360		§«ng B¾c Hæ 	85	1
592	320	40222	89745		XÝch Ch­ëng	85	1
592	320	40809	89208		XÝch Ch­ëng	85	1
591	320	40941	89983		§éc Bé 	85	1
590	320	40793	89745		§«ng B¾c Hæ 	85	1
590	320	41307	89742		§«ng B¾c Hæ 	85	1
591	320	41394	90020		§éc Bé 	85	1
592	320	41055	89611		XÝch Ch­ëng	85	1
593	320	41194	89974		TuyÕt  ¶nh 	85	1
591	320	41652	90020		§éc Bé 	85	1
592	320	41518	89482		XÝch Ch­ëng	85	1
591	320	42105	90056		§éc Bé 	85	1
592	320	42077	89146		XÝch Ch­ëng	85	1
590	320	42089	89668		§«ng B¾c Hæ 	85	1
591	320	42303	89862		§éc Bé 	85	1
590	320	42747	89646		§«ng B¾c Hæ 	85	1
591	320	42774	89300		§éc Bé 	85	1
593	320	42958	89327		TuyÕt  ¶nh 	85	1
592	320	43118	89665		XÝch Ch­ëng	85	1
591	320	43227	89337		§éc Bé 	85	1
590	320	45400	89540		§«ng B¾c Hæ 	85	1
592	320	45718	89606		XÝch Ch­ëng	85	1
593	320	45849	89375		TuyÕt  ¶nh 	85	1
592	320	46825	90045		XÝch Ch­ëng	85	1
590	320	47335	90100		§«ng B¾c Hæ 	85	1
593	320	47546	89781		TuyÕt  ¶nh 	85	1
592	320	47476	89382		XÝch Ch­ëng	85	1
591	320	47236	89788		§éc Bé 	85	1
590	320	47107	90102		§«ng B¾c Hæ 	85	1
590	320	47728	89513		§«ng B¾c Hæ 	85	1
591	320	47776	89754		§éc Bé 	85	1
592	320	48406	90108		XÝch Ch­ëng	85	1
590	320	48611	89721		§«ng B¾c Hæ 	85	1
590	320	48482	89339		§«ng B¾c Hæ 	85	1
590	320	48933	89177		§«ng B¾c Hæ 	85	1
591	320	48701	89407		§éc Bé 	85	1
592	320	50189	89317		XÝch Ch­ëng	85	1
592	320	36283	90420		XÝch Ch­ëng	85	1
593	320	36162	91035		TuyÕt  ¶nh 	85	1
591	320	35942	90813		§éc Bé 	85	1
590	320	36528	90744		§«ng B¾c Hæ 	85	1
590	320	37518	90182		§«ng B¾c Hæ 	85	1
592	320	37801	90348		XÝch Ch­ëng	85	1
591	320	37391	90963		§éc Bé 	85	1
590	320	37807	90684		§«ng B¾c Hæ 	85	1
593	320	37784	91067		TuyÕt  ¶nh 	85	1
591	320	38314	90188		§éc Bé 	85	1
590	320	38329	90622		§«ng B¾c Hæ 	85	1
592	320	38659	90552		XÝch Ch­ëng	85	1
591	320	38767	90225		§éc Bé 	85	1
593	320	38532	90189		TuyÕt  ¶nh 	85	1
593	320	39247	90219		TuyÕt  ¶nh 	85	1
591	320	39872	90931		§éc Bé 	85	1
591	320	40294	90279		§éc Bé 	85	1
592	320	40062	90711		XÝch Ch­ëng	85	1
590	320	40340	90558		§«ng B¾c Hæ 	85	1
590	320	40397	90824		§«ng B¾c Hæ 	85	1
592	320	40638	90644		XÝch Ch­ëng	85	1
591	320	40747	90316		§éc Bé 	85	1
593	320	40523	90450		TuyÕt  ¶nh 	85	1
592	320	41285	90348		XÝch Ch­ëng	85	1
590	320	41097	90765		§«ng B¾c Hæ 	85	1
593	320	41877	90635		TuyÕt  ¶nh 	85	1
590	320	41718	90350		§«ng B¾c Hæ 	85	1
592	320	42178	90436		XÝch Ch­ëng	85	1
591	320	42978	90993		§éc Bé 	85	1
593	320	42689	90802		TuyÕt  ¶nh 	85	1
592	320	42524	90707		XÝch Ch­ëng	85	1
590	320	42953	90572		§«ng B¾c Hæ 	85	1
592	320	43499	90620		XÝch Ch­ëng	85	1
591	320	43360	90852		§éc Bé 	85	1
591	320	43987	91045		§éc Bé 	85	1
593	320	43718	91035		TuyÕt  ¶nh 	85	1
590	320	43968	90670		§«ng B¾c Hæ 	85	1
590	320	44493	90864		§«ng B¾c Hæ 	85	1
590	320	44834	90251		§«ng B¾c Hæ 	85	1
592	320	44582	90120		XÝch Ch­ëng	85	1
593	320	44678	90493		TuyÕt  ¶nh 	85	1
592	320	44760	90962		XÝch Ch­ëng	85	1
591	320	44559	90470		§éc Bé 	85	1
591	320	45088	90481		§éc Bé 	85	1
592	320	47090	90883		XÝch Ch­ëng	85	1
590	320	46719	90865		§«ng B¾c Hæ 	85	1
591	320	46746	90519		§éc Bé 	85	1
593	320	46912	90618		TuyÕt  ¶nh 	85	1
591	320	47221	90494		§éc Bé 	85	1
592	320	47723	90135		XÝch Ch­ëng	85	1
592	320	48635	90845		XÝch Ch­ëng	85	1
590	320	48264	90827		§«ng B¾c Hæ 	85	1
591	320	48291	90481		§éc Bé 	85	1
593	320	48475	90508		TuyÕt  ¶nh 	85	1
590	320	48657	90239		§«ng B¾c Hæ 	85	1
591	320	48744	90517		§éc Bé 	85	1
591	320	49797	91039		§éc Bé 	85	1
592	320	49903	90271		XÝch Ch­ëng	85	1
590	320	49993	90558		§«ng B¾c Hæ 	85	1
590	320	50077	90919		§«ng B¾c Hæ 	85	1
590	320	50415	90665		§«ng B¾c Hæ 	85	1
591	320	50192	90621		§éc Bé 	85	1
592	320	36255	91998		XÝch Ch­ëng	85	1
590	320	35932	91545		§«ng B¾c Hæ 	85	1
591	320	36563	91412		§éc Bé 	85	1
592	320	36395	91710		XÝch Ch­ëng	85	1
590	320	37266	91359		§«ng B¾c Hæ 	85	1
592	320	37599	91384		XÝch Ch­ëng	85	1
591	320	38076	91290		§éc Bé 	85	1
590	320	39920	91429		§«ng B¾c Hæ 	85	1
593	320	40121	91384		TuyÕt  ¶nh 	85	1
592	320	40297	91600		XÝch Ch­ëng	85	1
590	320	40755	92027		§«ng B¾c Hæ 	85	1
591	320	40755	91614		§éc Bé 	85	1
592	320	40938	91226		XÝch Ch­ëng	85	1
591	320	40478	91167		§éc Bé 	85	1
591	320	41280	91676		§éc Bé 	85	1
592	320	41212	92065		XÝch Ch­ëng	85	1
590	320	41215	91232		§«ng B¾c Hæ 	85	1
593	320	41077	91547		TuyÕt  ¶nh 	85	1
591	320	41686	91741		§éc Bé 	85	1
592	320	41723	91405		XÝch Ch­ëng	85	1
593	320	41943	91704		TuyÕt  ¶nh 	85	1
590	320	41728	91992		§«ng B¾c Hæ 	85	1
590	320	42174	91403		§«ng B¾c Hæ 	85	1
591	320	42460	91804		§éc Bé 	85	1
592	320	42288	91735		XÝch Ch­ëng	85	1
591	320	42264	91932		§éc Bé 	85	1
591	320	42973	92005		§éc Bé 	85	1
590	320	42498	91302		§«ng B¾c Hæ 	85	1
592	320	42788	91419		XÝch Ch­ëng	85	1
593	320	42580	91626		TuyÕt  ¶nh 	85	1
590	320	43507	91354		§«ng B¾c Hæ 	85	1
592	320	43470	91991		XÝch Ch­ëng	85	1
590	320	43021	91768		§«ng B¾c Hæ 	85	1
592	320	43878	91372		XÝch Ch­ëng	85	1
590	320	43732	92114		§«ng B¾c Hæ 	85	1
590	320	45471	92157		§«ng B¾c Hæ 	85	1
590	320	45750	92102		§«ng B¾c Hæ 	85	1
591	320	45777	91756		§éc Bé 	85	1
593	320	45962	91783		TuyÕt  ¶nh 	85	1
592	320	45892	91384		XÝch Ch­ëng	85	1
592	320	46558	92136		XÝch Ch­ëng	85	1
592	320	46121	92121		XÝch Ch­ëng	85	1
591	320	46230	91793		§éc Bé 	85	1
591	320	47563	92109		§éc Bé 	85	1
592	320	47677	91737		XÝch Ch­ëng	85	1
593	320	47833	92025		TuyÕt  ¶nh 	85	1
590	320	47894	91457		§«ng B¾c Hæ 	85	1
591	320	48052	92021		§éc Bé 	85	1
592	320	48520	92093		XÝch Ch­ëng	85	1
590	320	48783	91963		§«ng B¾c Hæ 	85	1
590	320	49872	91721		§«ng B¾c Hæ 	85	1
590	320	50010	91895		§«ng B¾c Hæ 	85	1
592	320	50274	91677		XÝch Ch­ëng	85	1
591	320	50418	91169		§éc Bé 	85	1
591	320	50228	91963		§éc Bé 	85	1
593	320	50227	91194		TuyÕt  ¶nh 	85	1
591	320	35971	92965		§éc Bé 	85	1
590	320	35989	92423		§«ng B¾c Hæ 	85	1
591	320	36272	92301		§éc Bé 	85	1
590	320	36053	92706		§«ng B¾c Hæ 	85	1
590	320	36597	92857		§«ng B¾c Hæ 	85	1
591	320	36783	92490		§éc Bé 	85	1
591	320	40807	93078		§éc Bé 	85	1
592	320	40668	92523		XÝch Ch­ëng	85	1
590	320	41161	92927		§«ng B¾c Hæ 	85	1
590	320	41394	93109		§«ng B¾c Hæ 	85	1
590	320	41266	92727		§«ng B¾c Hæ 	85	1
593	320	41974	92715		TuyÕt  ¶nh 	85	1
591	320	41484	92795		§éc Bé 	85	1
592	320	42064	92358		XÝch Ch­ëng	85	1
592	320	42102	92990		XÝch Ch­ëng	85	1
590	320	42428	92318		§«ng B¾c Hæ 	85	1
592	320	42882	92423		XÝch Ch­ëng	85	1
590	320	42615	92745		§«ng B¾c Hæ 	85	1
590	320	43265	92872		§«ng B¾c Hæ 	85	1
591	320	43205	92322		§éc Bé 	85	1
591	320	43775	92444		§éc Bé 	85	1
592	320	43658	92770		XÝch Ch­ëng	85	1
593	320	43535	92381		TuyÕt  ¶nh 	85	1
590	320	44929	93116		§«ng B¾c Hæ 	85	1
592	320	44677	92985		XÝch Ch­ëng	85	1
591	320	45457	93164		§éc Bé 	85	1
592	320	45566	92537		XÝch Ch­ëng	85	1
590	320	45823	92923		§«ng B¾c Hæ 	85	1
590	320	46370	93001		§«ng B¾c Hæ 	85	1
591	320	46404	92358		§éc Bé 	85	1
592	320	46788	92873		XÝch Ch­ëng	85	1
590	320	46810	92267		§«ng B¾c Hæ 	85	1
591	320	46897	92545		§éc Bé 	85	1
593	320	46670	92388		TuyÕt  ¶nh 	85	1
590	320	47536	92455		§«ng B¾c Hæ 	85	1
590	320	47931	93030		§«ng B¾c Hæ 	85	1
592	320	47679	92899		XÝch Ch­ëng	85	1
592	320	47910	92646		XÝch Ch­ëng	85	1
590	320	48378	92811		§«ng B¾c Hæ 	85	1
593	320	48589	92492		TuyÕt  ¶nh 	85	1
591	320	48412	92506		§éc Bé 	85	1
592	320	48749	92829		XÝch Ch­ëng	85	1
591	320	48909	92624		§éc Bé 	85	1
590	320	50138	92277		§«ng B¾c Hæ 	85	1
592	320	50063	92615		XÝch Ch­ëng	85	1
591	320	49865	92919		§éc Bé 	85	1
590	320	50404	92791		§«ng B¾c Hæ 	85	1
590	320	36254	94196		§«ng B¾c Hæ 	85	1
592	320	36532	93596		XÝch Ch­ëng	85	1
593	320	36390	93274		TuyÕt  ¶nh 	85	1
590	320	37132	94176		§«ng B¾c Hæ 	85	1
590	320	40727	93529		§«ng B¾c Hæ 	85	1
592	320	41125	93586		XÝch Ch­ëng	85	1
591	320	41234	93258		§éc Bé 	85	1
593	320	41014	93316		TuyÕt  ¶nh 	85	1
590	320	41930	93771		§«ng B¾c Hæ 	85	1
591	320	41564	94012		§éc Bé 	85	1
593	320	41748	94039		TuyÕt  ¶nh 	85	1
592	320	41547	93657		XÝch Ch­ëng	85	1
591	320	42070	94020		§éc Bé 	85	1
591	320	41984	93311		§éc Bé 	85	1
590	320	42131	93571		§«ng B¾c Hæ 	85	1
591	320	42669	93248		§éc Bé 	85	1
592	320	42560	93678		XÝch Ch­ëng	85	1
592	320	43225	94095		XÝch Ch­ëng	85	1
593	320	44231	93665		TuyÕt  ¶nh 	85	1
590	320	44447	93516		§«ng B¾c Hæ 	85	1
592	320	44907	93722		XÝch Ch­ëng	85	1
591	320	45016	93394		§éc Bé 	85	1
591	320	44563	93357		§éc Bé 	85	1
593	320	44747	93384		TuyÕt  ¶nh 	85	1
590	320	45446	94194		§«ng B¾c Hæ 	85	1
592	320	45194	94063		XÝch Ch­ëng	85	1
590	320	45305	93310		§«ng B¾c Hæ 	85	1
592	320	45801	93529		XÝch Ch­ëng	85	1
591	320	45909	93201		§éc Bé 	85	1
593	320	45705	93289		TuyÕt  ¶nh 	85	1
591	320	46277	94052		§éc Bé 	85	1
593	320	46461	94079		TuyÕt  ¶nh 	85	1
592	320	46391	93680		XÝch Ch­ëng	85	1
590	320	46643	93811		§«ng B¾c Hæ 	85	1
591	320	46730	94089		§éc Bé 	85	1
591	320	47597	93516		§éc Bé 	85	1
590	320	47342	93738		§«ng B¾c Hæ 	85	1
592	320	47909	93636		XÝch Ch­ëng	85	1
593	320	47749	93298		TuyÕt  ¶nh 	85	1
591	320	47897	93220		§éc Bé 	85	1
591	320	48557	93931		§éc Bé 	85	1
590	320	48991	93715		§«ng B¾c Hæ 	85	1
591	320	49078	93993		§éc Bé 	85	1
593	320	48809	93983		TuyÕt  ¶nh 	85	1
592	320	48739	93584		XÝch Ch­ëng	85	1
590	320	49815	93727		§«ng B¾c Hæ 	85	1
593	320	50045	93439		TuyÕt  ¶nh 	85	1
591	320	50392	93390		§éc Bé 	85	1
592	320	50271	93758		XÝch Ch­ëng	85	1
590	320	37332	94705		§«ng B¾c Hæ 	85	1
592	320	37183	95204		XÝch Ch­ëng	85	1
590	320	37261	94557		§«ng B¾c Hæ 	85	1
591	320	37351	94243		§éc Bé 	85	1
593	320	37482	95131		TuyÕt  ¶nh 	85	1
590	320	40388	95158		§«ng B¾c Hæ 	85	1
593	320	40727	94802		TuyÕt  ¶nh 	85	1
591	320	40530	94696		§éc Bé 	85	1
592	320	40551	94299		XÝch Ch­ëng	85	1
590	320	41360	94316		§«ng B¾c Hæ 	85	1
590	320	40961	94551		§«ng B¾c Hæ 	85	1
591	320	41007	94960		§éc Bé 	85	1
592	320	41839	94379		XÝch Ch­ëng	85	1
592	320	42609	95230		XÝch Ch­ëng	85	1
590	320	42918	94772		§«ng B¾c Hæ 	85	1
590	320	43403	94267		§«ng B¾c Hæ 	85	1
591	320	43037	94508		§éc Bé 	85	1
593	320	43221	94535		TuyÕt  ¶nh 	85	1
592	320	43434	94950		XÝch Ch­ëng	85	1
591	320	43512	94528		§éc Bé 	85	1
590	320	44136	94951		§«ng B¾c Hæ 	85	1
591	320	44163	94605		§éc Bé 	85	1
592	320	44278	94233		XÝch Ch­ëng	85	1
590	320	44531	94272		§«ng B¾c Hæ 	85	1
592	320	44496	95060		XÝch Ch­ëng	85	1
590	320	45053	94781		§«ng B¾c Hæ 	85	1
591	320	44724	94620		§éc Bé 	85	1
591	320	45080	94435		§éc Bé 	85	1
593	320	45264	94462		TuyÕt  ¶nh 	85	1
592	320	45372	94788		XÝch Ch­ëng	85	1
591	320	45732	94386		§éc Bé 	85	1
590	320	46345	95207		§«ng B¾c Hæ 	85	1
592	320	46094	95076		XÝch Ch­ëng	85	1
590	320	46250	94398		§«ng B¾c Hæ 	85	1
590	320	46961	95066		§«ng B¾c Hæ 	85	1
591	320	46988	94720		§éc Bé 	85	1
592	320	46621	94417		XÝch Ch­ëng	85	1
592	320	47332	95085		XÝch Ch­ëng	85	1
590	320	47354	94479		§«ng B¾c Hæ 	85	1
591	320	47441	94757		§éc Bé 	85	1
593	320	47172	94747		TuyÕt  ¶nh 	85	1
592	320	47106	94424		XÝch Ch­ëng	85	1
593	320	47811	94950		TuyÕt  ¶nh 	85	1
591	320	48069	94700		§éc Bé 	85	1
592	320	47802	94485		XÝch Ch­ëng	85	1
593	320	48401	94564		TuyÕt  ¶nh 	85	1
590	320	48598	94340		§«ng B¾c Hæ 	85	1
593	320	48149	95014		TuyÕt  ¶nh 	85	1
592	320	48965	94416		XÝch Ch­ëng	85	1
591	320	37708	95341		§éc Bé 	85	1
591	320	37471	96009		§éc Bé 	85	1
592	320	37899	95712		XÝch Ch­ëng	85	1
592	320	38428	95732		XÝch Ch­ëng	85	1
590	320	38806	95747		§«ng B¾c Hæ 	85	1
590	320	39704	95995		§«ng B¾c Hæ 	85	1
591	320	39922	96063		§éc Bé 	85	1
590	320	40110	96148		§«ng B¾c Hæ 	85	1
590	320	39982	95767		§«ng B¾c Hæ 	85	1
591	320	40200	95834		§éc Bé 	85	1
592	320	40831	95294		XÝch Ch­ëng	85	1
591	320	42226	95800		§éc Bé 	85	1
590	320	42393	95846		§«ng B¾c Hæ 	85	1
592	320	42839	95967		XÝch Ch­ëng	85	1
593	320	42679	95629		TuyÕt  ¶nh 	85	1
590	320	42881	95547		§«ng B¾c Hæ 	85	1
591	320	43176	95512		§éc Bé 	85	1
592	320	43809	95245		XÝch Ch­ëng	85	1
593	320	43939	95697		TuyÕt  ¶nh 	85	1
591	320	43774	95696		§éc Bé 	85	1
590	320	43535	95920		§«ng B¾c Hæ 	85	1
592	320	44039	95982		XÝch Ch­ëng	85	1
591	320	44148	95654		§éc Bé 	85	1
590	320	44233	95412		§«ng B¾c Hæ 	85	1
592	320	45045	95985		XÝch Ch­ëng	85	1
590	320	44674	95966		§«ng B¾c Hæ 	85	1
593	320	44885	95647		TuyÕt  ¶nh 	85	1
592	320	44815	95248		XÝch Ch­ëng	85	1
590	320	45055	95277		§«ng B¾c Hæ 	85	1
591	320	44731	95773		§éc Bé 	85	1
592	320	45449	95904		XÝch Ch­ëng	85	1
591	320	45134	95714		§éc Bé 	85	1
590	320	45700	96035		§«ng B¾c Hæ 	85	1
590	320	45952	95794		§«ng B¾c Hæ 	85	1
591	320	45979	95449		§éc Bé 	85	1
593	320	46163	95476		TuyÕt  ¶nh 	85	1
592	320	46378	95983		XÝch Ch­ëng	85	1
591	320	46889	96030		§éc Bé 	85	1
593	320	47074	96057		TuyÕt  ¶nh 	85	1
592	320	47004	95658		XÝch Ch­ëng	85	1
591	320	46668	95371		§éc Bé 	85	1
590	320	47213	95615		§«ng B¾c Hæ 	85	1
591	320	47286	96192		§éc Bé 	85	1
590	320	48495	96000		§«ng B¾c Hæ 	85	1
592	320	48905	96046		XÝch Ch­ëng	85	1
590	320	49247	96122		§«ng B¾c Hæ 	85	1
591	320	49186	95570		§éc Bé 	85	1
590	320	37633	97112		§«ng B¾c Hæ 	85	1
590	320	37502	96671		§«ng B¾c Hæ 	85	1
591	320	38172	96338		§éc Bé 	85	1
590	320	38441	97053		§«ng B¾c Hæ 	85	1
592	320	38760	96847		XÝch Ch­ëng	85	1
593	320	38594	96505		TuyÕt  ¶nh 	85	1
591	320	39087	96306		§éc Bé 	85	1
590	320	39832	96377		§«ng B¾c Hæ 	85	1
591	320	41939	97058		§éc Bé 	85	1
590	320	42216	96553		§«ng B¾c Hæ 	85	1
590	320	43211	97223		§«ng B¾c Hæ 	85	1
591	320	43238	96877		§éc Bé 	85	1
592	320	43399	96427		XÝch Ch­ëng	85	1
592	320	43582	97242		XÝch Ch­ëng	85	1
590	320	43604	96636		§«ng B¾c Hæ 	85	1
591	320	43627	96948		§éc Bé 	85	1
590	320	44182	97048		§«ng B¾c Hæ 	85	1
591	320	44084	96750		§éc Bé 	85	1
593	320	44320	96686		TuyÕt  ¶nh 	85	1
592	320	44210	96384		XÝch Ch­ëng	85	1
592	320	44554	97067		XÝch Ch­ëng	85	1
591	320	44662	96739		§éc Bé 	85	1
590	320	44607	96412		§«ng B¾c Hæ 	85	1
590	320	45320	97181		§«ng B¾c Hæ 	85	1
592	320	45069	97051		XÝch Ch­ëng	85	1
590	320	45307	96622		§«ng B¾c Hæ 	85	1
593	320	45523	97048		TuyÕt  ¶nh 	85	1
591	320	45261	96274		§éc Bé 	85	1
592	320	45678	96641		XÝch Ch­ëng	85	1
591	320	45787	96313		§éc Bé 	85	1
591	320	45901	97122		§éc Bé 	85	1
592	320	45948	96852		XÝch Ch­ëng	85	1
593	320	45585	96349		TuyÕt  ¶nh 	85	1
590	320	46306	96711		§«ng B¾c Hæ 	85	1
593	320	46183	97250		TuyÕt  ¶nh 	85	1
590	320	46862	96376		§«ng B¾c Hæ 	85	1
592	320	47211	96482		XÝch Ch­ëng	85	1
590	320	47950	97270		§«ng B¾c Hæ 	85	1
590	320	48617	97102		§«ng B¾c Hæ 	85	1
591	320	48512	96616		§éc Bé 	85	1
591	320	48413	96504		§éc Bé 	85	1
592	320	48222	97104		XÝch Ch­ëng	85	1
590	320	48704	96695		§«ng B¾c Hæ 	85	1
590	320	48749	96992		§«ng B¾c Hæ 	85	1
591	320	49178	96369		§éc Bé 	85	1
591	320	37638	97662		§éc Bé 	85	1
592	320	38332	98152		XÝch Ch­ëng	85	1
590	320	38183	97537		§«ng B¾c Hæ 	85	1
590	320	39583	98171		§«ng B¾c Hæ 	85	1
591	320	41864	98251		§éc Bé 	85	1
590	320	42276	98092		§«ng B¾c Hæ 	85	1
592	320	42018	97573		XÝch Ch­ëng	85	1
592	320	42579	97285		XÝch Ch­ëng	85	1
590	320	43459	97919		§«ng B¾c Hæ 	85	1
593	320	43277	98187		TuyÕt  ¶nh 	85	1
592	320	43182	97829		XÝch Ch­ëng	85	1
591	320	43545	98197		§éc Bé 	85	1
591	320	44537	98069		§éc Bé 	85	1
591	320	44084	98032		§éc Bé 	85	1
592	320	44198	97660		XÝch Ch­ëng	85	1
593	320	44339	98032		TuyÕt  ¶nh 	85	1
590	320	44927	97769		§«ng B¾c Hæ 	85	1
593	320	44950	98275		TuyÕt  ¶nh 	85	1
590	320	44544	97800		§«ng B¾c Hæ 	85	1
591	320	44891	97306		§éc Bé 	85	1
591	320	45407	97460		§éc Bé 	85	1
592	320	45261	98150		XÝch Ch­ëng	85	1
590	320	45556	98172		§«ng B¾c Hæ 	85	1
592	320	45448	97766		XÝch Ch­ëng	85	1
590	320	45954	97731		§«ng B¾c Hæ 	85	1
592	320	46276	97573		XÝch Ch­ëng	85	1
591	320	46455	97345		§éc Bé 	85	1
590	320	48070	97646		§«ng B¾c Hæ 	85	1
592	320	47743	97733		XÝch Ch­ëng	85	1
590	320	48227	98090		§«ng B¾c Hæ 	85	1
591	320	48316	97776		§éc Bé 	85	1
591	320	48378	97964		§éc Bé 	85	1
591	320	48547	97379		§éc Bé 	85	1
591	320	50328	97907		§éc Bé 	85	1
591	320	37612	99124		§éc Bé 	85	1
592	320	37425	98426		XÝch Ch­ëng	85	1
593	320	37851	98310		TuyÕt  ¶nh 	85	1
590	320	37982	98945		§«ng B¾c Hæ 	85	1
590	320	39327	98606		§«ng B¾c Hæ 	85	1
590	320	39711	98552		§«ng B¾c Hæ 	85	1
590	320	39455	98987		§«ng B¾c Hæ 	85	1
591	320	39545	98673		§éc Bé 	85	1
591	320	40057	99195		§éc Bé 	85	1
590	320	40381	98964		§«ng B¾c Hæ 	85	1
590	320	40253	98583		§«ng B¾c Hæ 	85	1
591	320	40007	98888		§éc Bé 	85	1
591	320	40471	98650		§éc Bé 	85	1
590	320	40685	99204		§«ng B¾c Hæ 	85	1
590	320	40557	98823		§«ng B¾c Hæ 	85	1
591	320	40775	98890		§éc Bé 	85	1
590	320	43065	98506		§«ng B¾c Hæ 	85	1
592	320	44428	98396		XÝch Ch­ëng	85	1
590	320	44057	98378		§«ng B¾c Hæ 	85	1
592	320	45490	98887		XÝch Ch­ëng	85	1
590	320	45119	98868		§«ng B¾c Hæ 	85	1
591	320	45146	98522		§éc Bé 	85	1
591	320	45599	98559		§éc Bé 	85	1
590	320	47598	99112		§«ng B¾c Hæ 	85	1
591	320	47267	98818		§éc Bé 	85	1
591	320	47815	99023		§éc Bé 	85	1
590	320	47966	98646		§«ng B¾c Hæ 	85	1
590	320	47817	98335		§«ng B¾c Hæ 	85	1
592	320	48217	98477		XÝch Ch­ëng	85	1
591	320	48131	98853		§éc Bé 	85	1
591	320	48610	98986		§éc Bé 	85	1
593	320	49984	98778		TuyÕt  ¶nh 	85	1
593	320	49719	99033		TuyÕt  ¶nh 	85	1
591	320	49683	98744		§éc Bé 	85	1
590	320	38848	100049		§«ng B¾c Hæ 	85	1
590	320	38561	100301		§«ng B¾c Hæ 	85	1
590	320	39261	99607		§«ng B¾c Hæ 	85	1
591	320	39066	100116		§éc Bé 	85	1
593	320	39842	99657		TuyÕt  ¶nh 	85	1
590	320	40380	99820		§«ng B¾c Hæ 	85	1
590	320	40157	100277		§«ng B¾c Hæ 	85	1
590	320	40029	99896		§«ng B¾c Hæ 	85	1
591	320	40247	99964		§éc Bé 	85	1
590	320	40806	99538		§«ng B¾c Hæ 	85	1
590	320	40854	100094		§«ng B¾c Hæ 	85	1
590	320	40725	99712		§«ng B¾c Hæ 	85	1
591	320	40944	99780		§éc Bé 	85	1
590	320	41450	100205		§«ng B¾c Hæ 	85	1
591	320	41338	99356		§éc Bé 	85	1
592	320	41915	99847		XÝch Ch­ëng	85	1
591	320	42562	100178		§éc Bé 	85	1
590	320	42875	100156		§«ng B¾c Hæ 	85	1
590	320	43294	100211		§«ng B¾c Hæ 	85	1
590	320	43402	99978		§«ng B¾c Hæ 	85	1
590	320	43274	99597		§«ng B¾c Hæ 	85	1
591	320	43492	99664		§éc Bé 	85	1
591	320	43093	100223		§éc Bé 	85	1
592	320	43654	100309		XÝch Ch­ëng	85	1
591	320	44023	99844		§éc Bé 	85	1
593	320	46026	99657		TuyÕt  ¶nh 	85	1
591	320	46254	100006		§éc Bé 	85	1
590	320	46520	100032		§«ng B¾c Hæ 	85	1
590	320	46697	99495		§«ng B¾c Hæ 	85	1
591	320	46738	100099		§éc Bé 	85	1
591	320	47440	100144		§éc Bé 	85	1
590	320	47476	99654		§«ng B¾c Hæ 	85	1
592	320	47134	99579		XÝch Ch­ëng	85	1
592	320	48074	99566		XÝch Ch­ëng	85	1
590	320	47726	99494		§«ng B¾c Hæ 	85	1
591	320	47981	100132		§éc Bé 	85	1
592	320	48606	99810		XÝch Ch­ëng	85	1
592	320	48392	99743		XÝch Ch­ëng	85	1
590	320	48534	100130		§«ng B¾c Hæ 	85	1
590	320	48406	100119		§«ng B¾c Hæ 	85	1
590	320	48260	99482		§«ng B¾c Hæ 	85	1
593	320	48801	100215		TuyÕt  ¶nh 	85	1
590	320	48820	99597		§«ng B¾c Hæ 	85	1
591	320	49038	99664		§éc Bé 	85	1
593	320	49123	100118		TuyÕt  ¶nh 	85	1
593	320	49643	99589		TuyÕt  ¶nh 	85	1
592	320	49824	99930		XÝch Ch­ëng	85	1
593	320	49813	99461		TuyÕt  ¶nh 	85	1
593	320	50453	99864		TuyÕt  ¶nh 	85	1
591	320	50352	100341		§éc Bé 	85	1
590	320	38689	100682		§«ng B¾c Hæ 	85	1
591	320	38779	100368		§éc Bé 	85	1
590	320	38976	100430		§«ng B¾c Hæ 	85	1
592	320	39543	100460		XÝch Ch­ëng	85	1
591	320	40107	100641		§éc Bé 	85	1
590	320	40433	100878		§«ng B¾c Hæ 	85	1
590	320	40305	100497		§«ng B¾c Hæ 	85	1
592	320	40694	100910		XÝch Ch­ëng	85	1
592	320	40952	100407		XÝch Ch­ëng	85	1
591	320	40523	100564		§éc Bé 	85	1
591	320	41391	100685		§éc Bé 	85	1
591	320	41073	100915		§éc Bé 	85	1
590	320	41944	100470		§«ng B¾c Hæ 	85	1
590	320	41833	101101		§«ng B¾c Hæ 	85	1
591	320	41923	100787		§éc Bé 	85	1
590	320	41701	100839		§«ng B¾c Hæ 	85	1
592	320	42178	100962		XÝch Ch­ëng	85	1
590	320	42826	100394		§«ng B¾c Hæ 	85	1
591	320	42906	101011		§éc Bé 	85	1
590	320	43003	100537		§«ng B¾c Hæ 	85	1
592	320	43313	101010		XÝch Ch­ëng	85	1
593	320	43188	100742		TuyÕt  ¶nh 	85	1
591	320	44010	100823		§éc Bé 	85	1
590	320	44003	100361		§«ng B¾c Hæ 	85	1
592	320	46006	100443		XÝch Ch­ëng	85	1
590	320	45595	100397		§«ng B¾c Hæ 	85	1
590	320	45943	101072		§«ng B¾c Hæ 	85	1
590	320	45815	100690		§«ng B¾c Hæ 	85	1
591	320	46033	100758		§éc Bé 	85	1
590	320	46348	100519		§«ng B¾c Hæ 	85	1
591	320	46338	101015		§éc Bé 	85	1
592	320	46885	100690		XÝch Ch­ëng	85	1
590	320	46648	100413		§«ng B¾c Hæ 	85	1
590	320	47794	100616		§«ng B¾c Hæ 	85	1
592	320	48278	100529		XÝch Ch­ëng	85	1
591	320	48274	101131		§éc Bé 	85	1
590	320	48612	100998		§«ng B¾c Hæ 	85	1
591	320	48574	100537		§éc Bé 	85	1
593	320	48810	101089		TuyÕt  ¶nh 	85	1
592	320	49080	100862		XÝch Ch­ëng	85	1
593	320	49105	100422		TuyÕt  ¶nh 	85	1
593	320	49293	101302		TuyÕt  ¶nh 	85	1
592	320	49196	100779		XÝch Ch­ëng	85	1
591	320	49627	100872		§éc Bé 	85	1
593	320	49486	101046		TuyÕt  ¶nh 	85	1
593	320	49645	101361		TuyÕt  ¶nh 	85	1
593	320	49833	100396		TuyÕt  ¶nh 	85	1
593	320	49751	100792		TuyÕt  ¶nh 	85	1
593	320	49866	101118		TuyÕt  ¶nh 	85	1
593	320	50329	100792		TuyÕt  ¶nh 	85	1
592	320	47766	101379		XÝch Ch­ëng	85	1