NpcID	MapID	PosX	PosY	ScriptFile	NpcName	Level	IsLoad
598	321	31725	73680		S­¬ng §ao 	95	1
599	321	31853	73456		L·nh Cung	95	1
601	321	32046	73580		S¶n Vò 	95	1
599	321	33574	73535		L·nh Cung	95	1
601	321	33767	73659		S¶n Vò 	95	1
599	321	36083	73559		L·nh Cung	95	1
601	321	36276	73684		S¶n Vò 	95	1
599	321	40284	73443		L·nh Cung	95	1
598	321	40155	73667		S­¬ng §ao 	95	1
601	321	40477	73567		S¶n Vò 	95	1
599	321	44380	73308		L·nh Cung	95	1
598	321	44251	73533		S­¬ng §ao 	95	1
601	321	44573	73433		S¶n Vò 	95	1
599	321	46753	73559		L·nh Cung	95	1
601	321	46946	73684		S¶n Vò 	95	1
599	321	47651	73577		L·nh Cung	95	1
601	321	47844	73702		S¶n Vò 	95	1
598	321	32078	73922		S­¬ng §ao 	95	1
601	321	31792	73913		S¶n Vò 	95	1
599	321	31908	74000		L·nh Cung	95	1
598	321	32158	74717		S­¬ng §ao 	95	1
598	321	32683	74256		S­¬ng §ao 	95	1
601	321	32397	74248		S¶n Vò 	95	1
599	321	32513	74334		L·nh Cung	95	1
599	321	32458	73790		L·nh Cung	95	1
601	321	32651	73914		S¶n Vò 	95	1
598	321	32330	74015		S­¬ng §ao 	95	1
599	321	32286	74492		L·nh Cung	95	1
601	321	32479	74616		S¶n Vò 	95	1
600	321	33166	73809		Gi¸ng Chïy	95	1
600	321	32991	74403		Gi¸ng Chïy	95	1
598	321	32873	74146		S­¬ng §ao 	95	1
600	321	32884	73877		Gi¸ng Chïy	95	1
601	321	33182	74367		S¶n Vò 	95	1
599	321	33265	74146		L·nh Cung	95	1
601	321	33513	73992		S¶n Vò 	95	1
599	321	33629	74079		L·nh Cung	95	1
598	321	33446	73759		S­¬ng §ao 	95	1
598	321	33799	74001		S­¬ng §ao 	95	1
599	321	34606	74610		L·nh Cung	95	1
601	321	34799	74734		S¶n Vò 	95	1
598	321	34807	74214		S­¬ng §ao 	95	1
598	321	35161	74455		S­¬ng §ao 	95	1
601	321	34874	74447		S¶n Vò 	95	1
599	321	34991	74533		L·nh Cung	95	1
599	321	34936	73989		L·nh Cung	95	1
601	321	35129	74113		S¶n Vò 	95	1
599	321	36246	74695		L·nh Cung	95	1
598	321	36308	74026		S­¬ng §ao 	95	1
601	321	36021	74017		S¶n Vò 	95	1
599	321	36138	74104		L·nh Cung	95	1
598	321	35954	73784		S­¬ng §ao 	95	1
601	321	36644	74466		S¶n Vò 	95	1
599	321	36761	74552		L·nh Cung	95	1
599	321	36706	74008		L·nh Cung	95	1
598	321	36577	74233		S­¬ng §ao 	95	1
598	321	36931	74474		S­¬ng §ao 	95	1
601	321	36899	74132		S¶n Vò 	95	1
601	321	37318	74340		S¶n Vò 	95	1
598	321	37251	74107		S­¬ng §ao 	95	1
598	321	37605	74348		S­¬ng §ao 	95	1
599	321	37435	74426		L·nh Cung	95	1
599	321	37380	73882		L·nh Cung	95	1
601	321	37573	74006		S¶n Vò 	95	1
598	321	37857	74246		S­¬ng §ao 	95	1
598	321	38211	74487		S­¬ng §ao 	95	1
601	321	37924	74479		S¶n Vò 	95	1
599	321	38041	74566		L·nh Cung	95	1
599	321	37986	74021		L·nh Cung	95	1
601	321	38179	74146		S¶n Vò 	95	1
599	321	39251	74580		L·nh Cung	95	1
601	321	39444	74704		S¶n Vò 	95	1
598	321	39892	74402		S­¬ng §ao 	95	1
598	321	40246	74643		S­¬ng §ao 	95	1
601	321	39959	74635		S¶n Vò 	95	1
599	321	40076	74722		L·nh Cung	95	1
599	321	40021	74177		L·nh Cung	95	1
601	321	40214	74302		S¶n Vò 	95	1
601	321	40222	73901		S¶n Vò 	95	1
599	321	40339	73987		L·nh Cung	95	1
598	321	40509	73909		S­¬ng §ao 	95	1
601	321	40836	74414		S¶n Vò 	95	1
599	321	40953	74501		L·nh Cung	95	1
599	321	40898	73956		L·nh Cung	95	1
598	321	40769	74181		S­¬ng §ao 	95	1
598	321	41123	74422		S­¬ng §ao 	95	1
601	321	41091	74081		S¶n Vò 	95	1
601	321	41968	74483		S¶n Vò 	95	1
598	321	41901	74250		S­¬ng §ao 	95	1
598	321	42254	74491		S­¬ng §ao 	95	1
599	321	42084	74570		L·nh Cung	95	1
599	321	42029	74025		L·nh Cung	95	1
601	321	42222	74150		S¶n Vò 	95	1
599	321	42595	74736		L·nh Cung	95	1
598	321	43376	74674		S­¬ng §ao 	95	1
601	321	43090	74666		S¶n Vò 	95	1
599	321	43151	74208		L·nh Cung	95	1
601	321	43344	74332		S¶n Vò 	95	1
598	321	43023	74433		S­¬ng §ao 	95	1
601	321	44318	73766		S¶n Vò 	95	1
599	321	44435	73853		L·nh Cung	95	1
599	321	44132	74542		L·nh Cung	95	1
601	321	44325	74666		S¶n Vò 	95	1
598	321	44605	73775		S­¬ng §ao 	95	1
598	321	45419	74723		S­¬ng §ao 	95	1
601	321	45133	74714		S¶n Vò 	95	1
599	321	45194	74257		L·nh Cung	95	1
601	321	45387	74381		S¶n Vò 	95	1
598	321	45066	74481		S­¬ng §ao 	95	1
599	321	46338	74472		L·nh Cung	95	1
601	321	46531	74597		S¶n Vò 	95	1
598	321	46209	74697		S­¬ng §ao 	95	1
598	321	46978	74026		S­¬ng §ao 	95	1
601	321	46692	74017		S¶n Vò 	95	1
599	321	46808	74104		L·nh Cung	95	1
598	321	46625	73784		S­¬ng §ao 	95	1
601	321	47590	74035		S¶n Vò 	95	1
598	321	47523	73802		S­¬ng §ao 	95	1
598	321	48085	74534		S­¬ng §ao 	95	1
598	321	47877	74043		S­¬ng §ao 	95	1
599	321	47707	74122		L·nh Cung	95	1
599	321	48214	74310		L·nh Cung	95	1
601	321	48407	74434		S¶n Vò 	95	1
598	321	48996	74500		S­¬ng §ao 	95	1
601	321	48709	74492		S¶n Vò 	95	1
599	321	48826	74578		L·nh Cung	95	1
599	321	48771	74034		L·nh Cung	95	1
601	321	48964	74158		S¶n Vò 	95	1
598	321	48642	74259		S­¬ng §ao 	95	1
601	321	49609	74645		S¶n Vò 	95	1
598	321	49542	74412		S­¬ng §ao 	95	1
598	321	49896	74653		S­¬ng §ao 	95	1
599	321	49726	74732		L·nh Cung	95	1
599	321	49671	74187		L·nh Cung	95	1
601	321	49864	74312		S¶n Vò 	95	1
601	321	32225	74950		S¶n Vò 	95	1
598	321	32511	74958		S­¬ng §ao 	95	1
599	321	32341	75036		L·nh Cung	95	1
599	321	32928	75523		L·nh Cung	95	1
601	321	33121	75647		S¶n Vò 	95	1
598	321	32799	75748		S­¬ng §ao 	95	1
599	321	33444	75475		L·nh Cung	95	1
601	321	33637	75600		S¶n Vò 	95	1
598	321	33315	75700		S­¬ng §ao 	95	1
598	321	34177	75280		S­¬ng §ao 	95	1
601	321	33890	75272		S¶n Vò 	95	1
599	321	34007	75358		L·nh Cung	95	1
599	321	33952	74814		L·nh Cung	95	1
601	321	34145	74938		S¶n Vò 	95	1
598	321	33823	75039		S­¬ng §ao 	95	1
601	321	34545	75068		S¶n Vò 	95	1
599	321	34661	75154		L·nh Cung	95	1
598	321	34478	74834		S­¬ng §ao 	95	1
598	321	34832	75076		S­¬ng §ao 	95	1
601	321	35272	75532		S¶n Vò 	95	1
598	321	35205	75299		S­¬ng §ao 	95	1
599	321	35123	75760		L·nh Cung	95	1
598	321	35559	75540		S­¬ng §ao 	95	1
599	321	35389	75618		L·nh Cung	95	1
599	321	35333	75074		L·nh Cung	95	1
601	321	35526	75198		S¶n Vò 	95	1
601	321	36184	75153		S¶n Vò 	95	1
599	321	36301	75240		L·nh Cung	95	1
598	321	36117	74920		S­¬ng §ao 	95	1
598	321	36471	75162		S­¬ng §ao 	95	1
601	321	36439	74820		S¶n Vò 	95	1
598	321	37873	75361		S­¬ng §ao 	95	1
601	321	37586	75353		S¶n Vò 	95	1
599	321	37703	75440		L·nh Cung	95	1
599	321	37648	74895		L·nh Cung	95	1
601	321	37841	75020		S¶n Vò 	95	1
598	321	37519	75120		S­¬ng §ao 	95	1
598	321	38368	75299		S­¬ng §ao 	95	1
598	321	38722	75540		S­¬ng §ao 	95	1
601	321	38435	75532		S¶n Vò 	95	1
599	321	38552	75618		L·nh Cung	95	1
599	321	38497	75074		L·nh Cung	95	1
601	321	38690	75198		S¶n Vò 	95	1
601	321	39190	75038		S¶n Vò 	95	1
599	321	39306	75124		L·nh Cung	95	1
598	321	39123	74805		S­¬ng §ao 	95	1
599	321	39103	75318		L·nh Cung	95	1
601	321	39296	75443		S¶n Vò 	95	1
598	321	38975	75543		S­¬ng §ao 	95	1
598	321	39477	75046		S­¬ng §ao 	95	1
601	321	39836	75763		S¶n Vò 	95	1
599	321	39898	75305		L·nh Cung	95	1
598	321	39769	75530		S­¬ng §ao 	95	1
598	321	40123	75771		S­¬ng §ao 	95	1
601	321	40091	75430		S¶n Vò 	95	1
598	321	40423	75274		S­¬ng §ao 	95	1
598	321	40777	75515		S­¬ng §ao 	95	1
601	321	40490	75507		S¶n Vò 	95	1
599	321	40607	75594		L·nh Cung	95	1
599	321	40552	75049		L·nh Cung	95	1
601	321	40745	75174		S¶n Vò 	95	1
598	321	42466	74960		S­¬ng §ao 	95	1
598	321	42820	75202		S­¬ng §ao 	95	1
601	321	42533	75193		S¶n Vò 	95	1
599	321	42650	75280		L·nh Cung	95	1
601	321	42788	74860		S¶n Vò 	95	1
599	321	43206	74752		L·nh Cung	95	1
601	321	43477	75353		S¶n Vò 	95	1
598	321	43410	75120		S­¬ng §ao 	95	1
598	321	43764	75361		S­¬ng §ao 	95	1
599	321	43594	75440		L·nh Cung	95	1
599	321	43539	74895		L·nh Cung	95	1
601	321	43732	75020		S¶n Vò 	95	1
598	321	44004	74766		S­¬ng §ao 	95	1
598	321	44358	75008		S­¬ng §ao 	95	1
601	321	44071	74999		S¶n Vò 	95	1
599	321	44188	75086		L·nh Cung	95	1
601	321	44502	75516		S¶n Vò 	95	1
598	321	44435	75283		S­¬ng §ao 	95	1
598	321	44788	75524		S­¬ng §ao 	95	1
599	321	44618	75602		L·nh Cung	95	1
599	321	44563	75058		L·nh Cung	95	1
601	321	44756	75182		S¶n Vò 	95	1
599	321	45249	74801		L·nh Cung	95	1
601	321	45827	75486		S¶n Vò 	95	1
599	321	45944	75572		L·nh Cung	95	1
599	321	45889	75028		L·nh Cung	95	1
598	321	45760	75252		S­¬ng §ao 	95	1
598	321	46114	75494		S­¬ng §ao 	95	1
601	321	46082	75152		S¶n Vò 	95	1
598	321	46563	74939		S­¬ng §ao 	95	1
601	321	46276	74930		S¶n Vò 	95	1
599	321	46393	75017		L·nh Cung	95	1
601	321	47896	75593		S¶n Vò 	95	1
599	321	48013	75679		L·nh Cung	95	1
599	321	47958	75135		L·nh Cung	95	1
598	321	47829	75360		S­¬ng §ao 	95	1
598	321	48439	74776		S­¬ng §ao 	95	1
601	321	48152	74768		S¶n Vò 	95	1
599	321	48269	74854		L·nh Cung	95	1
598	321	48183	75601		S­¬ng §ao 	95	1
601	321	48151	75259		S¶n Vò 	95	1
599	321	48902	75629		L·nh Cung	95	1
601	321	49095	75754		S¶n Vò 	95	1
598	321	49522	75277		S­¬ng §ao 	95	1
601	321	49235	75268		S¶n Vò 	95	1
599	321	49352	75355		L·nh Cung	95	1
599	321	49297	74810		L·nh Cung	95	1
601	321	49490	74935		S¶n Vò 	95	1
598	321	49168	75035		S­¬ng §ao 	95	1
599	321	32528	76548		L·nh Cung	95	1
601	321	32721	76673		S¶n Vò 	95	1
598	321	32400	76773		S­¬ng §ao 	95	1
598	321	33153	75989		S­¬ng §ao 	95	1
601	321	32866	75981		S¶n Vò 	95	1
599	321	32983	76067		L·nh Cung	95	1
598	321	33669	75941		S­¬ng §ao 	95	1
601	321	33382	75933		S¶n Vò 	95	1
599	321	33499	76020		L·nh Cung	95	1
599	321	33483	76515		L·nh Cung	95	1
601	321	33676	76640		S¶n Vò 	95	1
598	321	33354	76740		S­¬ng §ao 	95	1
599	321	34125	76448		L·nh Cung	95	1
598	321	33996	76673		S­¬ng §ao 	95	1
601	321	34318	76573		S¶n Vò 	95	1
599	321	34660	76482		L·nh Cung	95	1
598	321	34531	76706		S­¬ng §ao 	95	1
601	321	34853	76606		S¶n Vò 	95	1
601	321	35062	76217		S¶n Vò 	95	1
599	321	35178	76304		L·nh Cung	95	1
601	321	35316	75884		S¶n Vò 	95	1
598	321	34994	75984		S­¬ng §ao 	95	1
598	321	35348	76226		S­¬ng §ao 	95	1
598	321	35727	76674		S­¬ng §ao 	95	1
601	321	35440	76666		S¶n Vò 	95	1
599	321	35557	76752		L·nh Cung	95	1
599	321	35502	76208		L·nh Cung	95	1
601	321	35695	76332		S¶n Vò 	95	1
598	321	35373	76433		S­¬ng §ao 	95	1
599	321	36884	76621		L·nh Cung	95	1
601	321	37077	76746		S¶n Vò 	95	1
599	321	37819	76399		L·nh Cung	95	1
598	321	37691	76623		S­¬ng §ao 	95	1
601	321	38012	76523		S¶n Vò 	95	1
601	321	38699	76272		S¶n Vò 	95	1
599	321	38816	76359		L·nh Cung	95	1
599	321	38761	75814		L·nh Cung	95	1
598	321	38632	76039		S­¬ng §ao 	95	1
598	321	38986	76280		S­¬ng §ao 	95	1
601	321	38954	75939		S¶n Vò 	95	1
598	321	39328	75784		S­¬ng §ao 	95	1
601	321	39042	75776		S¶n Vò 	95	1
599	321	39158	75862		L·nh Cung	95	1
599	321	39133	76642		L·nh Cung	95	1
601	321	39326	76767		S¶n Vò 	95	1
601	321	39762	76570		S¶n Vò 	95	1
599	321	39879	76656		L·nh Cung	95	1
599	321	39824	76112		L·nh Cung	95	1
598	321	39695	76336		S­¬ng §ao 	95	1
598	321	40049	76578		S­¬ng §ao 	95	1
601	321	40017	76236		S¶n Vò 	95	1
599	321	39953	75850		L·nh Cung	95	1
601	321	40678	76259		S¶n Vò 	95	1
599	321	40795	76345		L·nh Cung	95	1
599	321	40740	75801		L·nh Cung	95	1
601	321	40933	75925		S¶n Vò 	95	1
598	321	40611	76026		S­¬ng §ao 	95	1
598	321	40965	76267		S­¬ng §ao 	95	1
601	321	41404	76576		S¶n Vò 	95	1
599	321	41466	76118		L·nh Cung	95	1
598	321	41337	76343		S­¬ng §ao 	95	1
598	321	41691	76584		S­¬ng §ao 	95	1
599	321	41521	76663		L·nh Cung	95	1
601	321	41659	76243		S¶n Vò 	95	1
601	321	42280	76413		S¶n Vò 	95	1
599	321	42397	76500		L·nh Cung	95	1
599	321	42342	75955		L·nh Cung	95	1
598	321	42213	76180		S­¬ng §ao 	95	1
598	321	42567	76421		S­¬ng §ao 	95	1
601	321	42535	76080		S¶n Vò 	95	1
599	321	42834	76685		L·nh Cung	95	1
598	321	43502	76685		S­¬ng §ao 	95	1
601	321	43216	76677		S¶n Vò 	95	1
599	321	43332	76764		L·nh Cung	95	1
599	321	43277	76219		L·nh Cung	95	1
601	321	43470	76344		S¶n Vò 	95	1
598	321	43149	76444		S­¬ng §ao 	95	1
598	321	44973	76283		S­¬ng §ao 	95	1
601	321	44686	76275		S¶n Vò 	95	1
599	321	44803	76362		L·nh Cung	95	1
599	321	44748	75817		L·nh Cung	95	1
601	321	44941	75942		S¶n Vò 	95	1
598	321	44619	76042		S­¬ng §ao 	95	1
601	321	46465	76453		S¶n Vò 	95	1
599	321	46582	76540		L·nh Cung	95	1
599	321	46526	75995		L·nh Cung	95	1
598	321	46398	76220		S­¬ng §ao 	95	1
599	321	46208	76704		L·nh Cung	95	1
598	321	46752	76462		S­¬ng §ao 	95	1
601	321	46719	76120		S¶n Vò 	95	1
601	321	47400	76393		S¶n Vò 	95	1
599	321	47517	76480		L·nh Cung	95	1
599	321	47462	75935		L·nh Cung	95	1
598	321	47333	76160		S­¬ng §ao 	95	1
598	321	47687	76401		S­¬ng §ao 	95	1
601	321	47655	76060		S¶n Vò 	95	1
599	321	48083	76615		L·nh Cung	95	1
601	321	48276	76739		S¶n Vò 	95	1
601	321	48840	76087		S¶n Vò 	95	1
599	321	48957	76174		L·nh Cung	95	1
598	321	48773	75854		S­¬ng §ao 	95	1
598	321	49127	76095		S­¬ng §ao 	95	1
601	321	49389	76473		S¶n Vò 	95	1
599	321	49506	76560		L·nh Cung	95	1
599	321	49451	76016		L·nh Cung	95	1
601	321	49644	76140		S¶n Vò 	95	1
598	321	49322	76240		S­¬ng §ao 	95	1
598	321	49676	76482		S­¬ng §ao 	95	1
598	321	32753	77014		S­¬ng §ao 	95	1
601	321	32467	77006		S¶n Vò 	95	1
599	321	32583	77093		L·nh Cung	95	1
599	321	32978	77397		L·nh Cung	95	1
601	321	33170	77522		S¶n Vò 	95	1
598	321	32849	77622		S­¬ng §ao 	95	1
598	321	33708	76981		S­¬ng §ao 	95	1
601	321	33421	76973		S¶n Vò 	95	1
599	321	33538	77060		L·nh Cung	95	1
601	321	33539	77800		S¶n Vò 	95	1
599	321	33600	77342		L·nh Cung	95	1
598	321	33472	77567		S­¬ng §ao 	95	1
598	321	33826	77809		S­¬ng §ao 	95	1
601	321	33793	77467		S¶n Vò 	95	1
601	321	34063	76906		S¶n Vò 	95	1
599	321	34180	76993		L·nh Cung	95	1
601	321	34283	77792		S¶n Vò 	95	1
598	321	34216	77559		S­¬ng §ao 	95	1
598	321	34350	76914		S­¬ng §ao 	95	1
598	321	34570	77801		S­¬ng §ao 	95	1
599	321	34345	77334		L·nh Cung	95	1
601	321	34537	77459		S¶n Vò 	95	1
601	321	34598	76940		S¶n Vò 	95	1
599	321	34715	77026		L·nh Cung	95	1
598	321	34885	76948		S­¬ng §ao 	95	1
601	321	35236	77354		S¶n Vò 	95	1
599	321	35297	76896		L·nh Cung	95	1
598	321	35169	77121		S­¬ng §ao 	95	1
598	321	35523	77363		S­¬ng §ao 	95	1
599	321	35353	77441		L·nh Cung	95	1
601	321	35490	77021		S¶n Vò 	95	1
599	321	35395	77795		L·nh Cung	95	1
601	321	36822	77079		S¶n Vò 	95	1
598	321	36755	76846		S­¬ng §ao 	95	1
599	321	36807	77553		L·nh Cung	95	1
598	321	36678	77778		S­¬ng §ao 	95	1
598	321	37109	77087		S­¬ng §ao 	95	1
599	321	36939	77166		L·nh Cung	95	1
601	321	37000	77678		S¶n Vò 	95	1
601	321	37758	76857		S¶n Vò 	95	1
599	321	37874	76943		L·nh Cung	95	1
600	321	37738	77630		Gi¸ng Chïy	95	1
600	321	37456	77698		Gi¸ng Chïy	95	1
598	321	38044	76865		S­¬ng §ao 	95	1
599	321	38621	77590		L·nh Cung	95	1
601	321	38814	77715		S¶n Vò 	95	1
598	321	38492	77815		S­¬ng §ao 	95	1
598	321	39358	77109		S­¬ng §ao 	95	1
601	321	39071	77100		S¶n Vò 	95	1
599	321	39188	77187		L·nh Cung	95	1
598	321	39004	76867		S­¬ng §ao 	95	1
599	321	39357	77610		L·nh Cung	95	1
601	321	39550	77735		S¶n Vò 	95	1
599	321	39845	77645		L·nh Cung	95	1
601	321	40037	77770		S¶n Vò 	95	1
600	321	40716	77708		Gi¸ng Chïy	95	1
600	321	40998	77639		Gi¸ng Chïy	95	1
598	321	41929	77352		S­¬ng §ao 	95	1
601	321	41642	77344		S¶n Vò 	95	1
599	321	41759	77431		L·nh Cung	95	1
599	321	41704	76886		L·nh Cung	95	1
601	321	41897	77011		S¶n Vò 	95	1
598	321	41575	77111		S­¬ng §ao 	95	1
601	321	42772	77142		S¶n Vò 	95	1
599	321	42889	77229		L·nh Cung	95	1
598	321	42705	76909		S­¬ng §ao 	95	1
598	321	43059	77151		S­¬ng §ao 	95	1
601	321	43027	76809		S¶n Vò 	95	1
601	321	43769	77451		S¶n Vò 	95	1
599	321	43885	77538		L·nh Cung	95	1
599	321	43830	76993		L·nh Cung	95	1
601	321	44023	77118		S¶n Vò 	95	1
598	321	43702	77218		S­¬ng §ao 	95	1
598	321	44055	77459		S­¬ng §ao 	95	1
599	321	44482	77777		L·nh Cung	95	1
599	321	44954	77497		L·nh Cung	95	1
598	321	44825	77721		S­¬ng §ao 	95	1
601	321	45147	77621		S¶n Vò 	95	1
599	321	46059	77566		L·nh Cung	95	1
598	321	45930	77791		S­¬ng §ao 	95	1
601	321	46147	77162		S¶n Vò 	95	1
599	321	46263	77248		L·nh Cung	95	1
598	321	46080	76929		S­¬ng §ao 	95	1
598	321	46434	77170		S­¬ng §ao 	95	1
601	321	46401	76829		S¶n Vò 	95	1
601	321	46252	77690		S¶n Vò 	95	1
601	321	46929	77791		S¶n Vò 	95	1
599	321	46991	77333		L·nh Cung	95	1
598	321	46862	77558		S­¬ng §ao 	95	1
598	321	47216	77799		S­¬ng §ao 	95	1
601	321	47184	77457		S¶n Vò 	95	1
601	321	48021	77073		S¶n Vò 	95	1
598	321	47954	76840		S­¬ng §ao 	95	1
599	321	48138	77159		L·nh Cung	95	1
598	321	48308	77081		S­¬ng §ao 	95	1
601	321	49067	77465		S¶n Vò 	95	1
599	321	49128	77007		L·nh Cung	95	1
598	321	49000	77232		S­¬ng §ao 	95	1
599	321	49183	77552		L·nh Cung	95	1
598	321	49353	77474		S­¬ng §ao 	95	1
601	321	49321	77132		S¶n Vò 	95	1
601	321	49971	77535		S¶n Vò 	95	1
599	321	50088	77621		L·nh Cung	95	1
599	321	50033	77077		L·nh Cung	95	1
598	321	49904	77301		S­¬ng §ao 	95	1
598	321	50258	77543		S­¬ng §ao 	95	1
601	321	50225	77201		S¶n Vò 	95	1
600	321	31589	78533		Gi¸ng Chïy	95	1
598	321	31471	78276		S­¬ng §ao 	95	1
600	321	31482	78007		Gi¸ng Chïy	95	1
600	321	31764	77938		Gi¸ng Chïy	95	1
601	321	31780	78496		S¶n Vò 	95	1
599	321	31863	78276		L·nh Cung	95	1
600	321	32041	78795		Gi¸ng Chïy	95	1
598	321	33203	77863		S­¬ng §ao 	95	1
601	321	32916	77855		S¶n Vò 	95	1
599	321	33033	77942		L·nh Cung	95	1
600	321	33206	78738		Gi¸ng Chïy	95	1
599	321	33655	77887		L·nh Cung	95	1
600	321	33488	78669		Gi¸ng Chïy	95	1
600	321	34279	78817		Gi¸ng Chïy	95	1
599	321	34400	77879		L·nh Cung	95	1
600	321	34561	78748		Gi¸ng Chïy	95	1
598	321	35266	78019		S­¬ng §ao 	95	1
598	321	35620	78261		S­¬ng §ao 	95	1
601	321	35333	78253		S¶n Vò 	95	1
599	321	35450	78339		L·nh Cung	95	1
601	321	35588	77919		S¶n Vò 	95	1
601	321	36085	78794		S¶n Vò 	95	1
599	321	36146	78336		L·nh Cung	95	1
601	321	36339	78461		S¶n Vò 	95	1
598	321	36018	78561		S­¬ng §ao 	95	1
601	321	36745	78011		S¶n Vò 	95	1
599	321	36862	78098		L·nh Cung	95	1
598	321	36372	78802		S­¬ng §ao 	95	1
599	321	36828	78622		L·nh Cung	95	1
598	321	36699	78847		S­¬ng §ao 	95	1
598	321	37032	78019		S­¬ng §ao 	95	1
601	321	37020	78747		S¶n Vò 	95	1
600	321	37563	78224		Gi¸ng Chïy	95	1
598	321	37445	77968		S­¬ng §ao 	95	1
601	321	37754	78188		S¶n Vò 	95	1
599	321	37837	77968		L·nh Cung	95	1
600	321	37780	78523		Gi¸ng Chïy	95	1
600	321	37498	78592		Gi¸ng Chïy	95	1
598	321	38846	78057		S­¬ng §ao 	95	1
601	321	38559	78048		S¶n Vò 	95	1
599	321	38676	78135		L·nh Cung	95	1
601	321	39295	78068		S¶n Vò 	95	1
599	321	39412	78155		L·nh Cung	95	1
598	321	39228	77835		S­¬ng §ao 	95	1
600	321	39050	78816		Gi¸ng Chïy	95	1
598	321	39582	78076		S­¬ng §ao 	95	1
601	321	39783	78103		S¶n Vò 	95	1
599	321	39900	78190		L·nh Cung	95	1
598	321	39716	77870		S­¬ng §ao 	95	1
598	321	40070	78111		S­¬ng §ao 	95	1
600	321	40823	78233		Gi¸ng Chïy	95	1
598	321	40706	77977		S­¬ng §ao 	95	1
600	321	40745	78315		Gi¸ng Chïy	95	1
599	321	40844	78653		L·nh Cung	95	1
600	321	40463	78384		Gi¸ng Chïy	95	1
598	321	40452	78653		S­¬ng §ao 	95	1
601	321	41014	78197		S¶n Vò 	95	1
599	321	41097	77977		L·nh Cung	95	1
601	321	44421	78234		S¶n Vò 	95	1
599	321	44537	78321		L·nh Cung	95	1
598	321	44354	78001		S­¬ng §ao 	95	1
598	321	44708	78243		S­¬ng §ao 	95	1
601	321	44675	77901		S¶n Vò 	95	1
601	321	44892	77954		S¶n Vò 	95	1
599	321	45009	78041		L·nh Cung	95	1
601	321	44924	78778		S¶n Vò 	95	1
599	321	44986	78320		L·nh Cung	95	1
598	321	44857	78545		S­¬ng §ao 	95	1
598	321	45179	77963		S­¬ng §ao 	95	1
598	321	45211	78786		S­¬ng §ao 	95	1
601	321	45179	78445		S¶n Vò 	95	1
601	321	45535	78604		S¶n Vò 	95	1
598	321	45468	78371		S­¬ng §ao 	95	1
601	321	45997	78024		S¶n Vò 	95	1
599	321	45652	78691		L·nh Cung	95	1
599	321	45597	78146		L·nh Cung	95	1
598	321	45822	78612		S­¬ng §ao 	95	1
601	321	45790	78271		S¶n Vò 	95	1
601	321	46443	78475		S¶n Vò 	95	1
599	321	46560	78562		L·nh Cung	95	1
599	321	46505	78018		L·nh Cung	95	1
598	321	46376	78242		S­¬ng §ao 	95	1
599	321	46114	78110		L·nh Cung	95	1
598	321	46284	78032		S­¬ng §ao 	95	1
599	321	47046	77877		L·nh Cung	95	1
598	321	46730	78484		S­¬ng §ao 	95	1
601	321	46698	78142		S¶n Vò 	95	1
601	321	47815	78440		S¶n Vò 	95	1
599	321	47932	78526		L·nh Cung	95	1
599	321	47877	77982		L·nh Cung	95	1
598	321	47748	78206		S­¬ng §ao 	95	1
598	321	48102	78448		S­¬ng §ao 	95	1
601	321	48069	78106		S¶n Vò 	95	1
601	321	48426	78589		S¶n Vò 	95	1
599	321	48542	78676		L·nh Cung	95	1
599	321	48487	78131		L·nh Cung	95	1
598	321	48359	78356		S­¬ng §ao 	95	1
598	321	48712	78597		S­¬ng §ao 	95	1
601	321	48680	78256		S¶n Vò 	95	1
601	321	49254	78357		S¶n Vò 	95	1
599	321	49371	78444		L·nh Cung	95	1
599	321	49316	77899		L·nh Cung	95	1
598	321	49187	78124		S­¬ng §ao 	95	1
598	321	49541	78365		S­¬ng §ao 	95	1
601	321	49509	78024		S¶n Vò 	95	1
600	321	31866	79390		Gi¸ng Chïy	95	1
598	321	31748	79133		S­¬ng §ao 	95	1
600	321	31759	78864		Gi¸ng Chïy	95	1
601	321	32057	79353		S¶n Vò 	95	1
599	321	32140	79133		L·nh Cung	95	1
598	321	32760	79461		S­¬ng §ao 	95	1
598	321	33195	79007		S­¬ng §ao 	95	1
600	321	33053	79123		Gi¸ng Chïy	95	1
600	321	32878	79718		Gi¸ng Chïy	95	1
600	321	32771	79192		Gi¸ng Chïy	95	1
601	321	33069	79681		S¶n Vò 	95	1
599	321	33152	79461		L·nh Cung	95	1
600	321	33313	79263		Gi¸ng Chïy	95	1
601	321	33504	79227		S¶n Vò 	95	1
599	321	33587	79007		L·nh Cung	95	1
598	321	34269	79086		S­¬ng §ao 	95	1
600	321	34386	79343		Gi¸ng Chïy	95	1
601	321	34577	79306		S¶n Vò 	95	1
599	321	34660	79086		L·nh Cung	95	1
598	321	35647	79756		S­¬ng §ao 	95	1
600	321	35658	79487		Gi¸ng Chïy	95	1
599	321	36201	78881		L·nh Cung	95	1
600	321	35940	79418		Gi¸ng Chïy	95	1
599	321	36039	79756		L·nh Cung	95	1
598	321	36207	79775		S­¬ng §ao 	95	1
600	321	36217	79506		Gi¸ng Chïy	95	1
601	321	36766	79080		S¶n Vò 	95	1
600	321	36500	79437		Gi¸ng Chïy	95	1
599	321	36598	79775		L·nh Cung	95	1
598	321	37053	79089		S­¬ng §ao 	95	1
599	321	36883	79167		L·nh Cung	95	1
598	321	37370	79804		S­¬ng §ao 	95	1
600	321	37605	79117		Gi¸ng Chïy	95	1
598	321	37487	78861		S­¬ng §ao 	95	1
601	321	37796	79081		S¶n Vò 	95	1
599	321	37879	78861		L·nh Cung	95	1
600	321	37663	79466		Gi¸ng Chïy	95	1
600	321	37380	79535		Gi¸ng Chïy	95	1
599	321	37761	79804		L·nh Cung	95	1
600	321	38363	79083		Gi¸ng Chïy	95	1
600	321	38188	79677		Gi¸ng Chïy	95	1
598	321	38070	79421		S­¬ng §ao 	95	1
600	321	38081	79152		Gi¸ng Chïy	95	1
601	321	38379	79641		S¶n Vò 	95	1
600	321	38838	79788		Gi¸ng Chïy	95	1
600	321	38875	79411		Gi¸ng Chïy	95	1
598	321	38757	79154		S­¬ng §ao 	95	1
600	321	38768	78885		Gi¸ng Chïy	95	1
599	321	38462	79421		L·nh Cung	95	1
600	321	39363	79757		Gi¸ng Chïy	95	1
600	321	39120	79720		Gi¸ng Chïy	95	1
601	321	39066	79374		S¶n Vò 	95	1
599	321	39149	79154		L·nh Cung	95	1
600	321	39762	79444		Gi¸ng Chïy	95	1
598	321	39645	79187		S­¬ng §ao 	95	1
600	321	39655	78918		Gi¸ng Chïy	95	1
600	321	39645	79689		Gi¸ng Chïy	95	1
600	321	39937	78849		Gi¸ng Chïy	95	1
601	321	39953	79407		S¶n Vò 	95	1
599	321	40036	79187		L·nh Cung	95	1
601	321	40761	78873		S¶n Vò 	95	1
600	321	40570	78909		Gi¸ng Chïy	95	1
600	321	43445	78938		Gi¸ng Chïy	95	1
600	321	43270	79533		Gi¸ng Chïy	95	1
598	321	43152	79276		S­¬ng §ao 	95	1
600	321	43163	79007		Gi¸ng Chïy	95	1
601	321	43461	79496		S¶n Vò 	95	1
599	321	43544	79276		L·nh Cung	95	1
599	321	45041	78865		L·nh Cung	95	1
601	321	46411	79486		S¶n Vò 	95	1
599	321	46528	79572		L·nh Cung	95	1
599	321	46473	79028		L·nh Cung	95	1
598	321	46344	79252		S­¬ng §ao 	95	1
599	321	46904	79826		L·nh Cung	95	1
598	321	46698	79494		S­¬ng §ao 	95	1
601	321	46666	79152		S¶n Vò 	95	1
601	321	47211	79826		S¶n Vò 	95	1
599	321	47273	79368		L·nh Cung	95	1
598	321	47144	79593		S­¬ng §ao 	95	1
598	321	47498	79835		S­¬ng §ao 	95	1
601	321	47466	79493		S¶n Vò 	95	1
599	321	47830	79678		L·nh Cung	95	1
601	321	48023	79803		S¶n Vò 	95	1
599	321	49579	79702		L·nh Cung	95	1
601	321	49771	79827		S¶n Vò 	95	1
598	321	31735	80611		S­¬ng §ao 	95	1
601	321	31449	80602		S¶n Vò 	95	1
599	321	31565	80689		L·nh Cung	95	1
598	321	31382	80369		S­¬ng §ao 	95	1
601	321	31703	80269		S¶n Vò 	95	1
599	321	31510	80145		L·nh Cung	95	1
600	321	33165	80664		Gi¸ng Chïy	95	1
600	321	33447	80596		Gi¸ng Chïy	95	1
598	321	33678	80789		S­¬ng §ao 	95	1
600	321	33688	80520		Gi¸ng Chïy	95	1
600	321	33971	80452		Gi¸ng Chïy	95	1
599	321	34069	80789		L·nh Cung	95	1
600	321	34776	80685		Gi¸ng Chïy	95	1
598	321	34658	80428		S­¬ng §ao 	95	1
600	321	34669	80159		Gi¸ng Chïy	95	1
600	321	34951	80090		Gi¸ng Chïy	95	1
601	321	34967	80648		S¶n Vò 	95	1
599	321	35050	80428		L·nh Cung	95	1
600	321	35765	80012		Gi¸ng Chïy	95	1
601	321	35956	79976		S¶n Vò 	95	1
600	321	36325	80031		Gi¸ng Chïy	95	1
601	321	36515	79995		S¶n Vò 	95	1
600	321	36831	80355		Gi¸ng Chïy	95	1
598	321	36538	80693		S­¬ng §ao 	95	1
600	321	36548	80424		Gi¸ng Chïy	95	1
599	321	36929	80693		L·nh Cung	95	1
600	321	37488	80060		Gi¸ng Chïy	95	1
601	321	37678	80024		S¶n Vò 	95	1
598	321	38310	80251		S­¬ng §ao 	95	1
600	321	38320	79982		Gi¸ng Chïy	95	1
598	321	38827	80057		S­¬ng §ao 	95	1
600	321	38602	79914		Gi¸ng Chïy	95	1
600	321	38427	80508		Gi¸ng Chïy	95	1
601	321	38618	80472		S¶n Vò 	95	1
599	321	38701	80251		L·nh Cung	95	1
598	321	39352	80027		S­¬ng §ao 	95	1
600	321	38945	80314		Gi¸ng Chïy	95	1
601	321	39136	80278		S¶n Vò 	95	1
599	321	39219	80057		L·nh Cung	95	1
600	321	39470	80283		Gi¸ng Chïy	95	1
601	321	39661	80247		S¶n Vò 	95	1
599	321	39744	80027		L·nh Cung	95	1
600	321	40353	80653		Gi¸ng Chïy	95	1
600	321	40071	80721		Gi¸ng Chïy	95	1
598	321	42116	80610		S­¬ng §ao 	95	1
599	321	42244	80385		L·nh Cung	95	1
601	321	42437	80510		S¶n Vò 	95	1
601	321	42183	80843		S¶n Vò 	95	1
598	321	42470	80851		S­¬ng §ao 	95	1
598	321	42810	80717		S­¬ng §ao 	95	1
599	321	42938	80492		L·nh Cung	95	1
601	321	43131	80617		S¶n Vò 	95	1
598	321	45528	80557		S­¬ng §ao 	95	1
601	321	45241	80549		S¶n Vò 	95	1
599	321	45358	80635		L·nh Cung	95	1
598	321	45174	80316		S­¬ng §ao 	95	1
601	321	45495	80215		S¶n Vò 	95	1
599	321	45302	80091		L·nh Cung	95	1
601	321	45852	80573		S¶n Vò 	95	1
599	321	45969	80660		L·nh Cung	95	1
599	321	45914	80115		L·nh Cung	95	1
598	321	45785	80340		S­¬ng §ao 	95	1
598	321	46139	80581		S­¬ng §ao 	95	1
601	321	46107	80240		S¶n Vò 	95	1
601	321	46842	80284		S¶n Vò 	95	1
599	321	46959	80371		L·nh Cung	95	1
598	321	46775	80051		S­¬ng §ao 	95	1
601	321	47097	79951		S¶n Vò 	95	1
599	321	47328	79913		L·nh Cung	95	1
598	321	47129	80292		S­¬ng §ao 	95	1
601	321	47768	80136		S¶n Vò 	95	1
599	321	47885	80223		L·nh Cung	95	1
598	321	47701	79903		S­¬ng §ao 	95	1
598	321	48055	80145		S­¬ng §ao 	95	1
601	321	48230	80675		S¶n Vò 	95	1
599	321	48347	80762		L·nh Cung	95	1
599	321	48292	80218		L·nh Cung	95	1
598	321	48163	80442		S­¬ng §ao 	95	1
598	321	48517	80684		S­¬ng §ao 	95	1
601	321	48485	80342		S¶n Vò 	95	1
601	321	49517	80160		S¶n Vò 	95	1
599	321	49634	80247		L·nh Cung	95	1
598	321	49450	79927		S­¬ng §ao 	95	1
598	321	49804	80169		S­¬ng §ao 	95	1
601	321	31482	81690		S¶n Vò 	95	1
599	321	31598	81776		L·nh Cung	95	1
598	321	31415	81456		S­¬ng §ao 	95	1
601	321	31736	81356		S¶n Vò 	95	1
599	321	31543	81232		L·nh Cung	95	1
598	321	31768	81698		S­¬ng §ao 	95	1
600	321	33272	81190		Gi¸ng Chïy	95	1
598	321	33154	80933		S­¬ng §ao 	95	1
601	321	33463	81154		S¶n Vò 	95	1
599	321	33546	80933		L·nh Cung	95	1
600	321	33796	81046		Gi¸ng Chïy	95	1
601	321	33986	81010		S¶n Vò 	95	1
600	321	34716	81499		Gi¸ng Chïy	95	1
598	321	34598	81242		S­¬ng §ao 	95	1
600	321	34609	80973		Gi¸ng Chïy	95	1
600	321	34891	80904		Gi¸ng Chïy	95	1
601	321	34906	81462		S¶n Vò 	95	1
599	321	34989	81242		L·nh Cung	95	1
600	321	36224	81861		Gi¸ng Chïy	95	1
598	321	36106	81604		S­¬ng §ao 	95	1
600	321	36116	81335		Gi¸ng Chïy	95	1
600	321	36656	80949		Gi¸ng Chïy	95	1
601	321	36846	80913		S¶n Vò 	95	1
600	321	36786	81818		Gi¸ng Chïy	95	1
598	321	36668	81562		S­¬ng §ao 	95	1
600	321	36679	81293		Gi¸ng Chïy	95	1
600	321	36399	81266		Gi¸ng Chïy	95	1
601	321	36414	81824		S¶n Vò 	95	1
599	321	36497	81604		L·nh Cung	95	1
600	321	36961	81224		Gi¸ng Chïy	95	1
601	321	36977	81782		S¶n Vò 	95	1
599	321	37060	81562		L·nh Cung	95	1
600	321	38313	81566		Gi¸ng Chïy	95	1
600	321	38031	81635		Gi¸ng Chïy	95	1
598	321	38020	81904		S­¬ng §ao 	95	1
599	321	38412	81904		L·nh Cung	95	1
600	321	38800	81447		Gi¸ng Chïy	95	1
599	321	38899	81784		L·nh Cung	95	1
600	321	38518	81515		Gi¸ng Chïy	95	1
598	321	38507	81784		S­¬ng §ao 	95	1
601	321	40369	81210		S¶n Vò 	95	1
600	321	40178	81247		Gi¸ng Chïy	95	1
598	321	40060	80990		S­¬ng §ao 	95	1
599	321	40452	80990		L·nh Cung	95	1
598	321	41457	81531		S­¬ng §ao 	95	1
599	321	41586	81306		L·nh Cung	95	1
601	321	41779	81430		S¶n Vò 	95	1
601	321	41524	81764		S¶n Vò 	95	1
599	321	41641	81850		L·nh Cung	95	1
598	321	41811	81772		S­¬ng §ao 	95	1
599	321	42299	80930		L·nh Cung	95	1
601	321	42877	80950		S¶n Vò 	95	1
599	321	42994	81037		L·nh Cung	95	1
598	321	42507	81309		S­¬ng §ao 	95	1
599	321	42636	81085		L·nh Cung	95	1
601	321	42829	81209		S¶n Vò 	95	1
601	321	42574	81542		S¶n Vò 	95	1
599	321	42691	81629		L·nh Cung	95	1
598	321	42861	81551		S­¬ng §ao 	95	1
598	321	43164	80958		S­¬ng §ao 	95	1
598	321	45382	81690		S­¬ng §ao 	95	1
599	321	45511	81466		L·nh Cung	95	1
601	321	45704	81590		S¶n Vò 	95	1
601	321	46945	81674		S¶n Vò 	95	1
599	321	47062	81761		L·nh Cung	95	1
599	321	47007	81217		L·nh Cung	95	1
598	321	46878	81441		S­¬ng §ao 	95	1
598	321	47572	81631		S­¬ng §ao 	95	1
598	321	47232	81683		S­¬ng §ao 	95	1
601	321	47200	81341		S¶n Vò 	95	1
601	321	47640	81864		S¶n Vò 	95	1
599	321	47701	81406		L·nh Cung	95	1
598	321	47926	81872		S­¬ng §ao 	95	1
601	321	47894	81530		S¶n Vò 	95	1
601	321	48335	81886		S¶n Vò 	95	1
599	321	48396	81428		L·nh Cung	95	1
598	321	48268	81652		S­¬ng §ao 	95	1
598	321	48621	81894		S­¬ng §ao 	95	1
601	321	48589	81552		S¶n Vò 	95	1
599	321	49509	81517		L·nh Cung	95	1
598	321	49381	81742		S­¬ng §ao 	95	1
601	321	49702	81642		S¶n Vò 	95	1
599	321	31178	82827		L·nh Cung	95	1
598	321	33536	82699		S­¬ng §ao 	95	1
600	321	33546	82430		Gi¸ng Chïy	95	1
600	321	33828	82361		Gi¸ng Chïy	95	1
601	321	33844	82919		S¶n Vò 	95	1
599	321	33927	82699		L·nh Cung	95	1
600	321	34289	82022		Gi¸ng Chïy	95	1
600	321	34114	82616		Gi¸ng Chïy	95	1
598	321	33996	82360		S­¬ng §ao 	95	1
600	321	34007	82090		Gi¸ng Chïy	95	1
601	321	34305	82580		S¶n Vò 	95	1
599	321	34388	82360		L·nh Cung	95	1
600	321	34373	82911		Gi¸ng Chïy	95	1
600	321	35754	81977		Gi¸ng Chïy	95	1
600	321	35579	82571		Gi¸ng Chïy	95	1
598	321	35461	82315		S­¬ng §ao 	95	1
600	321	35472	82045		Gi¸ng Chïy	95	1
601	321	35770	82535		S¶n Vò 	95	1
600	321	35697	82848		Gi¸ng Chïy	95	1
600	321	35415	82917		Gi¸ng Chïy	95	1
599	321	35853	82315		L·nh Cung	95	1
600	321	36156	82593		Gi¸ng Chïy	95	1
598	321	35863	82931		S­¬ng §ao 	95	1
600	321	35873	82662		Gi¸ng Chïy	95	1
599	321	36254	82931		L·nh Cung	95	1
600	321	37475	82878		Gi¸ng Chïy	95	1
601	321	38329	82124		S¶n Vò 	95	1
600	321	38138	82160		Gi¸ng Chïy	95	1
601	321	38816	82004		S¶n Vò 	95	1
600	321	38625	82041		Gi¸ng Chïy	95	1
600	321	39418	82156		Gi¸ng Chïy	95	1
598	321	39408	82425		S­¬ng §ao 	95	1
600	321	39701	82087		Gi¸ng Chïy	95	1
601	321	39716	82645		S¶n Vò 	95	1
599	321	39799	82425		L·nh Cung	95	1
600	321	39526	82682		Gi¸ng Chïy	95	1
600	321	39704	82818		Gi¸ng Chïy	95	1
600	321	39987	82749		Gi¸ng Chïy	95	1
598	321	41326	82502		S­¬ng §ao 	95	1
599	321	41455	82278		L·nh Cung	95	1
601	321	41393	82735		S¶n Vò 	95	1
601	321	41648	82402		S¶n Vò 	95	1
599	321	41510	82822		L·nh Cung	95	1
598	321	41680	82744		S­¬ng §ao 	95	1
598	321	41756	82151		S­¬ng §ao 	95	1
599	321	41885	81926		L·nh Cung	95	1
601	321	41823	82384		S¶n Vò 	95	1
599	321	41940	82471		L·nh Cung	95	1
601	321	42078	82051		S¶n Vò 	95	1
598	321	42110	82392		S­¬ng §ao 	95	1
600	321	42924	82493		Gi¸ng Chïy	95	1
598	321	42914	82762		S­¬ng §ao 	95	1
600	321	43206	82424		Gi¸ng Chïy	95	1
599	321	43305	82762		L·nh Cung	95	1
601	321	45449	81924		S¶n Vò 	95	1
599	321	45566	82010		L·nh Cung	95	1
598	321	45736	81932		S­¬ng §ao 	95	1
599	321	46499	82744		L·nh Cung	95	1
601	321	46692	82869		S¶n Vò 	95	1
601	321	47582	82689		S¶n Vò 	95	1
598	321	47515	82456		S­¬ng §ao 	95	1
599	321	47756	81950		L·nh Cung	95	1
599	321	47699	82776		L·nh Cung	95	1
599	321	47644	82232		L·nh Cung	95	1
598	321	47869	82698		S­¬ng §ao 	95	1
601	321	47837	82356		S¶n Vò 	95	1
599	321	48451	81972		L·nh Cung	95	1
601	321	49448	81975		S¶n Vò 	95	1
599	321	49564	82062		L·nh Cung	95	1
598	321	49734	81983		S­¬ng §ao 	95	1
601	321	31117	83285		S¶n Vò 	95	1
598	321	31050	83052		S­¬ng §ao 	95	1
598	321	31404	83293		S­¬ng §ao 	95	1
599	321	31233	83371		L·nh Cung	95	1
601	321	31371	82951		S¶n Vò 	95	1
601	321	31583	83886		S¶n Vò 	95	1
599	321	31390	83762		L·nh Cung	95	1
599	321	31887	83863		L·nh Cung	95	1
601	321	32223	83845		S¶n Vò 	95	1
598	321	32156	83612		S­¬ng §ao 	95	1
598	321	32509	83853		S­¬ng §ao 	95	1
599	321	32339	83932		L·nh Cung	95	1
601	321	32477	83512		S¶n Vò 	95	1
599	321	32284	83387		L·nh Cung	95	1
600	321	33653	82956		Gi¸ng Chïy	95	1
600	321	34198	83505		Gi¸ng Chïy	95	1
598	321	34080	83248		S­¬ng §ao 	95	1
600	321	34091	82979		Gi¸ng Chïy	95	1
601	321	34389	83469		S¶n Vò 	95	1
599	321	34472	83248		L·nh Cung	95	1
600	321	35522	83443		Gi¸ng Chïy	95	1
598	321	35404	83186		S­¬ng §ao 	95	1
601	321	35713	83406		S¶n Vò 	95	1
599	321	35796	83186		L·nh Cung	95	1
600	321	35741	83756		Gi¸ng Chïy	95	1
600	321	35981	83188		Gi¸ng Chïy	95	1
601	321	36171	83151		S¶n Vò 	95	1
600	321	36024	83687		Gi¸ng Chïy	95	1
600	321	36502	83903		Gi¸ng Chïy	95	1
600	321	37300	83472		Gi¸ng Chïy	95	1
598	321	37182	83216		S­¬ng §ao 	95	1
600	321	37193	82947		Gi¸ng Chïy	95	1
601	321	37491	83436		S¶n Vò 	95	1
599	321	37574	83216		L·nh Cung	95	1
600	321	37770	83642		Gi¸ng Chïy	95	1
598	321	37652	83385		S­¬ng §ao 	95	1
600	321	37663	83116		Gi¸ng Chïy	95	1
600	321	37945	83048		Gi¸ng Chïy	95	1
601	321	37961	83606		S¶n Vò 	95	1
599	321	38044	83385		L·nh Cung	95	1
600	321	39812	83343		Gi¸ng Chïy	95	1
598	321	39694	83087		S­¬ng §ao 	95	1
601	321	40002	83307		S¶n Vò 	95	1
599	321	40085	83087		L·nh Cung	95	1
600	321	42944	83434		Gi¸ng Chïy	95	1
598	321	42933	83703		S­¬ng §ao 	95	1
601	321	43222	82982		S¶n Vò 	95	1
600	321	43031	83018		Gi¸ng Chïy	95	1
600	321	43226	83365		Gi¸ng Chïy	95	1
601	321	43242	83923		S¶n Vò 	95	1
599	321	43325	83703		L·nh Cung	95	1
600	321	43051	83959		Gi¸ng Chïy	95	1
598	321	45279	83668		S­¬ng §ao 	95	1
599	321	45408	83443		L·nh Cung	95	1
601	321	45346	83901		S¶n Vò 	95	1
601	321	45887	83460		S¶n Vò 	95	1
599	321	46004	83546		L·nh Cung	95	1
598	321	45820	83226		S­¬ng §ao 	95	1
599	321	45949	83002		L·nh Cung	95	1
601	321	45601	83567		S¶n Vò 	95	1
598	321	45633	83909		S­¬ng §ao 	95	1
601	321	46437	83202		S¶n Vò 	95	1
599	321	46554	83289		L·nh Cung	95	1
598	321	46370	82969		S­¬ng §ao 	95	1
598	321	46514	83924		S­¬ng §ao 	95	1
598	321	46174	83468		S­¬ng §ao 	95	1
601	321	46142	83126		S¶n Vò 	95	1
598	321	46724	83211		S­¬ng §ao 	95	1
601	321	46836	83823		S¶n Vò 	95	1
599	321	46643	83699		L·nh Cung	95	1
598	321	48061	83362		S­¬ng §ao 	95	1
598	321	48597	83175		S­¬ng §ao 	95	1
601	321	48128	83595		S¶n Vò 	95	1
599	321	48244	83682		L·nh Cung	95	1
599	321	48189	83138		L·nh Cung	95	1
598	321	48414	83604		S­¬ng §ao 	95	1
601	321	48382	83262		S¶n Vò 	95	1
601	321	48664	83408		S¶n Vò 	95	1
599	321	48781	83495		L·nh Cung	95	1
599	321	48726	82950		L·nh Cung	95	1
598	321	48951	83417		S­¬ng §ao 	95	1
601	321	48919	83075		S¶n Vò 	95	1
601	321	49540	83460		S¶n Vò 	95	1
599	321	49656	83546		L·nh Cung	95	1
599	321	49601	83002		L·nh Cung	95	1
598	321	49473	83227		S­¬ng §ao 	95	1
599	321	49429	83888		L·nh Cung	95	1
598	321	49827	83468		S­¬ng §ao 	95	1
601	321	49794	83126		S¶n Vò 	95	1
598	321	31616	84228		S­¬ng §ao 	95	1
601	321	31329	84220		S¶n Vò 	95	1
599	321	31446	84306		L·nh Cung	95	1
598	321	31262	83987		S­¬ng §ao 	95	1
598	321	32112	84329		S­¬ng §ao 	95	1
601	321	31825	84321		S¶n Vò 	95	1
599	321	31942	84407		L·nh Cung	95	1
598	321	31758	84088		S­¬ng §ao 	95	1
601	321	32080	83987		S¶n Vò 	95	1
598	321	32679	84903		S­¬ng §ao 	95	1
601	321	32392	84895		S¶n Vò 	95	1
599	321	32509	84982		L·nh Cung	95	1
598	321	32325	84662		S­¬ng §ao 	95	1
601	321	32647	84562		S¶n Vò 	95	1
599	321	32454	84437		L·nh Cung	95	1
600	321	34291	84962		Gi¸ng Chïy	95	1
598	321	34173	84706		S­¬ng §ao 	95	1
600	321	34184	84437		Gi¸ng Chïy	95	1
600	321	34466	84368		Gi¸ng Chïy	95	1
601	321	34482	84926		S¶n Vò 	95	1
599	321	34565	84706		L·nh Cung	95	1
598	321	34684	84838		S­¬ng §ao 	95	1
600	321	34695	84569		Gi¸ng Chïy	95	1
600	321	34977	84500		Gi¸ng Chïy	95	1
599	321	35076	84838		L·nh Cung	95	1
598	321	35731	84025		S­¬ng §ao 	95	1
600	321	35790	84862		Gi¸ng Chïy	95	1
600	321	35508	84930		Gi¸ng Chïy	95	1
600	321	35849	84282		Gi¸ng Chïy	95	1
601	321	36039	84245		S¶n Vò 	95	1
599	321	36122	84025		L·nh Cung	95	1
600	321	36328	84498		Gi¸ng Chïy	95	1
598	321	36210	84241		S­¬ng §ao 	95	1
600	321	36220	83972		Gi¸ng Chïy	95	1
601	321	36518	84461		S¶n Vò 	95	1
599	321	36601	84241		L·nh Cung	95	1
600	321	37779	84765		Gi¸ng Chïy	95	1
600	321	37497	84834		Gi¸ng Chïy	95	1
600	321	39209	83982		Gi¸ng Chïy	95	1
601	321	39225	84540		S¶n Vò 	95	1
599	321	39308	84320		L·nh Cung	95	1
600	321	39034	84577		Gi¸ng Chïy	95	1
600	321	38927	84051		Gi¸ng Chïy	95	1
598	321	38917	84320		S­¬ng §ao 	95	1
600	321	39192	84748		Gi¸ng Chïy	95	1
600	321	39475	84680		Gi¸ng Chïy	95	1
598	321	41246	84808		S­¬ng §ao 	95	1
599	321	41374	84583		L·nh Cung	95	1
598	321	41592	84287		S­¬ng §ao 	95	1
599	321	41720	84062		L·nh Cung	95	1
601	321	41913	84186		S¶n Vò 	95	1
601	321	41659	84520		S¶n Vò 	95	1
599	321	41775	84606		L·nh Cung	95	1
598	321	41945	84528		S­¬ng §ao 	95	1
601	321	41567	84708		S¶n Vò 	95	1
600	321	43515	84162		Gi¸ng Chïy	95	1
600	321	43340	84756		Gi¸ng Chïy	95	1
600	321	43233	84230		Gi¸ng Chïy	95	1
598	321	43223	84500		S­¬ng §ao 	95	1
601	321	43531	84720		S¶n Vò 	95	1
599	321	43614	84500		L·nh Cung	95	1
598	321	44901	84773		S­¬ng §ao 	95	1
599	321	45030	84549		L·nh Cung	95	1
601	321	45223	84673		S¶n Vò 	95	1
599	321	45463	83987		L·nh Cung	95	1
599	321	45724	84945		L·nh Cung	95	1
601	321	46581	84157		S¶n Vò 	95	1
598	321	46868	84165		S­¬ng §ao 	95	1
599	321	46698	84243		L·nh Cung	95	1
601	321	47865	84495		S¶n Vò 	95	1
599	321	47981	84581		L·nh Cung	95	1
599	321	47926	84037		L·nh Cung	95	1
598	321	47798	84262		S­¬ng §ao 	95	1
601	321	48119	84161		S¶n Vò 	95	1
598	321	48002	84989		S­¬ng §ao 	95	1
598	321	48151	84503		S­¬ng §ao 	95	1
599	321	48130	84765		L·nh Cung	95	1
601	321	48323	84889		S¶n Vò 	95	1
601	321	49367	84346		S¶n Vò 	95	1
599	321	49484	84432		L·nh Cung	95	1
598	321	49300	84112		S­¬ng §ao 	95	1
598	321	49654	84354		S­¬ng §ao 	95	1
601	321	49622	84012		S¶n Vò 	95	1
598	321	31307	85956		S­¬ng §ao 	95	1
601	321	31628	85856		S¶n Vò 	95	1
599	321	31435	85731		L·nh Cung	95	1
601	321	32253	85743		S¶n Vò 	95	1
598	321	32186	85510		S­¬ng §ao 	95	1
598	321	32540	85751		S­¬ng §ao 	95	1
599	321	32370	85829		L·nh Cung	95	1
601	321	32508	85409		S¶n Vò 	95	1
599	321	32315	85285		L·nh Cung	95	1
600	321	34802	85094		Gi¸ng Chïy	95	1
601	321	34993	85058		S¶n Vò 	95	1
600	321	35615	85456		Gi¸ng Chïy	95	1
598	321	35497	85199		S­¬ng §ao 	95	1
601	321	35805	85419		S¶n Vò 	95	1
599	321	35888	85199		L·nh Cung	95	1
600	321	36299	85853		Gi¸ng Chïy	95	1
600	321	36017	85922		Gi¸ng Chïy	95	1
600	321	37354	85096		Gi¸ng Chïy	95	1
600	321	37072	85164		Gi¸ng Chïy	95	1
601	321	37370	85654		S¶n Vò 	95	1
600	321	37179	85690		Gi¸ng Chïy	95	1
598	321	37061	85433		S­¬ng §ao 	95	1
599	321	37453	85433		L·nh Cung	95	1
601	321	37795	85323		S¶n Vò 	95	1
599	321	37878	85103		L·nh Cung	95	1
600	321	37604	85360		Gi¸ng Chïy	95	1
598	321	37487	85103		S­¬ng §ao 	95	1
600	321	39300	85274		Gi¸ng Chïy	95	1
598	321	39182	85017		S­¬ng §ao 	95	1
601	321	39490	85238		S¶n Vò 	95	1
599	321	39573	85017		L·nh Cung	95	1
601	321	41313	85041		S¶n Vò 	95	1
599	321	41429	85128		L·nh Cung	95	1
600	321	41513	85954		Gi¸ng Chïy	95	1
598	321	41599	85050		S­¬ng §ao 	95	1
600	321	42428	85921		Gi¸ng Chïy	95	1
600	321	42145	85989		Gi¸ng Chïy	95	1
600	321	42879	85748		Gi¸ng Chïy	95	1
600	321	42597	85817		Gi¸ng Chïy	95	1
600	321	42978	85014		Gi¸ng Chïy	95	1
601	321	42994	85572		S¶n Vò 	95	1
600	321	42803	85609		Gi¸ng Chïy	95	1
600	321	42696	85083		Gi¸ng Chïy	95	1
598	321	42686	85352		S­¬ng §ao 	95	1
599	321	43077	85352		L·nh Cung	95	1
601	321	44968	85006		S¶n Vò 	95	1
599	321	45085	85093		L·nh Cung	95	1
598	321	45255	85015		S­¬ng §ao 	95	1
598	321	45595	85169		S­¬ng §ao 	95	1
601	321	45917	85069		S¶n Vò 	95	1
601	321	45662	85402		S¶n Vò 	95	1
599	321	45779	85489		L·nh Cung	95	1
598	321	45949	85411		S­¬ng §ao 	95	1
601	321	47099	86007		S¶n Vò 	95	1
599	321	46906	85882		L·nh Cung	95	1
598	321	46937	85400		S­¬ng §ao 	95	1
599	321	47066	85175		L·nh Cung	95	1
601	321	47004	85633		S¶n Vò 	95	1
601	321	47259	85299		S¶n Vò 	95	1
599	321	47121	85719		L·nh Cung	95	1
598	321	47291	85641		S­¬ng §ao 	95	1
601	321	48069	85223		S¶n Vò 	95	1
599	321	48185	85309		L·nh Cung	95	1
598	321	48355	85231		S­¬ng §ao 	95	1
601	321	49823	85546		S¶n Vò 	95	1
599	321	49939	85632		L·nh Cung	95	1
599	321	49884	85088		L·nh Cung	95	1
598	321	49756	85313		S­¬ng §ao 	95	1
598	321	50109	85554		S­¬ng §ao 	95	1
601	321	50077	85212		S¶n Vò 	95	1
598	321	31660	86197		S­¬ng §ao 	95	1
601	321	31374	86189		S¶n Vò 	95	1
599	321	31490	86275		L·nh Cung	95	1
601	321	31722	86751		S¶n Vò 	95	1
598	321	31655	86517		S­¬ng §ao 	95	1
598	321	32009	86759		S­¬ng §ao 	95	1
599	321	31839	86837		L·nh Cung	95	1
601	321	31977	86417		S¶n Vò 	95	1
599	321	31784	86293		L·nh Cung	95	1
600	321	33908	87019		Gi¸ng Chïy	95	1
600	321	35772	86366		Gi¸ng Chïy	95	1
600	321	35597	86960		Gi¸ng Chïy	95	1
598	321	35479	86704		S­¬ng §ao 	95	1
600	321	35490	86435		Gi¸ng Chïy	95	1
601	321	35788	86924		S¶n Vò 	95	1
600	321	36124	86448		Gi¸ng Chïy	95	1
598	321	36007	86191		S­¬ng §ao 	95	1
601	321	36315	86411		S¶n Vò 	95	1
599	321	35871	86704		L·nh Cung	95	1
599	321	36398	86191		L·nh Cung	95	1
600	321	36740	86565		Gi¸ng Chïy	95	1
598	321	36729	86834		S­¬ng §ao 	95	1
600	321	37022	86496		Gi¸ng Chïy	95	1
599	321	37121	86834		L·nh Cung	95	1
600	321	37279	86523		Gi¸ng Chïy	95	1
598	321	37268	86792		S­¬ng §ao 	95	1
600	321	37561	86454		Gi¸ng Chïy	95	1
601	321	37577	87012		S¶n Vò 	95	1
599	321	37660	86792		L·nh Cung	95	1
600	321	38753	86109		Gi¸ng Chïy	95	1
600	321	38860	86635		Gi¸ng Chïy	95	1
598	321	38743	86378		S­¬ng §ao 	95	1
600	321	38827	86849		Gi¸ng Chïy	95	1
600	321	38545	86918		Gi¸ng Chïy	95	1
600	321	39035	86041		Gi¸ng Chïy	95	1
601	321	39051	86599		S¶n Vò 	95	1
599	321	39134	86378		L·nh Cung	95	1
598	321	39623	86733		S­¬ng §ao 	95	1
599	321	39752	86508		L·nh Cung	95	1
601	321	39690	86966		S¶n Vò 	95	1
601	321	39945	86633		S¶n Vò 	95	1
598	321	39977	86974		S­¬ng §ao 	95	1
600	321	41313	86746		Gi¸ng Chïy	95	1
598	321	41302	87015		S­¬ng §ao 	95	1
600	321	41338	86549		Gi¸ng Chïy	95	1
600	321	41231	86023		Gi¸ng Chïy	95	1
598	321	41220	86292		S­¬ng §ao 	95	1
600	321	41595	86677		Gi¸ng Chïy	95	1
599	321	41694	87015		L·nh Cung	95	1
601	321	41529	86512		S¶n Vò 	95	1
599	321	41612	86292		L·nh Cung	95	1
601	321	42443	86478		S¶n Vò 	95	1
600	321	42253	86515		Gi¸ng Chïy	95	1
598	321	42135	86258		S­¬ng §ao 	95	1
599	321	42526	86258		L·nh Cung	95	1
601	321	42895	86306		S¶n Vò 	95	1
599	321	42978	86086		L·nh Cung	95	1
600	321	42704	86342		Gi¸ng Chïy	95	1
598	321	42586	86086		S­¬ng §ao 	95	1
598	321	45877	86736		S­¬ng §ao 	95	1
599	321	46006	86511		L·nh Cung	95	1
601	321	45944	86969		S¶n Vò 	95	1
601	321	46198	86636		S¶n Vò 	95	1
598	321	46231	86977		S­¬ng §ao 	95	1
601	321	46844	86340		S¶n Vò 	95	1
599	321	46961	86427		L·nh Cung	95	1
598	321	46777	86107		S­¬ng §ao 	95	1
599	321	47521	86603		L·nh Cung	95	1
598	321	47393	86828		S­¬ng §ao 	95	1
598	321	47131	86348		S­¬ng §ao 	95	1
601	321	47714	86728		S¶n Vò 	95	1
601	321	48473	86562		S¶n Vò 	95	1
599	321	48590	86648		L·nh Cung	95	1
599	321	48535	86104		L·nh Cung	95	1
598	321	48406	86329		S­¬ng §ao 	95	1
601	321	48984	86615		S¶n Vò 	95	1
599	321	49101	86701		L·nh Cung	95	1
599	321	49045	86157		L·nh Cung	95	1
598	321	48917	86382		S­¬ng §ao 	95	1
598	321	48760	86570		S­¬ng §ao 	95	1
601	321	48728	86228		S¶n Vò 	95	1
599	321	49437	86981		L·nh Cung	95	1
598	321	49271	86623		S­¬ng §ao 	95	1
601	321	49238	86281		S¶n Vò 	95	1
601	321	49757	86895		S¶n Vò 	95	1
599	321	49873	86981		L·nh Cung	95	1
599	321	49818	86437		L·nh Cung	95	1
598	321	49690	86662		S­¬ng §ao 	95	1
598	321	50043	86903		S­¬ng §ao 	95	1
601	321	50011	86561		S¶n Vò 	95	1
598	321	31615	87658		S­¬ng §ao 	95	1
601	321	31328	87650		S¶n Vò 	95	1
599	321	31445	87736		L·nh Cung	95	1
598	321	31261	87417		S­¬ng §ao 	95	1
601	321	31583	87316		S¶n Vò 	95	1
599	321	31390	87192		L·nh Cung	95	1
598	321	31618	87870		S­¬ng §ao 	95	1
601	321	31940	87769		S¶n Vò 	95	1
599	321	31747	87645		L·nh Cung	95	1
598	321	32714	87554		S­¬ng §ao 	95	1
600	321	32725	87285		Gi¸ng Chïy	95	1
600	321	33007	87216		Gi¸ng Chïy	95	1
600	321	32832	87811		Gi¸ng Chïy	95	1
601	321	33023	87774		S¶n Vò 	95	1
599	321	33106	87554		L·nh Cung	95	1
600	321	33733	87613		Gi¸ng Chïy	95	1
598	321	33615	87357		S­¬ng §ao 	95	1
600	321	33626	87088		Gi¸ng Chïy	95	1
601	321	33924	87577		S¶n Vò 	95	1
599	321	34007	87357		L·nh Cung	95	1
600	321	35672	87805		Gi¸ng Chïy	95	1
600	321	35390	87873		Gi¸ng Chïy	95	1
600	321	36243	87865		Gi¸ng Chïy	95	1
600	321	35960	87934		Gi¸ng Chïy	95	1
600	321	36847	87091		Gi¸ng Chïy	95	1
601	321	37038	87054		S¶n Vò 	95	1
600	321	37386	87048		Gi¸ng Chïy	95	1
601	321	38843	87407		S¶n Vò 	95	1
600	321	38652	87443		Gi¸ng Chïy	95	1
598	321	38534	87187		S­¬ng §ao 	95	1
599	321	38926	87187		L·nh Cung	95	1
599	321	39807	87053		L·nh Cung	95	1
600	321	41284	87364		Gi¸ng Chïy	95	1
601	321	41299	87922		S¶n Vò 	95	1
599	321	41382	87702		L·nh Cung	95	1
600	321	41109	87959		Gi¸ng Chïy	95	1
600	321	41002	87433		Gi¸ng Chïy	95	1
598	321	40991	87702		S­¬ng §ao 	95	1
600	321	41420	87271		Gi¸ng Chïy	95	1
601	321	41611	87235		S¶n Vò 	95	1
600	321	42718	88061		Gi¸ng Chïy	95	1
598	321	44070	87814		S­¬ng §ao 	95	1
599	321	44199	87589		L·nh Cung	95	1
601	321	44392	87714		S¶n Vò 	95	1
601	321	44137	88047		S¶n Vò 	95	1
598	321	44424	88055		S­¬ng §ao 	95	1
599	321	46061	87056		L·nh Cung	95	1
601	321	47460	87061		S¶n Vò 	95	1
599	321	47576	87148		L·nh Cung	95	1
598	321	47746	87069		S­¬ng §ao 	95	1
601	321	48022	87844		S¶n Vò 	95	1
599	321	48084	87386		L·nh Cung	95	1
598	321	47955	87611		S­¬ng §ao 	95	1
599	321	48139	87931		L·nh Cung	95	1
598	321	48309	87853		S­¬ng §ao 	95	1
601	321	48276	87511		S¶n Vò 	95	1
601	321	49376	87439		S¶n Vò 	95	1
599	321	49493	87526		L·nh Cung	95	1
598	321	49309	87206		S­¬ng §ao 	95	1
598	321	49663	87447		S­¬ng §ao 	95	1
601	321	49630	87106		S¶n Vò 	95	1
598	321	31199	88742		S­¬ng §ao 	95	1
601	321	31685	88103		S¶n Vò 	95	1
598	321	31553	88984		S­¬ng §ao 	95	1
601	321	31266	88976		S¶n Vò 	95	1
599	321	31383	89062		L·nh Cung	95	1
601	321	31520	88642		S¶n Vò 	95	1
599	321	31327	88518		L·nh Cung	95	1
598	321	31972	88111		S­¬ng §ao 	95	1
599	321	31802	88189		L·nh Cung	95	1
600	321	32234	88793		Gi¸ng Chïy	95	1
598	321	32116	88536		S­¬ng §ao 	95	1
600	321	32126	88267		Gi¸ng Chïy	95	1
600	321	32409	88198		Gi¸ng Chïy	95	1
601	321	32424	88756		S¶n Vò 	95	1
599	321	32507	88536		L·nh Cung	95	1
598	321	32651	88417		S­¬ng §ao 	95	1
600	321	32662	88148		Gi¸ng Chïy	95	1
600	321	32944	88079		Gi¸ng Chïy	95	1
600	321	32769	88673		Gi¸ng Chïy	95	1
601	321	32960	88637		S¶n Vò 	95	1
599	321	33043	88417		L·nh Cung	95	1
598	321	33577	88938		S­¬ng §ao 	95	1
600	321	33588	88669		Gi¸ng Chïy	95	1
600	321	33870	88601		Gi¸ng Chïy	95	1
599	321	33969	88938		L·nh Cung	95	1
600	321	35064	89050		Gi¸ng Chïy	95	1
600	321	35497	88399		Gi¸ng Chïy	95	1
598	321	35379	88142		S­¬ng §ao 	95	1
601	321	35688	88363		S¶n Vò 	95	1
599	321	35771	88142		L·nh Cung	95	1
600	321	35346	88981		Gi¸ng Chïy	95	1
600	321	36068	88459		Gi¸ng Chïy	95	1
598	321	35950	88203		S­¬ng §ao 	95	1
601	321	36258	88423		S¶n Vò 	95	1
599	321	36341	88203		L·nh Cung	95	1
600	321	36784	88305		Gi¸ng Chïy	95	1
598	321	36773	88574		S­¬ng §ao 	95	1
600	321	37066	88236		Gi¸ng Chïy	95	1
601	321	37082	88794		S¶n Vò 	95	1
599	321	37165	88574		L·nh Cung	95	1
600	321	36891	88830		Gi¸ng Chïy	95	1
600	321	38751	88678		Gi¸ng Chïy	95	1
598	321	38740	88947		S­¬ng §ao 	95	1
600	321	39033	88610		Gi¸ng Chïy	95	1
599	321	39132	88947		L·nh Cung	95	1
600	321	42436	88130		Gi¸ng Chïy	95	1
598	321	42425	88399		S­¬ng §ao 	95	1
600	321	42840	88884		Gi¸ng Chïy	95	1
601	321	42734	88619		S¶n Vò 	95	1
599	321	42817	88399		L·nh Cung	95	1
600	321	42543	88655		Gi¸ng Chïy	95	1
600	321	43122	88816		Gi¸ng Chïy	95	1
599	321	44254	88134		L·nh Cung	95	1
598	321	44280	88497		S­¬ng §ao 	95	1
599	321	44409	88272		L·nh Cung	95	1
601	321	44347	88730		S¶n Vò 	95	1
599	321	44464	88817		L·nh Cung	95	1
601	321	44602	88397		S¶n Vò 	95	1
598	321	44634	88739		S­¬ng §ao 	95	1
598	321	46832	88577		S­¬ng §ao 	95	1
599	321	46961	88353		L·nh Cung	95	1
601	321	46899	88811		S¶n Vò 	95	1
599	321	47016	88897		L·nh Cung	95	1
601	321	47441	88967		S¶n Vò 	95	1
599	321	47557	89053		L·nh Cung	95	1
598	321	47374	88734		S­¬ng §ao 	95	1
599	321	47502	88509		L·nh Cung	95	1
601	321	47154	88477		S¶n Vò 	95	1
598	321	47186	88819		S­¬ng §ao 	95	1
601	321	48013	88624		S¶n Vò 	95	1
598	321	47946	88391		S­¬ng §ao 	95	1
599	321	48075	88167		L·nh Cung	95	1
598	321	47727	88975		S­¬ng §ao 	95	1
601	321	47695	88633		S¶n Vò 	95	1
598	321	48300	88633		S­¬ng §ao 	95	1
599	321	48130	88711		L·nh Cung	95	1
601	321	48268	88291		S¶n Vò 	95	1
598	321	49074	88614		S­¬ng §ao 	95	1
601	321	48788	88606		S¶n Vò 	95	1
599	321	48904	88692		L·nh Cung	95	1
598	321	48721	88373		S­¬ng §ao 	95	1
601	321	49042	88272		S¶n Vò 	95	1
599	321	48849	88148		L·nh Cung	95	1
598	321	49630	88462		S­¬ng §ao 	95	1
598	321	49561	89037		S­¬ng §ao 	95	1
601	321	49275	89029		S¶n Vò 	95	1
598	321	49208	88796		S­¬ng §ao 	95	1
601	321	49529	88695		S¶n Vò 	95	1
599	321	49336	88571		L·nh Cung	95	1
598	321	49983	88703		S­¬ng §ao 	95	1
601	321	49697	88695		S¶n Vò 	95	1
599	321	49813	88781		L·nh Cung	95	1
601	321	49951	88361		S¶n Vò 	95	1
599	321	49758	88237		L·nh Cung	95	1
599	321	32139	89811		L·nh Cung	95	1
598	321	32010	90036		S­¬ng §ao 	95	1
601	321	32332	89935		S¶n Vò 	95	1
600	321	33695	89195		Gi¸ng Chïy	95	1
600	321	33788	89430		Gi¸ng Chïy	95	1
600	321	33613	90024		Gi¸ng Chïy	95	1
598	321	33495	89768		S­¬ng §ao 	95	1
600	321	33506	89499		Gi¸ng Chïy	95	1
601	321	33886	89159		S¶n Vò 	95	1
601	321	33804	89988		S¶n Vò 	95	1
599	321	33887	89768		L·nh Cung	95	1
600	321	35171	89575		Gi¸ng Chïy	95	1
598	321	35053	89319		S­¬ng §ao 	95	1
601	321	35362	89539		S¶n Vò 	95	1
599	321	35445	89319		L·nh Cung	95	1
600	321	35693	90003		Gi¸ng Chïy	95	1
600	321	35975	89934		Gi¸ng Chïy	95	1
600	321	37293	89521		Gi¸ng Chïy	95	1
598	321	37283	89790		S­¬ng §ao 	95	1
600	321	37575	89452		Gi¸ng Chïy	95	1
601	321	37591	90010		S¶n Vò 	95	1
599	321	37674	89790		L·nh Cung	95	1
600	321	37400	90046		Gi¸ng Chïy	95	1
600	321	37765	89383		Gi¸ng Chïy	95	1
600	321	37872	89908		Gi¸ng Chïy	95	1
598	321	37754	89652		S­¬ng §ao 	95	1
600	321	38047	89314		Gi¸ng Chïy	95	1
601	321	38063	89872		S¶n Vò 	95	1
599	321	38146	89652		L·nh Cung	95	1
600	321	38858	89204		Gi¸ng Chïy	95	1
601	321	39049	89168		S¶n Vò 	95	1
600	321	39279	89399		Gi¸ng Chïy	95	1
601	321	39295	89957		S¶n Vò 	95	1
599	321	39378	89737		L·nh Cung	95	1
600	321	39104	89994		Gi¸ng Chïy	95	1
600	321	38997	89468		Gi¸ng Chïy	95	1
598	321	38986	89737		S­¬ng §ao 	95	1
600	321	41392	89328		Gi¸ng Chïy	95	1
600	321	41217	89922		Gi¸ng Chïy	95	1
598	321	41099	89665		S­¬ng §ao 	95	1
600	321	41110	89396		Gi¸ng Chïy	95	1
601	321	41408	89885		S¶n Vò 	95	1
600	321	41852	89708		Gi¸ng Chïy	95	1
598	321	41559	90046		S­¬ng §ao 	95	1
600	321	41570	89777		Gi¸ng Chïy	95	1
599	321	41951	90046		L·nh Cung	95	1
599	321	41491	89665		L·nh Cung	95	1
600	321	42486	89708		Gi¸ng Chïy	95	1
600	321	42379	89182		Gi¸ng Chïy	95	1
598	321	42368	89451		S­¬ng §ao 	95	1
600	321	42661	89113		Gi¸ng Chïy	95	1
601	321	42677	89671		S¶n Vò 	95	1
599	321	42760	89451		L·nh Cung	95	1
600	321	42947	89410		Gi¸ng Chïy	95	1
598	321	42829	89153		S­¬ng §ao 	95	1
601	321	43138	89373		S¶n Vò 	95	1
599	321	43221	89153		L·nh Cung	95	1
598	321	44823	89637		S­¬ng §ao 	95	1
599	321	44951	89412		L·nh Cung	95	1
601	321	44890	89870		S¶n Vò 	95	1
599	321	45006	89957		L·nh Cung	95	1
598	321	45322	89440		S­¬ng §ao 	95	1
599	321	45451	89216		L·nh Cung	95	1
601	321	45389	89673		S¶n Vò 	95	1
599	321	45506	89760		L·nh Cung	95	1
601	321	45144	89537		S¶n Vò 	95	1
598	321	45177	89879		S­¬ng §ao 	95	1
601	321	45644	89340		S¶n Vò 	95	1
598	321	45676	89682		S­¬ng §ao 	95	1
599	321	47570	90023		L·nh Cung	95	1
601	321	48456	90095		S¶n Vò 	95	1
598	321	48389	89862		S­¬ng §ao 	95	1
599	321	48517	89637		L·nh Cung	95	1
598	321	48743	90103		S­¬ng §ao 	95	1
601	321	48710	89762		S¶n Vò 	95	1
599	321	49391	89115		L·nh Cung	95	1
601	321	31723	90806		S¶n Vò 	95	1
599	321	31531	90682		L·nh Cung	95	1
598	321	31402	90906		S­¬ng §ao 	95	1
601	321	32077	90269		S¶n Vò 	95	1
599	321	32194	90355		L·nh Cung	95	1
598	321	32364	90277		S­¬ng §ao 	95	1
598	321	33032	90884		S­¬ng §ao 	95	1
600	321	33043	90615		Gi¸ng Chïy	95	1
600	321	33325	90546		Gi¸ng Chïy	95	1
601	321	33341	91104		S¶n Vò 	95	1
599	321	33424	90884		L·nh Cung	95	1
600	321	33514	91122		Gi¸ng Chïy	95	1
600	321	33796	91053		Gi¸ng Chïy	95	1
600	321	35800	90528		Gi¸ng Chïy	95	1
598	321	35682	90272		S­¬ng §ao 	95	1
601	321	35991	90492		S¶n Vò 	95	1
599	321	36074	90272		L·nh Cung	95	1
600	321	36350	90966		Gi¸ng Chïy	95	1
600	321	36068	91035		Gi¸ng Chïy	95	1
600	321	37348	91053		Gi¸ng Chïy	95	1
600	321	37066	91121		Gi¸ng Chïy	95	1
600	321	38223	90365		Gi¸ng Chïy	95	1
600	321	37941	90433		Gi¸ng Chïy	95	1
601	321	38239	90923		S¶n Vò 	95	1
599	321	38322	90702		L·nh Cung	95	1
600	321	38048	90959		Gi¸ng Chïy	95	1
598	321	37930	90702		S­¬ng §ao 	95	1
600	321	38702	90116		Gi¸ng Chïy	95	1
600	321	38419	90185		Gi¸ng Chïy	95	1
601	321	38717	90674		S¶n Vò 	95	1
599	321	38800	90454		L·nh Cung	95	1
600	321	38527	90711		Gi¸ng Chïy	95	1
598	321	38409	90454		S­¬ng §ao 	95	1
600	321	41370	90289		Gi¸ng Chïy	95	1
600	321	41195	90884		Gi¸ng Chïy	95	1
598	321	41078	90627		S­¬ng §ao 	95	1
600	321	41088	90358		Gi¸ng Chïy	95	1
601	321	41386	90847		S¶n Vò 	95	1
599	321	41469	90627		L·nh Cung	95	1
600	321	41908	91076		Gi¸ng Chïy	95	1
600	321	41677	90302		Gi¸ng Chïy	95	1
601	321	41868	90266		S¶n Vò 	95	1
601	321	47509	90481		S¶n Vò 	95	1
598	321	47442	90248		S­¬ng §ao 	95	1
598	321	47278	90958		S­¬ng §ao 	95	1
601	321	47600	90858		S¶n Vò 	95	1
599	321	47407	90733		L·nh Cung	95	1
598	321	47796	90490		S­¬ng §ao 	95	1
599	321	47625	90568		L·nh Cung	95	1
601	321	47763	90148		S¶n Vò 	95	1
599	321	48572	90182		L·nh Cung	95	1
598	321	49658	90908		S­¬ng §ao 	95	1
601	321	49372	90900		S¶n Vò 	95	1
599	321	49488	90986		L·nh Cung	95	1
598	321	49305	90667		S­¬ng §ao 	95	1
601	321	49626	90567		S¶n Vò 	95	1
599	321	49433	90442		L·nh Cung	95	1
598	321	31224	91616		S­¬ng §ao 	95	1
601	321	31469	91140		S¶n Vò 	95	1
599	321	31586	91226		L·nh Cung	95	1
598	321	31578	91857		S­¬ng §ao 	95	1
601	321	31291	91849		S¶n Vò 	95	1
599	321	31408	91935		L·nh Cung	95	1
601	321	31546	91515		S¶n Vò 	95	1
599	321	31353	91391		L·nh Cung	95	1
598	321	31756	91148		S­¬ng §ao 	95	1
600	321	32753	91736		Gi¸ng Chïy	95	1
598	321	32635	91480		S­¬ng §ao 	95	1
600	321	32645	91211		Gi¸ng Chïy	95	1
600	321	33150	91140		Gi¸ng Chïy	95	1
600	321	32928	91142		Gi¸ng Chïy	95	1
601	321	32943	91700		S¶n Vò 	95	1
599	321	33026	91480		L·nh Cung	95	1
600	321	33621	91647		Gi¸ng Chïy	95	1
598	321	33503	91391		S­¬ng §ao 	95	1
601	321	33812	91611		S¶n Vò 	95	1
599	321	33895	91391		L·nh Cung	95	1
600	321	34077	92005		Gi¸ng Chïy	95	1
600	321	33795	92074		Gi¸ng Chïy	95	1
600	321	34731	91786		Gi¸ng Chïy	95	1
598	321	34438	92123		S­¬ng §ao 	95	1
600	321	34449	91854		Gi¸ng Chïy	95	1
599	321	34830	92123		L·nh Cung	95	1
600	321	36175	91560		Gi¸ng Chïy	95	1
598	321	36057	91304		S­¬ng §ao 	95	1
601	321	36366	91524		S¶n Vò 	95	1
599	321	36449	91304		L·nh Cung	95	1
600	321	36747	91491		Gi¸ng Chïy	95	1
600	321	36465	91560		Gi¸ng Chïy	95	1
601	321	36763	92049		S¶n Vò 	95	1
599	321	36846	91829		L·nh Cung	95	1
600	321	36572	92086		Gi¸ng Chïy	95	1
598	321	36454	91829		S­¬ng §ao 	95	1
601	321	37364	91611		S¶n Vò 	95	1
600	321	37173	91647		Gi¸ng Chïy	95	1
598	321	37055	91390		S­¬ng §ao 	95	1
600	321	37105	92104		Gi¸ng Chïy	95	1
599	321	37447	91390		L·nh Cung	95	1
600	321	37809	91438		Gi¸ng Chïy	95	1
600	321	37527	91507		Gi¸ng Chïy	95	1
601	321	37825	91996		S¶n Vò 	95	1
600	321	37635	92032		Gi¸ng Chïy	95	1
598	321	37517	91776		S­¬ng §ao 	95	1
600	321	37387	92035		Gi¸ng Chïy	95	1
599	321	37908	91776		L·nh Cung	95	1
600	321	38824	91330		Gi¸ng Chïy	95	1
598	321	38813	91599		S­¬ng §ao 	95	1
600	321	39106	91262		Gi¸ng Chïy	95	1
601	321	39122	91820		S¶n Vò 	95	1
599	321	39205	91599		L·nh Cung	95	1
600	321	38931	91856		Gi¸ng Chïy	95	1
600	321	41418	91239		Gi¸ng Chïy	95	1
600	321	41243	91834		Gi¸ng Chïy	95	1
598	321	41125	91577		S­¬ng §ao 	95	1
600	321	41136	91308		Gi¸ng Chïy	95	1
601	321	41434	91797		S¶n Vò 	95	1
599	321	41517	91577		L·nh Cung	95	1
600	321	41733	91671		Gi¸ng Chïy	95	1
598	321	41615	91414		S­¬ng §ao 	95	1
600	321	41626	91145		Gi¸ng Chïy	95	1
601	321	41924	91634		S¶n Vò 	95	1
599	321	42007	91414		L·nh Cung	95	1
600	321	42437	91965		Gi¸ng Chïy	95	1
600	321	42719	91896		Gi¸ng Chïy	95	1
600	321	43830	91223		Gi¸ng Chïy	95	1
600	321	43548	91291		Gi¸ng Chïy	95	1
601	321	43846	91781		S¶n Vò 	95	1
599	321	43929	91561		L·nh Cung	95	1
600	321	43655	91817		Gi¸ng Chïy	95	1
598	321	43537	91561		S­¬ng §ao 	95	1
600	321	43814	92027		Gi¸ng Chïy	95	1
600	321	43532	92095		Gi¸ng Chïy	95	1
598	321	45411	91923		S­¬ng §ao 	95	1
599	321	45539	91699		L·nh Cung	95	1
601	321	45478	92156		S¶n Vò 	95	1
598	321	45778	91598		S­¬ng §ao 	95	1
599	321	45906	91373		L·nh Cung	95	1
601	321	45845	91831		S¶n Vò 	95	1
599	321	45961	91917		L·nh Cung	95	1
601	321	45732	91823		S¶n Vò 	95	1
601	321	46099	91497		S¶n Vò 	95	1
598	321	46132	91839		S­¬ng §ao 	95	1
601	321	47345	91191		S¶n Vò 	95	1
599	321	47462	91278		L·nh Cung	95	1
598	321	47632	91200		S­¬ng §ao 	95	1
598	321	49051	91854		S­¬ng §ao 	95	1
601	321	48764	91846		S¶n Vò 	95	1
599	321	48880	91932		L·nh Cung	95	1
598	321	48697	91613		S­¬ng §ao 	95	1
601	321	49018	91512		S¶n Vò 	95	1
599	321	48825	91388		L·nh Cung	95	1
598	321	50074	91973		S­¬ng §ao 	95	1
601	321	49787	91965		S¶n Vò 	95	1
599	321	49904	92051		L·nh Cung	95	1
598	321	49720	91731		S­¬ng §ao 	95	1
601	321	50042	91631		S¶n Vò 	95	1
599	321	49849	91507		L·nh Cung	95	1
598	321	31208	92743		S­¬ng §ao 	95	1
598	321	31561	92985		S­¬ng §ao 	95	1
601	321	31275	92976		S¶n Vò 	95	1
599	321	31391	93063		L·nh Cung	95	1
601	321	31529	92643		S¶n Vò 	95	1
599	321	31336	92518		L·nh Cung	95	1
598	321	33784	92343		S­¬ng §ao 	95	1
600	321	33902	92599		Gi¸ng Chïy	95	1
601	321	34093	92563		S¶n Vò 	95	1
599	321	34176	92343		L·nh Cung	95	1
600	321	34556	92380		Gi¸ng Chïy	95	1
601	321	34747	92343		S¶n Vò 	95	1
600	321	35131	92925		Gi¸ng Chïy	95	1
600	321	34849	92994		Gi¸ng Chïy	95	1
600	321	37212	92629		Gi¸ng Chïy	95	1
598	321	37094	92373		S­¬ng §ao 	95	1
601	321	37403	92593		S¶n Vò 	95	1
599	321	37486	92373		L·nh Cung	95	1
600	321	37797	93132		Gi¸ng Chïy	95	1
600	321	38079	93063		Gi¸ng Chïy	95	1
600	321	38904	92816		Gi¸ng Chïy	95	1
598	321	38893	93085		S­¬ng §ao 	95	1
600	321	38743	92938		Gi¸ng Chïy	95	1
600	321	38461	93007		Gi¸ng Chïy	95	1
600	321	39186	92748		Gi¸ng Chïy	95	1
599	321	39285	93085		L·nh Cung	95	1
600	321	41333	92995		Gi¸ng Chïy	95	1
600	321	41051	93064		Gi¸ng Chïy	95	1
598	321	41827	93020		S­¬ng §ao 	95	1
600	321	41837	92751		Gi¸ng Chïy	95	1
600	321	42395	93034		Gi¸ng Chïy	95	1
600	321	42120	92683		Gi¸ng Chïy	95	1
599	321	42218	93020		L·nh Cung	95	1
598	321	42426	92234		S­¬ng §ao 	95	1
600	321	42677	92965		Gi¸ng Chïy	95	1
601	321	42735	92454		S¶n Vò 	95	1
599	321	42818	92234		L·nh Cung	95	1
600	321	42544	92490		Gi¸ng Chïy	95	1
601	321	43830	92585		S¶n Vò 	95	1
599	321	43913	92365		L·nh Cung	95	1
600	321	43639	92621		Gi¸ng Chïy	95	1
598	321	43521	92365		S­¬ng §ao 	95	1
598	321	44288	92386		S­¬ng §ao 	95	1
599	321	44416	92161		L·nh Cung	95	1
601	321	44355	92619		S¶n Vò 	95	1
599	321	44471	92705		L·nh Cung	95	1
601	321	44609	92285		S¶n Vò 	95	1
598	321	44642	92627		S­¬ng §ao 	95	1
599	321	45594	92243		L·nh Cung	95	1
598	321	45764	92165		S­¬ng §ao 	95	1
601	321	47593	93017		S¶n Vò 	95	1
598	321	47526	92784		S­¬ng §ao 	95	1
598	321	47880	93025		S­¬ng §ao 	95	1
599	321	47710	93104		L·nh Cung	95	1
601	321	47847	92684		S¶n Vò 	95	1
599	321	47654	92559		L·nh Cung	95	1
601	321	48508	92776		S¶n Vò 	95	1
599	321	48625	92863		L·nh Cung	95	1
598	321	48441	92543		S­¬ng §ao 	95	1
599	321	48570	92318		L·nh Cung	95	1
598	321	48925	93099		S­¬ng §ao 	95	1
599	321	49053	92874		L·nh Cung	95	1
598	321	48795	92784		S­¬ng §ao 	95	1
601	321	48762	92443		S¶n Vò 	95	1
601	321	49246	92999		S¶n Vò 	95	1
601	321	31666	93781		S¶n Vò 	95	1
599	321	31728	93323		L·nh Cung	95	1
598	321	31599	93548		S­¬ng §ao 	95	1
598	321	31953	93790		S­¬ng §ao 	95	1
599	321	31783	93868		L·nh Cung	95	1
601	321	31921	93448		S¶n Vò 	95	1
600	321	33216	93345		Gi¸ng Chïy	95	1
600	321	33041	93939		Gi¸ng Chïy	95	1
598	321	32923	93682		S­¬ng §ao 	95	1
600	321	32934	93413		Gi¸ng Chïy	95	1
601	321	33232	93902		S¶n Vò 	95	1
599	321	33315	93682		L·nh Cung	95	1
600	321	33740	93270		Gi¸ng Chïy	95	1
600	321	33565	93864		Gi¸ng Chïy	95	1
598	321	33447	93608		S­¬ng §ao 	95	1
600	321	33457	93339		Gi¸ng Chïy	95	1
601	321	33755	93828		S¶n Vò 	95	1
599	321	33838	93608		L·nh Cung	95	1
600	321	34956	93519		Gi¸ng Chïy	95	1
598	321	34838	93263		S­¬ng §ao 	95	1
601	321	35147	93483		S¶n Vò 	95	1
599	321	35230	93263		L·nh Cung	95	1
600	321	37303	93272		Gi¸ng Chïy	95	1
598	321	37292	93541		S­¬ng §ao 	95	1
598	321	37786	93401		S­¬ng §ao 	95	1
600	321	37585	93203		Gi¸ng Chïy	95	1
601	321	37601	93761		S¶n Vò 	95	1
599	321	37684	93541		L·nh Cung	95	1
600	321	37410	93798		Gi¸ng Chïy	95	1
601	321	38095	93621		S¶n Vò 	95	1
599	321	38178	93401		L·nh Cung	95	1
600	321	37904	93658		Gi¸ng Chïy	95	1
601	321	38759	93496		S¶n Vò 	95	1
599	321	38842	93276		L·nh Cung	95	1
600	321	38568	93533		Gi¸ng Chïy	95	1
598	321	38450	93276		S­¬ng §ao 	95	1
601	321	39202	93306		S¶n Vò 	95	1
600	321	39011	93342		Gi¸ng Chïy	95	1
600	321	40330	94142		Gi¸ng Chïy	95	1
600	321	40612	94074		Gi¸ng Chïy	95	1
600	321	40957	93447		Gi¸ng Chïy	95	1
600	321	40782	94041		Gi¸ng Chïy	95	1
598	321	40664	93785		S­¬ng §ao 	95	1
600	321	40675	93516		Gi¸ng Chïy	95	1
601	321	40972	94005		S¶n Vò 	95	1
599	321	41055	93785		L·nh Cung	95	1
600	321	41158	93590		Gi¸ng Chïy	95	1
598	321	41041	93333		S­¬ng §ao 	95	1
601	321	41349	93553		S¶n Vò 	95	1
599	321	41432	93333		L·nh Cung	95	1
600	321	41791	94119		Gi¸ng Chïy	95	1
600	321	41509	94188		Gi¸ng Chïy	95	1
600	321	41945	93277		Gi¸ng Chïy	95	1
598	321	42384	93303		S­¬ng §ao 	95	1
601	321	42135	93241		S¶n Vò 	95	1
598	321	42954	93770		S­¬ng §ao 	95	1
600	321	42965	93501		Gi¸ng Chïy	95	1
600	321	42502	93560		Gi¸ng Chïy	95	1
601	321	42693	93523		S¶n Vò 	95	1
599	321	42776	93303		L·nh Cung	95	1
600	321	43247	93432		Gi¸ng Chïy	95	1
600	321	43072	94026		Gi¸ng Chïy	95	1
601	321	43263	93990		S¶n Vò 	95	1
599	321	43346	93770		L·nh Cung	95	1
598	321	43461	93633		S­¬ng §ao 	95	1
600	321	43472	93363		Gi¸ng Chïy	95	1
600	321	43754	93295		Gi¸ng Chïy	95	1
600	321	43579	93889		Gi¸ng Chïy	95	1
601	321	43770	93853		S¶n Vò 	95	1
599	321	43853	93633		L·nh Cung	95	1
598	321	44986	93738		S­¬ng §ao 	95	1
601	321	45053	93971		S¶n Vò 	95	1
599	321	45115	93513		L·nh Cung	95	1
601	321	45308	93637		S¶n Vò 	95	1
599	321	45170	94057		L·nh Cung	95	1
598	321	45340	93979		S­¬ng §ao 	95	1
601	321	48872	94161		S¶n Vò 	95	1
598	321	48805	93928		S­¬ng §ao 	95	1
601	321	49127	93827		S¶n Vò 	95	1
599	321	48934	93703		L·nh Cung	95	1
601	321	48992	93332		S¶n Vò 	95	1
599	321	49108	93418		L·nh Cung	95	1
598	321	49159	94169		S­¬ng §ao 	95	1
598	321	49278	93340		S­¬ng §ao 	95	1
598	321	32141	94791		S­¬ng §ao 	95	1
601	321	31854	94783		S¶n Vò 	95	1
599	321	31971	94870		L·nh Cung	95	1
601	321	32109	94450		S¶n Vò 	95	1
599	321	31916	94325		L·nh Cung	95	1
598	321	31787	94550		S­¬ng §ao 	95	1
600	321	33115	94212		Gi¸ng Chïy	95	1
600	321	32940	94806		Gi¸ng Chïy	95	1
598	321	32822	94550		S­¬ng §ao 	95	1
600	321	32833	94281		Gi¸ng Chïy	95	1
601	321	33131	94770		S¶n Vò 	95	1
599	321	33214	94550		L·nh Cung	95	1
598	321	33689	94752		S­¬ng §ao 	95	1
600	321	33699	94483		Gi¸ng Chïy	95	1
600	321	33982	94414		Gi¸ng Chïy	95	1
600	321	33807	95008		Gi¸ng Chïy	95	1
601	321	33997	94972		S¶n Vò 	95	1
599	321	34080	94752		L·nh Cung	95	1
598	321	34302	95086		S­¬ng §ao 	95	1
600	321	34595	94748		Gi¸ng Chïy	95	1
600	321	34313	94817		Gi¸ng Chïy	95	1
599	321	34694	95086		L·nh Cung	95	1
598	321	35597	95189		S­¬ng §ao 	95	1
600	321	35608	94920		Gi¸ng Chïy	95	1
600	321	35890	94851		Gi¸ng Chïy	95	1
599	321	35989	95189		L·nh Cung	95	1
600	321	37773	94444		Gi¸ng Chïy	95	1
600	321	37880	94970		Gi¸ng Chïy	95	1
598	321	37762	94713		S­¬ng §ao 	95	1
600	321	38055	94375		Gi¸ng Chïy	95	1
601	321	38071	94933		S¶n Vò 	95	1
599	321	38154	94713		L·nh Cung	95	1
600	321	38320	94676		Gi¸ng Chïy	95	1
598	321	38310	94945		S­¬ng §ao 	95	1
600	321	38602	94607		Gi¸ng Chïy	95	1
601	321	38618	95165		S¶n Vò 	95	1
599	321	38701	94945		L·nh Cung	95	1
600	321	38428	95201		Gi¸ng Chïy	95	1
600	321	40437	94668		Gi¸ng Chïy	95	1
598	321	40319	94411		S­¬ng §ao 	95	1
601	321	40628	94632		S¶n Vò 	95	1
599	321	40711	94411		L·nh Cung	95	1
600	321	41616	94714		Gi¸ng Chïy	95	1
598	321	41498	94457		S­¬ng §ao 	95	1
601	321	41807	94677		S¶n Vò 	95	1
599	321	41890	94457		L·nh Cung	95	1
599	321	42945	95197		L·nh Cung	95	1
598	321	44287	94730		S­¬ng §ao 	95	1
599	321	44416	94506		L·nh Cung	95	1
601	321	44354	94964		S¶n Vò 	95	1
599	321	44471	95050		L·nh Cung	95	1
601	321	44609	94630		S¶n Vò 	95	1
598	321	44641	94972		S­¬ng §ao 	95	1
598	321	47390	94933		S­¬ng §ao 	95	1
599	321	47519	94708		L·nh Cung	95	1
601	321	47457	95166		S¶n Vò 	95	1
601	321	47712	94833		S¶n Vò 	95	1
598	321	47744	95174		S­¬ng §ao 	95	1
601	321	49085	94855		S¶n Vò 	95	1
598	321	49018	94622		S­¬ng §ao 	95	1
599	321	49147	94398		L·nh Cung	95	1
599	321	48989	94247		L·nh Cung	95	1
598	321	49372	94864		S­¬ng §ao 	95	1
599	321	49202	94942		L·nh Cung	95	1
601	321	49340	94522		S¶n Vò 	95	1
598	321	32160	96209		S­¬ng §ao 	95	1
601	321	31873	96201		S¶n Vò 	95	1
601	321	32128	95867		S¶n Vò 	95	1
599	321	31935	95743		L·nh Cung	95	1
598	321	31806	95968		S­¬ng §ao 	95	1
600	321	34664	95587		Gi¸ng Chïy	95	1
600	321	34489	96182		Gi¸ng Chïy	95	1
598	321	34371	95925		S­¬ng §ao 	95	1
600	321	34382	95656		Gi¸ng Chïy	95	1
601	321	34680	96145		S¶n Vò 	95	1
599	321	34763	95925		L·nh Cung	95	1
600	321	34420	95343		Gi¸ng Chïy	95	1
601	321	34611	95306		S¶n Vò 	95	1
600	321	35715	95445		Gi¸ng Chïy	95	1
600	321	35650	95657		Gi¸ng Chïy	95	1
600	321	35475	96252		Gi¸ng Chïy	95	1
598	321	35357	95995		S­¬ng §ao 	95	1
600	321	35368	95726		Gi¸ng Chïy	95	1
601	321	35666	96215		S¶n Vò 	95	1
599	321	35749	95995		L·nh Cung	95	1
601	321	35906	95409		S¶n Vò 	95	1
600	321	37732	96012		Gi¸ng Chïy	95	1
600	321	38376	95620		Gi¸ng Chïy	95	1
598	321	38365	95890		S­¬ng §ao 	95	1
600	321	38014	95944		Gi¸ng Chïy	95	1
600	321	38658	95552		Gi¸ng Chïy	95	1
601	321	38674	96110		S¶n Vò 	95	1
599	321	38757	95890		L·nh Cung	95	1
600	321	38483	96146		Gi¸ng Chïy	95	1
600	321	40261	95821		Gi¸ng Chïy	95	1
598	321	39968	96159		S­¬ng §ao 	95	1
600	321	39979	95890		Gi¸ng Chïy	95	1
599	321	40360	96159		L·nh Cung	95	1
598	321	40405	95813		S­¬ng §ao 	95	1
600	321	40415	95544		Gi¸ng Chïy	95	1
600	321	40698	95475		Gi¸ng Chïy	95	1
600	321	40523	96070		Gi¸ng Chïy	95	1
601	321	40713	96033		S¶n Vò 	95	1
599	321	40796	95813		L·nh Cung	95	1
600	321	42771	96253		Gi¸ng Chïy	95	1
598	321	42816	95422		S­¬ng §ao 	95	1
601	321	42883	95655		S¶n Vò 	95	1
599	321	43000	95742		L·nh Cung	95	1
601	321	43138	95322		S¶n Vò 	95	1
598	321	43170	95663		S­¬ng §ao 	95	1
598	321	44479	95929		S­¬ng §ao 	95	1
599	321	44608	95705		L·nh Cung	95	1
601	321	44801	95829		S¶n Vò 	95	1
601	321	44546	96162		S¶n Vò 	95	1
599	321	44663	96249		L·nh Cung	95	1
598	321	44833	96171		S­¬ng §ao 	95	1
599	321	46987	96064		L·nh Cung	95	1
601	321	47180	96188		S¶n Vò 	95	1
599	321	47574	95253		L·nh Cung	95	1
598	321	47672	95642		S­¬ng §ao 	95	1
599	321	47800	95417		L·nh Cung	95	1
601	321	47993	95541		S¶n Vò 	95	1
601	321	47739	95875		S¶n Vò 	95	1
599	321	47856	95961		L·nh Cung	95	1
598	321	48026	95883		S­¬ng §ao 	95	1
598	321	49286	96096		S­¬ng §ao 	95	1
601	321	49608	95996		S¶n Vò 	95	1
599	321	49415	95871		L·nh Cung	95	1
599	321	31990	96287		L·nh Cung	95	1
600	321	32723	96518		Gi¸ng Chïy	95	1
600	321	32548	97112		Gi¸ng Chïy	95	1
598	321	32430	96856		S­¬ng §ao 	95	1
600	321	32441	96587		Gi¸ng Chïy	95	1
601	321	32739	97076		S¶n Vò 	95	1
599	321	32822	96856		L·nh Cung	95	1
600	321	33253	96270		Gi¸ng Chïy	95	1
600	321	33078	96865		Gi¸ng Chïy	95	1
598	321	32960	96608		S­¬ng §ao 	95	1
600	321	32971	96339		Gi¸ng Chïy	95	1
601	321	33269	96828		S¶n Vò 	95	1
599	321	33352	96608		L·nh Cung	95	1
600	321	33762	96606		Gi¸ng Chïy	95	1
600	321	33587	97200		Gi¸ng Chïy	95	1
598	321	33469	96944		S­¬ng §ao 	95	1
600	321	33480	96675		Gi¸ng Chïy	95	1
601	321	33778	97164		S¶n Vò 	95	1
599	321	33861	96944		L·nh Cung	95	1
600	321	35703	97032		Gi¸ng Chïy	95	1
600	321	35985	96963		Gi¸ng Chïy	95	1
600	321	36160	97249		Gi¸ng Chïy	95	1
600	321	36442	97180		Gi¸ng Chïy	95	1
600	321	37839	96538		Gi¸ng Chïy	95	1
598	321	37721	96281		S­¬ng §ao 	95	1
601	321	38030	96502		S¶n Vò 	95	1
599	321	38113	96281		L·nh Cung	95	1
600	321	40086	96415		Gi¸ng Chïy	95	1
601	321	40277	96379		S¶n Vò 	95	1
600	321	41364	97061		Gi¸ng Chïy	95	1
600	321	41082	97130		Gi¸ng Chïy	95	1
598	321	42478	96591		S­¬ng §ao 	95	1
600	321	42488	96322		Gi¸ng Chïy	95	1
600	321	42774	97236		Gi¸ng Chïy	95	1
600	321	42596	96847		Gi¸ng Chïy	95	1
601	321	42786	96811		S¶n Vò 	95	1
599	321	42869	96591		L·nh Cung	95	1
600	321	43056	97167		Gi¸ng Chïy	95	1
598	321	45701	96894		S­¬ng §ao 	95	1
599	321	45830	96669		L·nh Cung	95	1
601	321	46023	96793		S¶n Vò 	95	1
601	321	45768	97127		S¶n Vò 	95	1
599	321	45885	97213		L·nh Cung	95	1
598	321	46055	97135		S­¬ng §ao 	95	1
598	321	46858	96288		S­¬ng §ao 	95	1
601	321	46925	96521		S¶n Vò 	95	1
599	321	47042	96608		L·nh Cung	95	1
598	321	47212	96530		S­¬ng §ao 	95	1
598	321	47121	96994		S­¬ng §ao 	95	1
599	321	47249	96769		L·nh Cung	95	1
601	321	47442	96894		S¶n Vò 	95	1
601	321	47188	97227		S¶n Vò 	95	1
598	321	47474	97235		S­¬ng §ao 	95	1
598	321	49640	96338		S­¬ng §ao 	95	1
601	321	49353	96329		S¶n Vò 	95	1
599	321	49470	96416		L·nh Cung	95	1
600	321	34162	98251		Gi¸ng Chïy	95	1
598	321	34044	97994		S­¬ng §ao 	95	1
600	321	34054	97725		Gi¸ng Chïy	95	1
600	321	34337	97656		Gi¸ng Chïy	95	1
601	321	34352	98214		S¶n Vò 	95	1
599	321	34435	97994		L·nh Cung	95	1
600	321	34724	98261		Gi¸ng Chïy	95	1
600	321	35810	97558		Gi¸ng Chïy	95	1
598	321	35692	97301		S­¬ng §ao 	95	1
601	321	36001	97521		S¶n Vò 	95	1
599	321	36084	97301		L·nh Cung	95	1
600	321	36267	97775		Gi¸ng Chïy	95	1
598	321	36149	97518		S­¬ng §ao 	95	1
600	321	36212	98065		Gi¸ng Chïy	95	1
601	321	36458	97738		S¶n Vò 	95	1
599	321	36541	97518		L·nh Cung	95	1
600	321	36494	97996		Gi¸ng Chïy	95	1
600	321	39349	97840		Gi¸ng Chïy	95	1
598	321	39339	98109		S­¬ng §ao 	95	1
600	321	39631	97771		Gi¸ng Chïy	95	1
599	321	39730	98109		L·nh Cung	95	1
600	321	40297	98141		Gi¸ng Chïy	95	1
598	321	40179	97884		S­¬ng §ao 	95	1
600	321	40189	97615		Gi¸ng Chïy	95	1
600	321	40472	97547		Gi¸ng Chïy	95	1
601	321	40487	98105		S¶n Vò 	95	1
599	321	40570	97884		L·nh Cung	95	1
600	321	41189	97656		Gi¸ng Chïy	95	1
598	321	41071	97399		S­¬ng §ao 	95	1
601	321	41380	97619		S¶n Vò 	95	1
599	321	41463	97399		L·nh Cung	95	1
600	321	41869	97560		Gi¸ng Chïy	95	1
600	321	41694	98154		Gi¸ng Chïy	95	1
598	321	41576	97898		S­¬ng §ao 	95	1
600	321	41587	97629		Gi¸ng Chïy	95	1
601	321	41885	98118		S¶n Vò 	95	1
599	321	41968	97898		L·nh Cung	95	1
600	321	42881	97761		Gi¸ng Chïy	95	1
598	321	42763	97505		S­¬ng §ao 	95	1
600	321	43498	97936		Gi¸ng Chïy	95	1
598	321	43205	98274		S­¬ng §ao 	95	1
600	321	43215	98005		Gi¸ng Chïy	95	1
601	321	43072	97725		S¶n Vò 	95	1
599	321	43155	97505		L·nh Cung	95	1
600	321	43768	98042		Gi¸ng Chïy	95	1
599	321	43596	98274		L·nh Cung	95	1
600	321	44050	97973		Gi¸ng Chïy	95	1
598	321	45690	97771		S­¬ng §ao 	95	1
599	321	45819	97546		L·nh Cung	95	1
601	321	46012	97671		S¶n Vò 	95	1
601	321	45757	98004		S¶n Vò 	95	1
599	321	45874	98091		L·nh Cung	95	1
598	321	46044	98012		S­¬ng §ao 	95	1
599	321	47304	97314		L·nh Cung	95	1
598	321	47890	98079		S­¬ng §ao 	95	1
599	321	48019	97854		L·nh Cung	95	1
601	321	48414	97847		S¶n Vò 	95	1
599	321	48530	97934		L·nh Cung	95	1
598	321	48347	97614		S­¬ng §ao 	95	1
599	321	48475	97389		L·nh Cung	95	1
601	321	48212	97978		S¶n Vò 	95	1
598	321	48701	97856		S­¬ng §ao 	95	1
601	321	48668	97514		S¶n Vò 	95	1
598	321	32217	99067		S­¬ng §ao 	95	1
601	321	31930	99059		S¶n Vò 	95	1
599	321	32047	99146		L·nh Cung	95	1
601	321	32185	98726		S¶n Vò 	95	1
599	321	31992	98601		L·nh Cung	95	1
598	321	31863	98826		S­¬ng §ao 	95	1
601	321	33126	99123		S¶n Vò 	95	1
599	321	33243	99210		L·nh Cung	95	1
599	321	33188	98665		L·nh Cung	95	1
598	321	33059	98890		S­¬ng §ao 	95	1
598	321	33413	99131		S­¬ng §ao 	95	1
601	321	33381	98790		S¶n Vò 	95	1
600	321	34096	98325		Gi¸ng Chïy	95	1
600	321	33921	98919		Gi¸ng Chïy	95	1
598	321	33803	98663		S­¬ng §ao 	95	1
600	321	33814	98394		Gi¸ng Chïy	95	1
601	321	34112	98883		S¶n Vò 	95	1
599	321	34195	98663		L·nh Cung	95	1
599	321	34693	99173		L·nh Cung	95	1
600	321	34549	98855		Gi¸ng Chïy	95	1
598	321	34431	98598		S­¬ng §ao 	95	1
600	321	34442	98329		Gi¸ng Chïy	95	1
601	321	34740	98819		S¶n Vò 	95	1
601	321	34886	99297		S¶n Vò 	95	1
599	321	34823	98598		L·nh Cung	95	1
598	321	35628	99289		S­¬ng §ao 	95	1
600	321	35639	99020		Gi¸ng Chïy	95	1
600	321	36319	98590		Gi¸ng Chïy	95	1
598	321	36201	98334		S­¬ng §ao 	95	1
600	321	35921	98951		Gi¸ng Chïy	95	1
599	321	36020	99289		L·nh Cung	95	1
601	321	36510	98554		S¶n Vò 	95	1
599	321	36593	98334		L·nh Cung	95	1
600	321	37248	99148		Gi¸ng Chïy	95	1
600	321	36966	99217		Gi¸ng Chïy	95	1
600	321	37734	98937		Gi¸ng Chïy	95	1
598	321	37441	99275		S­¬ng §ao 	95	1
600	321	37451	99006		Gi¸ng Chïy	95	1
599	321	37832	99275		L·nh Cung	95	1
600	321	38338	99219		Gi¸ng Chïy	95	1
600	321	38056	99288		Gi¸ng Chïy	95	1
600	321	38874	98794		Gi¸ng Chïy	95	1
598	321	38581	99132		S­¬ng §ao 	95	1
600	321	38592	98863		Gi¸ng Chïy	95	1
599	321	38973	99132		L·nh Cung	95	1
600	321	39911	98649		Gi¸ng Chïy	95	1
600	321	39736	99243		Gi¸ng Chïy	95	1
598	321	39618	98987		S­¬ng §ao 	95	1
600	321	39629	98718		Gi¸ng Chïy	95	1
601	321	39927	99207		S¶n Vò 	95	1
601	321	39647	98329		S¶n Vò 	95	1
600	321	39456	98365		Gi¸ng Chïy	95	1
600	321	40356	98340		Gi¸ng Chïy	95	1
600	321	40181	98935		Gi¸ng Chïy	95	1
598	321	40063	98678		S­¬ng §ao 	95	1
600	321	40074	98409		Gi¸ng Chïy	95	1
601	321	40372	98898		S¶n Vò 	95	1
599	321	40010	98987		L·nh Cung	95	1
600	321	40571	99311		Gi¸ng Chïy	95	1
600	321	40943	98927		Gi¸ng Chïy	95	1
598	321	40825	98670		S­¬ng §ao 	95	1
600	321	40836	98401		Gi¸ng Chïy	95	1
599	321	40455	98678		L·nh Cung	95	1
600	321	41118	98332		Gi¸ng Chïy	95	1
601	321	41134	98890		S¶n Vò 	95	1
599	321	41217	98670		L·nh Cung	95	1
600	321	43323	98531		Gi¸ng Chïy	95	1
601	321	43513	98494		S¶n Vò 	95	1
600	321	43875	98567		Gi¸ng Chïy	95	1
598	321	43758	98311		S­¬ng §ao 	95	1
598	321	44285	99303		S­¬ng §ao 	95	1
600	321	44296	99034		Gi¸ng Chïy	95	1
601	321	44066	98531		S¶n Vò 	95	1
599	321	44149	98311		L·nh Cung	95	1
600	321	44578	98965		Gi¸ng Chïy	95	1
599	321	44677	99303		L·nh Cung	95	1
598	321	45528	99023		S­¬ng §ao 	95	1
600	321	45539	98754		Gi¸ng Chïy	95	1
600	321	45821	98686		Gi¸ng Chïy	95	1
600	321	45646	99280		Gi¸ng Chïy	95	1
601	321	45837	99244		S¶n Vò 	95	1
599	321	45920	99023		L·nh Cung	95	1
598	321	46647	99001		S­¬ng §ao 	95	1
599	321	46775	98777		L·nh Cung	95	1
601	321	46968	98901		S¶n Vò 	95	1
601	321	46714	99234		S¶n Vò 	95	1
599	321	46830	99321		L·nh Cung	95	1
598	321	47001	99243		S­¬ng §ao 	95	1
601	321	47957	98312		S¶n Vò 	95	1
599	321	48074	98398		L·nh Cung	95	1
598	321	48224	99308		S­¬ng §ao 	95	1
601	321	48546	99208		S¶n Vò 	95	1
599	321	48353	99083		L·nh Cung	95	1
598	321	48244	98320		S­¬ng §ao 	95	1
601	321	48935	99294		S¶n Vò 	95	1
598	321	48868	99061		S­¬ng §ao 	95	1
599	321	48997	98836		L·nh Cung	95	1
598	321	49222	99303		S­¬ng §ao 	95	1
601	321	49190	98961		S¶n Vò 	95	1
601	321	31633	99970		S¶n Vò 	95	1
599	321	31695	99513		L·nh Cung	95	1
598	321	31566	99737		S­¬ng §ao 	95	1
598	321	31920	99979		S­¬ng §ao 	95	1
599	321	31750	100057		L·nh Cung	95	1
601	321	31887	99637		S¶n Vò 	95	1
598	321	33172	99904		S­¬ng §ao 	95	1
601	321	32885	99896		S¶n Vò 	95	1
599	321	33002	99982		L·nh Cung	95	1
601	321	33140	99562		S¶n Vò 	95	1
599	321	32947	99438		L·nh Cung	95	1
598	321	32818	99662		S­¬ng §ao 	95	1
598	321	33266	100081		S­¬ng §ao 	95	1
598	321	33620	100323		S­¬ng §ao 	95	1
601	321	33333	100314		S¶n Vò 	95	1
601	321	33588	99981		S¶n Vò 	95	1
599	321	33395	99857		L·nh Cung	95	1
601	321	33732	100076		S¶n Vò 	95	1
598	321	33665	99843		S­¬ng §ao 	95	1
598	321	34019	100084		S­¬ng §ao 	95	1
599	321	33849	100163		L·nh Cung	95	1
601	321	33987	99743		S¶n Vò 	95	1
599	321	33794	99618		L·nh Cung	95	1
598	321	34722	100304		S­¬ng §ao 	95	1
601	321	34435	100296		S¶n Vò 	95	1
601	321	34689	99962		S¶n Vò 	95	1
599	321	34496	99838		L·nh Cung	95	1
598	321	34368	100063		S­¬ng §ao 	95	1
601	321	34632	99631		S¶n Vò 	95	1
599	321	34748	99717		L·nh Cung	95	1
598	321	34565	99398		S­¬ng §ao 	95	1
598	321	34918	99639		S­¬ng §ao 	95	1
599	321	35280	100148		L·nh Cung	95	1
601	321	35473	100272		S¶n Vò 	95	1
600	321	35746	99546		Gi¸ng Chïy	95	1
601	321	35937	99509		S¶n Vò 	95	1
601	321	36747	100225		S¶n Vò 	95	1
599	321	36554	100100		L·nh Cung	95	1
598	321	36426	100325		S­¬ng §ao 	95	1
600	321	37073	99743		Gi¸ng Chïy	95	1
598	321	36955	99486		S­¬ng §ao 	95	1
601	321	37264	99706		S¶n Vò 	95	1
599	321	37347	99486		L·nh Cung	95	1
600	321	37559	99532		Gi¸ng Chïy	95	1
601	321	37749	99495		S¶n Vò 	95	1
600	321	38163	99814		Gi¸ng Chïy	95	1
598	321	38045	99557		S­¬ng §ao 	95	1
601	321	38354	99777		S¶n Vò 	95	1
600	321	38731	100100		Gi¸ng Chïy	95	1
600	321	38699	99388		Gi¸ng Chïy	95	1
601	321	38890	99352		S¶n Vò 	95	1
599	321	38437	99557		L·nh Cung	95	1
600	321	39013	100031		Gi¸ng Chïy	95	1
600	321	40396	99905		Gi¸ng Chïy	95	1
598	321	40278	99648		S­¬ng §ao 	95	1
600	321	40289	99379		Gi¸ng Chïy	95	1
600	321	40707	100153		Gi¸ng Chïy	95	1
601	321	40587	99869		S¶n Vò 	95	1
599	321	40670	99648		L·nh Cung	95	1
600	321	40989	100084		Gi¸ng Chïy	95	1
600	321	41332	99601		Gi¸ng Chïy	95	1
600	321	41157	100195		Gi¸ng Chïy	95	1
598	321	41039	99939		S­¬ng §ao 	95	1
600	321	41050	99670		Gi¸ng Chïy	95	1
601	321	41348	100159		S¶n Vò 	95	1
599	321	41431	99939		L·nh Cung	95	1
598	321	42467	100126		S­¬ng §ao 	95	1
600	321	42478	99857		Gi¸ng Chïy	95	1
600	321	42760	99788		Gi¸ng Chïy	95	1
601	321	42776	100346		S¶n Vò 	95	1
599	321	42859	100126		L·nh Cung	95	1
600	321	44403	99559		Gi¸ng Chïy	95	1
600	321	44916	99639		Gi¸ng Chïy	95	1
600	321	44741	100233		Gi¸ng Chïy	95	1
598	321	44623	99977		S­¬ng §ao 	95	1
600	321	44634	99708		Gi¸ng Chïy	95	1
601	321	44932	100197		S¶n Vò 	95	1
599	321	45015	99977		L·nh Cung	95	1
601	321	44594	99523		S¶n Vò 	95	1
598	321	46715	100212		S­¬ng §ao 	95	1
601	321	47036	100111		S¶n Vò 	95	1
599	321	46844	99987		L·nh Cung	95	1
599	321	47594	100175		L·nh Cung	95	1
601	321	47425	99887		S¶n Vò 	95	1
599	321	47542	99973		L·nh Cung	95	1
598	321	47358	99654		S­¬ng §ao 	95	1
599	321	47487	99429		L·nh Cung	95	1
601	321	47787	100299		S¶n Vò 	95	1
598	321	47712	99895		S­¬ng §ao 	95	1
601	321	47680	99553		S¶n Vò 	95	1
598	321	48578	99550		S­¬ng §ao 	95	1
601	321	48291	99541		S¶n Vò 	95	1
599	321	48408	99628		L·nh Cung	95	1
598	321	49061	100144		S­¬ng §ao 	95	1
599	321	49052	99381		L·nh Cung	95	1
601	321	49383	100044		S¶n Vò 	95	1
599	321	49190	99920		L·nh Cung	95	1
598	321	31697	100656		S­¬ng §ao 	95	1
598	321	32050	100898		S­¬ng §ao 	95	1
601	321	31764	100890		S¶n Vò 	95	1
599	321	31880	100976		L·nh Cung	95	1
601	321	32018	100556		S¶n Vò 	95	1
599	321	31825	100432		L·nh Cung	95	1
599	321	33450	100401		L·nh Cung	95	1
598	321	34691	101049		S­¬ng §ao 	95	1
601	321	34404	101041		S¶n Vò 	95	1
599	321	34521	101127		L·nh Cung	95	1
601	321	34659	100708		S¶n Vò 	95	1
599	321	34466	100583		L·nh Cung	95	1
598	321	34337	100808		S­¬ng §ao 	95	1
599	321	34551	100382		L·nh Cung	95	1
601	321	35219	100606		S¶n Vò 	95	1
598	321	35152	100373		S­¬ng §ao 	95	1
598	321	35505	100614		S­¬ng §ao 	95	1
599	321	35335	100692		L·nh Cung	95	1
601	321	35709	101051		S¶n Vò 	95	1
599	321	35826	101138		L·nh Cung	95	1
599	321	35771	100593		L·nh Cung	95	1
598	321	35642	100818		S­¬ng §ao 	95	1
598	321	35996	101059		S­¬ng §ao 	95	1
601	321	35963	100718		S¶n Vò 	95	1
598	321	36779	100566		S­¬ng §ao 	95	1
601	321	36493	100558		S¶n Vò 	95	1
599	321	36609	100645		L·nh Cung	95	1
600	321	37299	100707		Gi¸ng Chïy	95	1
600	321	37124	101301		Gi¸ng Chïy	95	1
598	321	37007	101044		S­¬ng §ao 	95	1
600	321	37017	100775		Gi¸ng Chïy	95	1
601	321	37315	101265		S¶n Vò 	95	1
599	321	37398	101044		L·nh Cung	95	1
600	321	38322	100902		Gi¸ng Chïy	95	1
598	321	38029	101240		S­¬ng §ao 	95	1
600	321	38040	100971		Gi¸ng Chïy	95	1
599	321	38421	101240		L·nh Cung	95	1
600	321	38838	100625		Gi¸ng Chïy	95	1
598	321	38720	100369		S­¬ng §ao 	95	1
601	321	39029	100589		S¶n Vò 	95	1
599	321	39112	100369		L·nh Cung	95	1
600	321	39352	100979		Gi¸ng Chïy	95	1
598	321	39234	100722		S­¬ng §ao 	95	1
600	321	39245	100453		Gi¸ng Chïy	95	1
600	321	39527	100384		Gi¸ng Chïy	95	1
601	321	39543	100942		S¶n Vò 	95	1
599	321	39626	100722		L·nh Cung	95	1
598	321	40146	101343		S­¬ng §ao 	95	1
599	321	40275	101118		L·nh Cung	95	1
601	321	40468	101243		S¶n Vò 	95	1
600	321	40814	100678		Gi¸ng Chïy	95	1
598	321	40696	100422		S­¬ng §ao 	95	1
601	321	41005	100642		S¶n Vò 	95	1
599	321	41088	100422		L·nh Cung	95	1
598	321	42025	101321		S­¬ng §ao 	95	1
601	321	42346	101221		S¶n Vò 	95	1
599	321	42153	101096		L·nh Cung	95	1
601	321	42777	101018		S¶n Vò 	95	1
599	321	42894	101105		L·nh Cung	95	1
598	321	42710	100785		S­¬ng §ao 	95	1
599	321	42839	100561		L·nh Cung	95	1
600	321	42585	100382		Gi¸ng Chïy	95	1
601	321	43495	101282		S¶n Vò 	95	1
599	321	43302	101157		L·nh Cung	95	1
598	321	43064	101027		S­¬ng §ao 	95	1
601	321	43031	100685		S¶n Vò 	95	1
601	321	43914	101007		S¶n Vò 	95	1
599	321	44031	101093		L·nh Cung	95	1
598	321	43847	100774		S­¬ng §ao 	95	1
599	321	43976	100549		L·nh Cung	95	1
599	321	44252	101368		L·nh Cung	95	1
598	321	44201	101015		S­¬ng §ao 	95	1
601	321	44169	100673		S¶n Vò 	95	1
601	321	45564	101077		S¶n Vò 	95	1
598	321	45497	100844		S­¬ng §ao 	95	1
598	321	46037	100925		S­¬ng §ao 	95	1
598	321	45851	101085		S­¬ng §ao 	95	1
599	321	45681	101164		L·nh Cung	95	1
601	321	45819	100744		S¶n Vò 	95	1
599	321	45626	100619		L·nh Cung	95	1
598	321	46391	101166		S­¬ng §ao 	95	1
601	321	46104	101158		S¶n Vò 	95	1
599	321	46221	101244		L·nh Cung	95	1
601	321	46359	100824		S¶n Vò 	95	1
599	321	46166	100700		L·nh Cung	95	1
598	321	47069	100453		S­¬ng §ao 	95	1
601	321	46782	100445		S¶n Vò 	95	1
599	321	46899	100531		L·nh Cung	95	1
601	321	46879	101371		S¶n Vò 	95	1
599	321	46686	101246		L·nh Cung	95	1
601	321	47533	100632		S¶n Vò 	95	1
598	321	47466	100399		S­¬ng §ao 	95	1
598	321	47671	101234		S­¬ng §ao 	95	1
601	321	47992	101133		S¶n Vò 	95	1
599	321	47799	101009		L·nh Cung	95	1
598	321	47820	100641		S­¬ng §ao 	95	1
599	321	47649	100719		L·nh Cung	95	1
601	321	49128	100378		S¶n Vò 	95	1
598	321	49534	101262		S­¬ng §ao 	95	1
599	321	49662	101037		L·nh Cung	95	1
598	321	49415	100386		S­¬ng §ao 	95	1
599	321	49245	100464		L·nh Cung	95	1
601	321	49855	101161		S¶n Vò 	95	1
600	321	38147	101497		Gi¸ng Chïy	95	1
601	321	38338	101460		S¶n Vò 	95	1
601	321	40213	101576		S¶n Vò 	95	1
599	321	40330	101663		L·nh Cung	95	1
598	321	40500	101584		S­¬ng §ao 	95	1
598	321	42378	101563		S­¬ng §ao 	95	1
601	321	42092	101554		S¶n Vò 	95	1
599	321	42208	101641		L·nh Cung	95	1
601	321	43241	101615		S¶n Vò 	95	1
599	321	43357	101702		L·nh Cung	95	1
598	321	43174	101382		S­¬ng §ao 	95	1
598	321	43527	101623		S­¬ng §ao 	95	1
598	321	44478	101834		S­¬ng §ao 	95	1
601	321	44191	101826		S¶n Vò 	95	1
599	321	44308	101912		L·nh Cung	95	1
598	321	44124	101593		S­¬ng §ao 	95	1
601	321	44445	101492		S¶n Vò 	95	1
598	321	46557	101471		S­¬ng §ao 	95	1
598	321	46911	101713		S­¬ng §ao 	95	1
601	321	46624	101704		S¶n Vò 	95	1
599	321	46741	101791		L·nh Cung	95	1
598	321	48024	101475		S­¬ng §ao 	95	1
601	321	47738	101467		S¶n Vò 	95	1
599	321	47854	101553		L·nh Cung	95	1
601	321	49601	101495		S¶n Vò 	95	1
598	321	49887	101503		S­¬ng §ao 	95	1
599	321	49717	101581		L·nh Cung	95	1