NpcID	MapID	PosX	PosY	ScriptFile	NpcName	Level	IsLoad
594	322	51040	101115		§ao Tr¶m	95	1
595	322	51085	100927		L¹c Quang	95	1
596	322	51263	100783		Hµn Th­¬ng	95	1
594	322	51383	101106		§ao Tr¶m	95	1
596	322	52189	101213		Hµn Th­¬ng	95	1
595	322	52011	101357		L¹c Quang	95	1
597	322	52926	101016		§o¹t Ph¸ch	95	1
596	322	53060	101283		Hµn Th­¬ng	95	1
595	322	52985	100772		L¹c Quang	95	1
597	322	53217	100673		§o¹t Ph¸ch	95	1
597	322	53240	101340		§o¹t Ph¸ch	95	1
594	322	53317	101026		§ao Tr¶m	95	1
596	322	54219	101104		Hµn Th­¬ng	95	1
595	322	54041	101248		L¹c Quang	95	1
596	322	54676	101354		Hµn Th­¬ng	95	1
594	322	54569	101071		§ao Tr¶m	95	1
595	322	54614	100883		L¹c Quang	95	1
595	322	54838	101335		L¹c Quang	95	1
596	322	54792	100739		Hµn Th­¬ng	95	1
594	322	54912	101062		§ao Tr¶m	95	1
596	322	57130	100872		Hµn Th­¬ng	95	1
594	322	57251	101194		§ao Tr¶m	95	1
594	322	56908	101204		§ao Tr¶m	95	1
595	322	56952	101016		L¹c Quang	95	1
596	322	58823	101320		Hµn Th­¬ng	95	1
594	322	58716	101036		§ao Tr¶m	95	1
595	322	58761	100849		L¹c Quang	95	1
595	322	58985	101300		L¹c Quang	95	1
596	322	58939	100705		Hµn Th­¬ng	95	1
594	322	59059	101027		§ao Tr¶m	95	1
595	322	59896	101280		L¹c Quang	95	1
596	322	60074	101136		Hµn Th­¬ng	95	1
596	322	61817	101068		Hµn Th­¬ng	95	1
595	322	61639	101212		L¹c Quang	95	1
596	322	62339	101162		Hµn Th­¬ng	95	1
595	322	62161	101305		L¹c Quang	95	1
596	322	63168	101170		Hµn Th­¬ng	95	1
595	322	62990	101314		L¹c Quang	95	1
594	322	63465	101253		§ao Tr¶m	95	1
596	322	63687	100921		Hµn Th­¬ng	95	1
594	322	63807	101244		§ao Tr¶m	95	1
595	322	63509	101065		L¹c Quang	95	1
596	322	64420	101107		Hµn Th­¬ng	95	1
595	322	64242	101251		L¹c Quang	95	1
596	322	65431	101068		Hµn Th­¬ng	95	1
595	322	65253	101212		L¹c Quang	95	1
596	322	51147	101398		Hµn Th­¬ng	95	1
595	322	51309	101379		L¹c Quang	95	1
596	322	52074	101828		Hµn Th­¬ng	95	1
594	322	51967	101545		§ao Tr¶m	95	1
595	322	52236	101809		L¹c Quang	95	1
594	322	52310	101535		§ao Tr¶m	95	1
595	322	52685	102375		L¹c Quang	95	1
596	322	52638	101780		Hµn Th­¬ng	95	1
596	322	52523	102395		Hµn Th­¬ng	95	1
594	322	52416	102111		§ao Tr¶m	95	1
595	322	52460	101924		L¹c Quang	95	1
594	322	52759	102102		§ao Tr¶m	95	1
595	322	54265	101699		L¹c Quang	95	1
596	322	54103	101719		Hµn Th­¬ng	95	1
594	322	53996	101435		§ao Tr¶m	95	1
594	322	54339	101426		§ao Tr¶m	95	1
594	322	54768	102305		§ao Tr¶m	95	1
596	322	54990	101973		Hµn Th­¬ng	95	1
594	322	55110	102296		§ao Tr¶m	95	1
595	322	54812	102117		L¹c Quang	95	1
594	322	55204	101804		§ao Tr¶m	95	1
595	322	55248	101616		L¹c Quang	95	1
595	322	55473	102067		L¹c Quang	95	1
596	322	55426	101472		Hµn Th­¬ng	95	1
594	322	55547	101794		§ao Tr¶m	95	1
596	322	55311	102087		Hµn Th­¬ng	95	1
596	322	56115	101908		Hµn Th­¬ng	95	1
594	322	56236	102231		§ao Tr¶m	95	1
594	322	55893	102240		§ao Tr¶m	95	1
595	322	55937	102052		L¹c Quang	95	1
595	322	56635	102080		L¹c Quang	95	1
596	322	56589	101484		Hµn Th­¬ng	95	1
594	322	56709	101807		§ao Tr¶m	95	1
596	322	56473	102099		Hµn Th­¬ng	95	1
594	322	56366	101816		§ao Tr¶m	95	1
595	322	56411	101628		L¹c Quang	95	1
596	322	57068	102086		Hµn Th­¬ng	95	1
595	322	56890	102230		L¹c Quang	95	1
595	322	57177	101467		L¹c Quang	95	1
596	322	57014	101487		Hµn Th­¬ng	95	1
595	322	57824	102340		L¹c Quang	95	1
596	322	57777	101744		Hµn Th­¬ng	95	1
596	322	57661	102359		Hµn Th­¬ng	95	1
594	322	57555	102076		§ao Tr¶m	95	1
595	322	57599	101888		L¹c Quang	95	1
594	322	57897	102066		§ao Tr¶m	95	1
595	322	58251	102189		L¹c Quang	95	1
596	322	58204	101593		Hµn Th­¬ng	95	1
594	322	58324	101915		§ao Tr¶m	95	1
596	322	58088	102208		Hµn Th­¬ng	95	1
594	322	57982	101925		§ao Tr¶m	95	1
595	322	58026	101737		L¹c Quang	95	1
594	322	59852	101468		§ao Tr¶m	95	1
594	322	59699	102244		§ao Tr¶m	95	1
595	322	59744	102056		L¹c Quang	95	1
595	322	60121	101732		L¹c Quang	95	1
594	322	60194	101459		§ao Tr¶m	95	1
596	322	59958	101751		Hµn Th­¬ng	95	1
596	322	59922	101912		Hµn Th­¬ng	95	1
594	322	60042	102234		§ao Tr¶m	95	1
596	322	61188	101806		Hµn Th­¬ng	95	1
594	322	61309	102129		§ao Tr¶m	95	1
594	322	60966	102138		§ao Tr¶m	95	1
595	322	61010	101950		L¹c Quang	95	1
595	322	61863	101664		L¹c Quang	95	1
594	322	61937	101391		§ao Tr¶m	95	1
596	322	61701	101683		Hµn Th­¬ng	95	1
594	322	61594	101400		§ao Tr¶m	95	1
594	322	61761	102181		§ao Tr¶m	95	1
595	322	61805	101993		L¹c Quang	95	1
596	322	61983	101849		Hµn Th­¬ng	95	1
594	322	62103	102171		§ao Tr¶m	95	1
595	322	62386	101757		L¹c Quang	95	1
594	322	62460	101484		§ao Tr¶m	95	1
596	322	62224	101777		Hµn Th­¬ng	95	1
594	322	62117	101493		§ao Tr¶m	95	1
594	322	62946	101502		§ao Tr¶m	95	1
595	322	63215	101765		L¹c Quang	95	1
594	322	63289	101492		§ao Tr¶m	95	1
596	322	63053	101785		Hµn Th­¬ng	95	1
594	322	63374	102361		§ao Tr¶m	95	1
595	322	63419	102173		L¹c Quang	95	1
595	322	63734	101517		L¹c Quang	95	1
596	322	63571	101536		Hµn Th­¬ng	95	1
596	322	63597	102029		Hµn Th­¬ng	95	1
594	322	63717	102352		§ao Tr¶m	95	1
595	322	64467	101702		L¹c Quang	95	1
596	322	64305	101722		Hµn Th­¬ng	95	1
594	322	64198	101438		§ao Tr¶m	95	1
594	322	64541	101429		§ao Tr¶m	95	1
595	322	64949	101996		L¹c Quang	95	1
596	322	64902	101400		Hµn Th­¬ng	95	1
594	322	65023	101722		§ao Tr¶m	95	1
596	322	64786	102015		Hµn Th­¬ng	95	1
594	322	64680	101732		§ao Tr¶m	95	1
595	322	64724	101544		L¹c Quang	95	1
595	322	65478	101664		L¹c Quang	95	1
596	322	65315	101683		Hµn Th­¬ng	95	1
594	322	65209	101400		§ao Tr¶m	95	1
594	322	65551	101391		§ao Tr¶m	95	1
596	322	51188	102876		Hµn Th­¬ng	95	1
594	322	50965	103208		§ao Tr¶m	95	1
595	322	51010	103020		L¹c Quang	95	1
594	322	51308	103199		§ao Tr¶m	95	1
594	322	51806	103370		§ao Tr¶m	95	1
595	322	52218	102792		Ph¸ch Liªm 	95	1
595	322	52565	103218		L¹c Quang	95	1
596	322	52518	102622		Hµn Th­¬ng	95	1
594	322	52639	102944		§ao Tr¶m	95	1
596	322	52403	103237		Hµn Th­¬ng	95	1
594	322	52296	102954		§ao Tr¶m	95	1
595	322	52340	102766		L¹c Quang	95	1
594	322	53097	103348		§ao Tr¶m	95	1
595	322	53141	103160		L¹c Quang	95	1
596	322	53319	103016		Hµn Th­¬ng	95	1
594	322	53440	103338		§ao Tr¶m	95	1
595	322	53822	103314		L¹c Quang	95	1
597	322	54053	103215		§o¹t Ph¸ch	95	1
596	322	54751	102952		Hµn Th­¬ng	95	1
594	322	54529	103283		§ao Tr¶m	95	1
595	322	54573	103096		L¹c Quang	95	1
595	322	55036	102569		L¹c Quang	95	1
596	322	54874	102589		Hµn Th­¬ng	95	1
594	322	54871	103274		§ao Tr¶m	95	1
597	322	55239	103269		§o¹t Ph¸ch	95	1
595	322	55297	103025		L¹c Quang	95	1
594	322	55630	103278		§ao Tr¶m	95	1
597	322	55529	102926		§o¹t Ph¸ch	95	1
595	322	56162	102504		L¹c Quang	95	1
596	322	55999	102523		Hµn Th­¬ng	95	1
595	322	57115	102682		L¹c Quang	95	1
594	322	57189	102409		§ao Tr¶m	95	1
596	322	56952	102702		Hµn Th­¬ng	95	1
594	322	56846	102418		§ao Tr¶m	95	1
595	322	57794	103338		L¹c Quang	95	1
597	322	58025	103239		§o¹t Ph¸ch	95	1
594	322	58780	102741		§ao Tr¶m	95	1
595	322	58825	102553		L¹c Quang	95	1
597	322	58738	103358		§o¹t Ph¸ch	95	1
595	322	59049	103005		L¹c Quang	95	1
596	322	59003	102409		Hµn Th­¬ng	95	1
594	322	59123	102731		§ao Tr¶m	95	1
596	322	58887	103024		Hµn Th­¬ng	95	1
596	322	59806	102527		Hµn Th­¬ng	95	1
595	322	59968	102508		L¹c Quang	95	1
597	322	60130	103353		§o¹t Ph¸ch	95	1
595	322	60189	103109		L¹c Quang	95	1
594	322	60521	103363		§ao Tr¶m	95	1
597	322	60420	103010		§o¹t Ph¸ch	95	1
595	322	61235	102402		L¹c Quang	95	1
596	322	61072	102422		Hµn Th­¬ng	95	1
595	322	61145	103386		L¹c Quang	95	1
597	322	61376	103287		§o¹t Ph¸ch	95	1
596	322	61867	102464		Hµn Th­¬ng	95	1
595	322	62030	102445		L¹c Quang	95	1
595	322	62391	103318		L¹c Quang	95	1
596	322	62344	102723		Hµn Th­¬ng	95	1
596	322	62228	103338		Hµn Th­¬ng	95	1
594	322	62122	103054		§ao Tr¶m	95	1
595	322	62166	102867		L¹c Quang	95	1
594	322	62465	103045		§ao Tr¶m	95	1
596	322	63481	102645		Hµn Th­¬ng	95	1
597	322	63075	103110		§o¹t Ph¸ch	95	1
595	322	63134	102866		L¹c Quang	95	1
596	322	63209	103378		Hµn Th­¬ng	95	1
594	322	63467	103120		§ao Tr¶m	95	1
597	322	63366	102767		§o¹t Ph¸ch	95	1
595	322	63643	102625		L¹c Quang	95	1
597	322	63677	103170		§o¹t Ph¸ch	95	1
595	322	63736	102927		L¹c Quang	95	1
597	322	63967	102828		§o¹t Ph¸ch	95	1
596	322	64287	103418		Hµn Th­¬ng	95	1
594	322	64068	103180		§ao Tr¶m	95	1
596	322	64725	103280		Hµn Th­¬ng	95	1
596	322	65450	102843		Hµn Th­¬ng	95	1
594	322	65228	103174		§ao Tr¶m	95	1
595	322	65272	102987		L¹c Quang	95	1
594	322	65571	103165		§ao Tr¶m	95	1
596	322	51072	103491		Hµn Th­¬ng	95	1
594	322	51626	104188		§ao Tr¶m	95	1
595	322	51670	104000		L¹c Quang	95	1
595	322	51234	103472		L¹c Quang	95	1
594	322	51968	104179		§ao Tr¶m	95	1
596	322	51848	103856		Hµn Th­¬ng	95	1
596	322	52730	103735		Hµn Th­¬ng	95	1
594	322	52676	104211		§ao Tr¶m	95	1
596	322	52499	104140		Hµn Th­¬ng	95	1
595	322	52368	103641		Ph¸ch Liªm 	95	1
596	322	53204	103631		Hµn Th­¬ng	95	1
595	322	53366	103612		L¹c Quang	95	1
597	322	53763	103557		§o¹t Ph¸ch	95	1
596	322	53897	103825		Hµn Th­¬ng	95	1
594	322	54154	103567		§ao Tr¶m	95	1
597	322	54077	103882		§o¹t Ph¸ch	95	1
596	322	54635	103567		Hµn Th­¬ng	95	1
595	322	54798	103547		L¹c Quang	95	1
595	322	55235	104206		L¹c Quang	95	1
596	322	55188	103611		Hµn Th­¬ng	95	1
596	322	55073	104226		Hµn Th­¬ng	95	1
594	322	54966	103942		§ao Tr¶m	95	1
595	322	55010	103755		L¹c Quang	95	1
594	322	55309	103933		§ao Tr¶m	95	1
596	322	55372	103536		Hµn Th­¬ng	95	1
597	322	55552	103593		§o¹t Ph¸ch	95	1
595	322	55610	104410		L¹c Quang	95	1
597	322	55841	104311		§o¹t Ph¸ch	95	1
597	322	56107	104168		§o¹t Ph¸ch	95	1
595	322	56166	103925		L¹c Quang	95	1
596	322	56241	104436		Hµn Th­¬ng	95	1
594	322	56498	104178		§ao Tr¶m	95	1
597	322	56397	103826		§o¹t Ph¸ch	95	1
597	322	57735	103582		§o¹t Ph¸ch	95	1
596	322	57869	103849		Hµn Th­¬ng	95	1
594	322	58126	103591		§ao Tr¶m	95	1
597	322	58049	103906		§o¹t Ph¸ch	95	1
597	322	58448	103700		§o¹t Ph¸ch	95	1
595	322	58507	103457		L¹c Quang	95	1
596	322	58582	103968		Hµn Th­¬ng	95	1
594	322	58839	103710		§ao Tr¶m	95	1
597	322	58762	104025		§o¹t Ph¸ch	95	1
597	322	59327	103790		§o¹t Ph¸ch	95	1
595	322	59386	103547		L¹c Quang	95	1
596	322	59461	104058		Hµn Th­¬ng	95	1
594	322	59718	103800		§ao Tr¶m	95	1
597	322	59617	103448		§o¹t Ph¸ch	95	1
597	322	59641	104115		§o¹t Ph¸ch	95	1
596	322	60264	103620		Hµn Th­¬ng	95	1
597	322	60444	103677		§o¹t Ph¸ch	95	1
595	322	60920	104441		L¹c Quang	95	1
597	322	61086	103629		§o¹t Ph¸ch	95	1
596	322	61220	103897		Hµn Th­¬ng	95	1
597	322	61399	103954		§o¹t Ph¸ch	95	1
597	322	61152	104342		§o¹t Ph¸ch	95	1
594	322	61477	103639		§ao Tr¶m	95	1
597	322	63389	103434		§o¹t Ph¸ch	95	1
596	322	63811	103438		Hµn Th­¬ng	95	1
597	322	63991	103495		§o¹t Ph¸ch	95	1
595	322	63507	104245		L¹c Quang	95	1
597	322	63738	104146		§o¹t Ph¸ch	95	1
594	322	64503	103612		§ao Tr¶m	95	1
595	322	64333	104014		L¹c Quang	95	1
594	322	64407	103741		§ao Tr¶m	95	1
596	322	64171	104034		Hµn Th­¬ng	95	1
594	322	64064	103750		§ao Tr¶m	95	1
595	322	64109	103562		L¹c Quang	95	1
595	322	64771	103876		L¹c Quang	95	1
594	322	64845	103602		§ao Tr¶m	95	1
596	322	64609	103895		Hµn Th­¬ng	95	1
595	322	64547	103424		L¹c Quang	95	1
595	322	65497	103438		L¹c Quang	95	1
596	322	65335	103458		Hµn Th­¬ng	95	1
595	322	51132	105386		L¹c Quang	95	1
596	322	51086	104790		Hµn Th­¬ng	95	1
596	322	50970	105405		Hµn Th­¬ng	95	1
594	322	50863	105122		§ao Tr¶m	95	1
595	322	50908	104934		L¹c Quang	95	1
594	322	51206	105112		§ao Tr¶m	95	1
595	322	51894	104452		L¹c Quang	95	1
596	322	51732	104472		Hµn Th­¬ng	95	1
596	322	52132	105417		Hµn Th­¬ng	95	1
594	322	52026	105134		§ao Tr¶m	95	1
595	322	52070	104946		L¹c Quang	95	1
595	322	52295	105398		L¹c Quang	95	1
596	322	52248	104802		Hµn Th­¬ng	95	1
594	322	52368	105124		§ao Tr¶m	95	1
595	322	54246	105323		Ph¸ch Liªm 	95	1
597	322	54944	105260		§o¹t Ph¸ch	95	1
595	322	55003	105016		L¹c Quang	95	1
597	322	55234	104917		§o¹t Ph¸ch	95	1
597	322	55551	104653		§o¹t Ph¸ch	95	1
596	322	55685	104921		Hµn Th­¬ng	95	1
594	322	55335	105269		§ao Tr¶m	95	1
594	322	55942	104663		§ao Tr¶m	95	1
597	322	55865	104978		§o¹t Ph¸ch	95	1
597	322	56421	104493		§o¹t Ph¸ch	95	1
597	322	57098	104923		§o¹t Ph¸ch	95	1
595	322	57157	104680		L¹c Quang	95	1
596	322	57232	105191		Hµn Th­¬ng	95	1
595	322	57665	105354		L¹c Quang	95	1
594	322	57489	104933		§ao Tr¶m	95	1
597	322	57388	104581		§o¹t Ph¸ch	95	1
597	322	57412	105248		§o¹t Ph¸ch	95	1
597	322	58187	105157		§o¹t Ph¸ch	95	1
595	322	58246	104914		L¹c Quang	95	1
596	322	58321	105425		Hµn Th­¬ng	95	1
597	322	57897	105255		§o¹t Ph¸ch	95	1
594	322	58578	105167		§ao Tr¶m	95	1
597	322	58477	104815		§o¹t Ph¸ch	95	1
597	322	59478	105291		§o¹t Ph¸ch	95	1
595	322	59536	105048		L¹c Quang	95	1
594	322	59869	105301		§ao Tr¶m	95	1
597	322	59768	104949		§o¹t Ph¸ch	95	1
597	322	60861	104685		§o¹t Ph¸ch	95	1
597	322	61084	105456		§o¹t Ph¸ch	95	1
596	322	60995	104953		Hµn Th­¬ng	95	1
594	322	61253	104695		§ao Tr¶m	95	1
597	322	61175	105009		§o¹t Ph¸ch	95	1
595	322	62450	105398		L¹c Quang	95	1
596	322	62288	105417		Hµn Th­¬ng	95	1
594	322	62181	105134		§ao Tr¶m	95	1
596	322	62404	104802		Hµn Th­¬ng	95	1
595	322	62226	104946		L¹c Quang	95	1
594	322	62524	105124		§ao Tr¶m	95	1
597	322	63448	104488		§o¹t Ph¸ch	95	1
597	322	63127	105039		§o¹t Ph¸ch	95	1
595	322	63185	104796		L¹c Quang	95	1
596	322	63260	105307		Hµn Th­¬ng	95	1
597	322	63417	104697		§o¹t Ph¸ch	95	1
597	322	63440	105364		§o¹t Ph¸ch	95	1
594	322	63893	105447		§ao Tr¶m	95	1
595	322	63937	105260		L¹c Quang	95	1
596	322	63582	104756		Hµn Th­¬ng	95	1
594	322	63839	104498		§ao Tr¶m	95	1
597	322	63762	104813		§o¹t Ph¸ch	95	1
594	322	63518	105049		§ao Tr¶m	95	1
596	322	64115	105116		Hµn Th­¬ng	95	1
594	322	64235	105438		§ao Tr¶m	95	1
596	322	64897	105052		Hµn Th­¬ng	95	1
594	322	65017	105375		§ao Tr¶m	95	1
594	322	64674	105384		§ao Tr¶m	95	1
595	322	64719	105196		L¹c Quang	95	1
595	322	65196	105329		L¹c Quang	95	1
597	322	65428	105230		§o¹t Ph¸ch	95	1
596	322	51666	106185		Hµn Th­¬ng	95	1
595	322	51488	106329		L¹c Quang	95	1
594	322	52140	105860		§ao Tr¶m	95	1
595	322	52066	106133		L¹c Quang	95	1
596	322	51904	106153		Hµn Th­¬ng	95	1
594	322	51797	105870		§ao Tr¶m	95	1
596	322	52020	105538		Hµn Th­¬ng	95	1
595	322	51842	105682		L¹c Quang	95	1
595	322	52663	106239		L¹c Quang	95	1
596	322	52617	105644		Hµn Th­¬ng	95	1
596	322	52501	106259		Hµn Th­¬ng	95	1
594	322	52394	105975		§ao Tr¶m	95	1
595	322	52439	105787		L¹c Quang	95	1
594	322	52737	105966		§ao Tr¶m	95	1
596	322	53172	106142		Hµn Th­¬ng	95	1
594	322	53066	105859		§ao Tr¶m	95	1
595	322	53110	105671		L¹c Quang	95	1
595	322	53335	106123		L¹c Quang	95	1
596	322	53288	105527		Hµn Th­¬ng	95	1
594	322	53408	105849		§ao Tr¶m	95	1
596	322	55078	105527		Hµn Th­¬ng	95	1
597	322	55257	105584		§o¹t Ph¸ch	95	1
597	322	55784	106038		§o¹t Ph¸ch	95	1
595	322	55843	105794		L¹c Quang	95	1
596	322	55918	106306		Hµn Th­¬ng	95	1
594	322	56175	106048		§ao Tr¶m	95	1
597	322	56074	105695		§o¹t Ph¸ch	95	1
597	322	56098	106362		§o¹t Ph¸ch	95	1
597	322	56817	106341		§o¹t Ph¸ch	95	1
595	322	56876	106098		L¹c Quang	95	1
594	322	57208	106351		§ao Tr¶m	95	1
597	322	57107	105999		§o¹t Ph¸ch	95	1
597	322	57606	105598		§o¹t Ph¸ch	95	1
596	322	57740	105866		Hµn Th­¬ng	95	1
594	322	57998	105608		§ao Tr¶m	95	1
597	322	57920	105923		§o¹t Ph¸ch	95	1
597	322	58501	105482		§o¹t Ph¸ch	95	1
597	322	58808	106455		§o¹t Ph¸ch	95	1
595	322	58867	106212		L¹c Quang	95	1
597	322	58372	106252		§o¹t Ph¸ch	95	1
595	322	58431	106009		L¹c Quang	95	1
594	322	58763	106262		§ao Tr¶m	95	1
597	322	58662	105910		§o¹t Ph¸ch	95	1
594	322	59199	106465		§ao Tr¶m	95	1
597	322	59098	106113		§o¹t Ph¸ch	95	1
596	322	59611	105559		Hµn Th­¬ng	95	1
597	322	59791	105616		§o¹t Ph¸ch	95	1
595	322	59724	106415		L¹c Quang	95	1
597	322	59955	106316		§o¹t Ph¸ch	95	1
597	322	60794	105798		§o¹t Ph¸ch	95	1
595	322	60853	105555		L¹c Quang	95	1
597	322	61374	106366		§o¹t Ph¸ch	95	1
595	322	61433	106122		L¹c Quang	95	1
596	322	60928	106066		Hµn Th­¬ng	95	1
594	322	61185	105808		§ao Tr¶m	95	1
597	322	61108	106123		§o¹t Ph¸ch	95	1
594	322	61765	106376		§ao Tr¶m	95	1
597	322	61664	106024		§o¹t Ph¸ch	95	1
596	322	63999	105731		Hµn Th­¬ng	95	1
595	322	64161	105711		L¹c Quang	95	1
597	322	64007	106341		§o¹t Ph¸ch	95	1
595	322	64065	106097		L¹c Quang	95	1
594	322	64398	106350		§ao Tr¶m	95	1
597	322	64297	105998		§o¹t Ph¸ch	95	1
595	322	64943	105648		L¹c Quang	95	1
596	322	64781	105667		Hµn Th­¬ng	95	1
597	322	65137	105573		§o¹t Ph¸ch	95	1
596	322	65271	105840		Hµn Th­¬ng	95	1
594	322	65528	105582		§ao Tr¶m	95	1
597	322	65451	105897		§o¹t Ph¸ch	95	1
596	322	51550	106800		Hµn Th­¬ng	95	1
594	322	51443	106517		§ao Tr¶m	95	1
596	322	51571	107451		Hµn Th­¬ng	95	1
594	322	51786	106507		§ao Tr¶m	95	1
595	322	51712	106781		L¹c Quang	95	1
596	322	52191	107458		Hµn Th­¬ng	95	1
594	322	52084	107174		§ao Tr¶m	95	1
595	322	52129	106986		L¹c Quang	95	1
594	322	52427	107165		§ao Tr¶m	95	1
595	322	52353	107438		L¹c Quang	95	1
596	322	52307	106842		Hµn Th­¬ng	95	1
594	322	53659	107510		§ao Tr¶m	95	1
595	322	53704	107322		L¹c Quang	95	1
596	322	53882	107179		Hµn Th­¬ng	95	1
594	322	54002	107501		§ao Tr¶m	95	1
595	322	55228	107249		Ph¸ch Liªm 	95	1
594	322	55010	106971		§ao Tr¶m	95	1
594	322	55517	107306		§ao Tr¶m	95	1
596	322	55556	106815		Hµn Th­¬ng	95	1
596	322	56951	106609		Hµn Th­¬ng	95	1
597	322	57131	106666		§o¹t Ph¸ch	95	1
597	322	57801	107101		§o¹t Ph¸ch	95	1
595	322	57860	106858		L¹c Quang	95	1
596	322	57935	107369		Hµn Th­¬ng	95	1
594	322	58193	107111		§ao Tr¶m	95	1
597	322	58092	106759		§o¹t Ph¸ch	95	1
597	322	58115	107426		§o¹t Ph¸ch	95	1
596	322	58506	106520		Hµn Th­¬ng	95	1
597	322	58686	106577		§o¹t Ph¸ch	95	1
596	322	58942	106723		Hµn Th­¬ng	95	1
597	322	59122	106780		§o¹t Ph¸ch	95	1
597	322	59665	106659		§o¹t Ph¸ch	95	1
596	322	59799	106927		Hµn Th­¬ng	95	1
594	322	60056	106669		§ao Tr¶m	95	1
597	322	59979	106984		§o¹t Ph¸ch	95	1
597	322	60471	106906		§o¹t Ph¸ch	95	1
595	322	60530	106663		L¹c Quang	95	1
596	322	60605	107174		Hµn Th­¬ng	95	1
594	322	60863	106916		§ao Tr¶m	95	1
597	322	60762	106564		§o¹t Ph¸ch	95	1
597	322	60785	107231		§o¹t Ph¸ch	95	1
595	322	60947	107309		L¹c Quang	95	1
597	322	61179	107210		§o¹t Ph¸ch	95	1
594	322	61845	106946		§ao Tr¶m	95	1
595	322	61890	106758		L¹c Quang	95	1
596	322	61508	106634		Hµn Th­¬ng	95	1
597	322	61688	106691		§o¹t Ph¸ch	95	1
595	322	62114	107210		L¹c Quang	95	1
596	322	61952	107229		Hµn Th­¬ng	95	1
596	322	62068	106614		Hµn Th­¬ng	95	1
594	322	62188	106936		§ao Tr¶m	95	1
596	322	63387	107140		Hµn Th­¬ng	95	1
594	322	63280	106857		§ao Tr¶m	95	1
595	322	63325	106669		L¹c Quang	95	1
596	322	63411	107368		Hµn Th­¬ng	95	1
595	322	63233	107512		L¹c Quang	95	1
595	322	63549	107120		L¹c Quang	95	1
596	322	63503	106525		Hµn Th­¬ng	95	1
594	322	63623	106847		§ao Tr¶m	95	1
596	322	64140	106608		Hµn Th­¬ng	95	1
597	322	64320	106665		§o¹t Ph¸ch	95	1
596	322	64980	107385		Hµn Th­¬ng	95	1
595	322	65403	107192		L¹c Quang	95	1
596	322	65356	106596		Hµn Th­¬ng	95	1
594	322	65476	106919		§ao Tr¶m	95	1
596	322	65240	107211		Hµn Th­¬ng	95	1
594	322	65134	106928		§ao Tr¶m	95	1
595	322	65178	106740		L¹c Quang	95	1
594	322	51692	107773		§ao Tr¶m	95	1
595	322	51618	108046		L¹c Quang	95	1
596	322	51455	108066		Hµn Th­¬ng	95	1
594	322	51349	107782		§ao Tr¶m	95	1
595	322	51393	107595		L¹c Quang	95	1
595	322	52182	108402		L¹c Quang	95	1
596	322	52020	108422		Hµn Th­¬ng	95	1
594	322	51914	108139		§ao Tr¶m	95	1
596	322	52136	107807		Hµn Th­¬ng	95	1
595	322	51958	107951		L¹c Quang	95	1
594	322	52256	108129		§ao Tr¶m	95	1
596	322	52684	108513		Hµn Th­¬ng	95	1
595	322	53128	108516		L¹c Quang	95	1
596	322	53306	108372		Hµn Th­¬ng	95	1
595	322	53928	107774		L¹c Quang	95	1
596	322	53766	107794		Hµn Th­¬ng	95	1
597	322	54513	108049		Phñ Quang	95	1
596	322	55290	107756		Hµn Th­¬ng	95	1
596	322	55174	108371		Hµn Th­¬ng	95	1
594	322	55068	108088		§ao Tr¶m	95	1
595	322	55112	107900		L¹c Quang	95	1
595	322	55336	108351		L¹c Quang	95	1
594	322	55410	108078		§ao Tr¶m	95	1
595	322	56792	108359		L¹c Quang	95	1
596	322	56746	107764		Hµn Th­¬ng	95	1
596	322	56630	108379		Hµn Th­¬ng	95	1
594	322	56523	108095		§ao Tr¶m	95	1
595	322	56568	107908		L¹c Quang	95	1
594	322	56866	108086		§ao Tr¶m	95	1
597	322	58213	108505		§o¹t Ph¸ch	95	1
595	322	58272	108262		L¹c Quang	95	1
594	322	58605	108515		§ao Tr¶m	95	1
597	322	58504	108163		§o¹t Ph¸ch	95	1
597	322	59043	108389		§o¹t Ph¸ch	95	1
595	322	59102	108145		L¹c Quang	95	1
597	322	59333	108046		§o¹t Ph¸ch	95	1
594	322	59434	108398		§ao Tr¶m	95	1
597	322	60888	107552		§o¹t Ph¸ch	95	1
595	322	60430	108414		L¹c Quang	95	1
597	322	60662	108315		§o¹t Ph¸ch	95	1
596	322	61022	107820		Hµn Th­¬ng	95	1
594	322	61280	107562		§ao Tr¶m	95	1
597	322	61202	107877		§o¹t Ph¸ch	95	1
597	322	61569	107982		§o¹t Ph¸ch	95	1
595	322	61628	107739		L¹c Quang	95	1
596	322	61703	108250		Hµn Th­¬ng	95	1
597	322	61859	107640		§o¹t Ph¸ch	95	1
597	322	61883	108307		§o¹t Ph¸ch	95	1
594	322	61960	107992		§ao Tr¶m	95	1
597	322	62551	108109		§o¹t Ph¸ch	95	1
595	322	62610	107865		L¹c Quang	95	1
596	322	62685	108377		Hµn Th­¬ng	95	1
594	322	62942	108119		§ao Tr¶m	95	1
597	322	62841	107766		§o¹t Ph¸ch	95	1
597	322	62865	108433		§o¹t Ph¸ch	95	1
595	322	63458	107964		L¹c Quang	95	1
596	322	63296	107983		Hµn Th­¬ng	95	1
594	322	63189	107700		§ao Tr¶m	95	1
594	322	63532	107690		§ao Tr¶m	95	1
595	322	64312	108148		L¹c Quang	95	1
596	322	64265	107552		Hµn Th­¬ng	95	1
594	322	64385	107875		§ao Tr¶m	95	1
596	322	64149	108167		Hµn Th­¬ng	95	1
594	322	64043	107884		§ao Tr¶m	95	1
595	322	64087	107696		L¹c Quang	95	1
596	322	64476	108500		Hµn Th­¬ng	95	1
596	322	64865	108000		Hµn Th­¬ng	95	1
594	322	64758	107717		§ao Tr¶m	95	1
595	322	64802	107529		L¹c Quang	95	1
595	322	65027	107980		L¹c Quang	95	1
594	322	65101	107707		§ao Tr¶m	95	1
594	322	65335	108420		§ao Tr¶m	95	1
595	322	65380	108232		L¹c Quang	95	1
596	322	65558	108088		Hµn Th­¬ng	95	1
594	322	65678	108411		§ao Tr¶m	95	1
596	322	51544	109428		Hµn Th­¬ng	95	1
594	322	51917	109343		§ao Tr¶m	95	1
596	322	52139	109011		Hµn Th­¬ng	95	1
595	322	51961	109155		L¹c Quang	95	1
594	322	52260	109333		§ao Tr¶m	95	1
595	322	52731	109108		L¹c Quang	95	1
596	322	52569	109128		Hµn Th­¬ng	95	1
594	322	52462	108845		§ao Tr¶m	95	1
595	322	52506	108657		L¹c Quang	95	1
596	322	53190	108987		Hµn Th­¬ng	95	1
594	322	53083	108703		§ao Tr¶m	95	1
594	322	52805	108835		§ao Tr¶m	95	1
596	322	52832	109459		Hµn Th­¬ng	95	1
595	322	53352	108967		L¹c Quang	95	1
594	322	53426	108694		§ao Tr¶m	95	1
596	322	53465	109392		Hµn Th­¬ng	95	1
595	322	53287	109536		L¹c Quang	95	1
594	322	55717	109395		§ao Tr¶m	95	1
595	322	55762	109207		L¹c Quang	95	1
596	322	55940	109063		Hµn Th­¬ng	95	1
594	322	56060	109385		§ao Tr¶m	95	1
596	322	56749	109295		Hµn Th­¬ng	95	1
595	322	56571	109439		L¹c Quang	95	1
596	322	58347	108773		Hµn Th­¬ng	95	1
597	322	58527	108830		§o¹t Ph¸ch	95	1
596	322	59177	108656		Hµn Th­¬ng	95	1
597	322	59356	108713		§o¹t Ph¸ch	95	1
597	322	60372	108658		§o¹t Ph¸ch	95	1
595	322	59972	109426		L¹c Quang	95	1
597	322	60203	109327		§o¹t Ph¸ch	95	1
595	322	60826	109385		L¹c Quang	95	1
596	322	60505	108926		Hµn Th­¬ng	95	1
594	322	60763	108668		§ao Tr¶m	95	1
597	322	60685	108982		§o¹t Ph¸ch	95	1
597	322	61057	109286		§o¹t Ph¸ch	95	1
594	322	61608	109321		§ao Tr¶m	95	1
596	322	61830	108989		Hµn Th­¬ng	95	1
595	322	61652	109133		L¹c Quang	95	1
594	322	61950	109311		§ao Tr¶m	95	1
596	322	62926	109265		Hµn Th­¬ng	95	1
595	322	62748	109409		L¹c Quang	95	1
594	322	63339	109544		§ao Tr¶m	95	1
595	322	63383	109357		L¹c Quang	95	1
596	322	63980	108623		Hµn Th­¬ng	95	1
596	322	63865	109238		Hµn Th­¬ng	95	1
594	322	63758	108955		§ao Tr¶m	95	1
595	322	63802	108767		L¹c Quang	95	1
596	322	63561	109213		Hµn Th­¬ng	95	1
594	322	63681	109535		§ao Tr¶m	95	1
596	322	64360	109115		Hµn Th­¬ng	95	1
594	322	64254	108831		§ao Tr¶m	95	1
595	322	64298	108644		L¹c Quang	95	1
595	322	64027	109219		L¹c Quang	95	1
594	322	64101	108945		§ao Tr¶m	95	1
595	322	64523	109095		L¹c Quang	95	1
594	322	64596	108822		§ao Tr¶m	95	1
596	322	65442	108703		Hµn Th­¬ng	95	1
595	322	65604	108684		L¹c Quang	95	1
594	322	51664	109750		§ao Tr¶m	95	1
595	322	51590	110024		L¹c Quang	95	1
596	322	51428	110043		Hµn Th­¬ng	95	1
594	322	51321	109760		§ao Tr¶m	95	1
595	322	51366	109572		L¹c Quang	95	1
595	322	52186	109606		L¹c Quang	95	1
596	322	52024	109626		Hµn Th­¬ng	95	1
596	322	52716	110074		Hµn Th­¬ng	95	1
594	322	52610	109790		§ao Tr¶m	95	1
595	322	52654	109603		L¹c Quang	95	1
594	322	53243	109724		§ao Tr¶m	95	1
595	322	52878	110054		L¹c Quang	95	1
594	322	52952	109781		§ao Tr¶m	95	1
595	322	53511	109988		L¹c Quang	95	1
594	322	53585	109714		§ao Tr¶m	95	1
596	322	53349	110007		Hµn Th­¬ng	95	1
597	322	54186	110405		§o¹t Ph¸ch	95	1
595	322	54245	110161		L¹c Quang	95	1
594	322	54577	110415		§ao Tr¶m	95	1
597	322	54476	110062		§o¹t Ph¸ch	95	1
597	322	54745	110469		§o¹t Ph¸ch	95	1
595	322	54803	110226		L¹c Quang	95	1
594	322	55136	110479		§ao Tr¶m	95	1
597	322	55035	110127		§o¹t Ph¸ch	95	1
594	322	55763	110309		§ao Tr¶m	95	1
595	322	55807	110122		L¹c Quang	95	1
595	322	56032	110573		L¹c Quang	95	1
596	322	55985	109978		Hµn Th­¬ng	95	1
594	322	56106	110300		§ao Tr¶m	95	1
595	322	55986	109659		L¹c Quang	95	1
596	322	55824	109678		Hµn Th­¬ng	95	1
595	322	56795	109891		L¹c Quang	95	1
596	322	56633	109910		Hµn Th­¬ng	95	1
594	322	56526	109627		§ao Tr¶m	95	1
594	322	56869	109617		§ao Tr¶m	95	1
595	322	59198	110325		L¹c Quang	95	1
596	322	59152	109729		Hµn Th­¬ng	95	1
594	322	59272	110052		§ao Tr¶m	95	1
596	322	59036	110345		Hµn Th­¬ng	95	1
594	322	58930	110061		§ao Tr¶m	95	1
595	322	58974	109873		L¹c Quang	95	1
596	322	59111	110560		Hµn Th­¬ng	95	1
597	322	59913	109669		§o¹t Ph¸ch	95	1
596	322	60047	109937		Hµn Th­¬ng	95	1
594	322	60304	109679		§ao Tr¶m	95	1
597	322	60227	109994		§o¹t Ph¸ch	95	1
596	322	60058	110579		Hµn Th­¬ng	95	1
597	322	60767	109629		§o¹t Ph¸ch	95	1
596	322	60901	109896		Hµn Th­¬ng	95	1
594	322	61158	109638		§ao Tr¶m	95	1
597	322	61081	109953		§o¹t Ph¸ch	95	1
595	322	61877	109585		L¹c Quang	95	1
596	322	61714	109604		Hµn Th­¬ng	95	1
596	322	62797	110277		Hµn Th­¬ng	95	1
595	322	62619	110421		L¹c Quang	95	1
595	322	62972	109860		L¹c Quang	95	1
596	322	62810	109880		Hµn Th­¬ng	95	1
594	322	62703	109596		§ao Tr¶m	95	1
596	322	63445	109828		Hµn Th­¬ng	95	1
594	322	63046	109587		§ao Tr¶m	95	1
595	322	63608	109808		L¹c Quang	95	1
594	322	64468	110567		§ao Tr¶m	95	1
596	322	64216	110386		Hµn Th­¬ng	95	1
595	322	64038	110530		L¹c Quang	95	1
596	322	64690	110235		Hµn Th­¬ng	95	1
595	322	64512	110379		L¹c Quang	95	1
594	322	64811	110558		§ao Tr¶m	95	1
596	322	65514	109932		Hµn Th­¬ng	95	1
596	322	65398	110547		Hµn Th­¬ng	95	1
594	322	65292	110264		§ao Tr¶m	95	1
595	322	65336	110076		L¹c Quang	95	1
595	322	65560	110528		L¹c Quang	95	1
594	322	65634	110254		§ao Tr¶m	95	1
596	322	51117	111409		Hµn Th­¬ng	95	1
594	322	51011	111126		§ao Tr¶m	95	1
595	322	51055	110938		L¹c Quang	95	1
594	322	51353	111116		§ao Tr¶m	95	1
595	322	51279	111389		L¹c Quang	95	1
596	322	51233	110794		Hµn Th­¬ng	95	1
597	322	51922	111312		§o¹t Ph¸ch	95	1
596	322	52055	111580		Hµn Th­¬ng	95	1
595	322	51980	111069		L¹c Quang	95	1
597	322	52212	110970		§o¹t Ph¸ch	95	1
594	322	52313	111322		§ao Tr¶m	95	1
594	322	52713	111303		§ao Tr¶m	95	1
595	322	52981	111566		L¹c Quang	95	1
596	322	52935	110971		Hµn Th­¬ng	95	1
594	322	53055	111293		§ao Tr¶m	95	1
596	322	52819	111586		Hµn Th­¬ng	95	1
595	322	52757	111115		L¹c Quang	95	1
597	322	53760	111519		§o¹t Ph¸ch	95	1
595	322	53819	111275		L¹c Quang	95	1
594	322	54152	111528		§ao Tr¶m	95	1
597	322	54051	111176		§o¹t Ph¸ch	95	1
596	322	54320	110672		Hµn Th­¬ng	95	1
597	322	54500	110729		§o¹t Ph¸ch	95	1
595	322	54908	111528		L¹c Quang	95	1
597	322	55140	111429		§o¹t Ph¸ch	95	1
596	322	54878	110737		Hµn Th­¬ng	95	1
597	322	55058	110794		§o¹t Ph¸ch	95	1
596	322	55568	111157		Hµn Th­¬ng	95	1
594	322	55688	111480		§ao Tr¶m	95	1
594	322	55346	111489		§ao Tr¶m	95	1
595	322	55390	111301		L¹c Quang	95	1
596	322	55870	110593		Hµn Th­¬ng	95	1
594	322	56313	111222		§ao Tr¶m	95	1
595	322	56581	111485		L¹c Quang	95	1
596	322	56535	110890		Hµn Th­¬ng	95	1
594	322	56655	111212		§ao Tr¶m	95	1
596	322	56419	111505		Hµn Th­¬ng	95	1
595	322	56357	111034		L¹c Quang	95	1
595	322	57126	111193		L¹c Quang	95	1
596	322	57079	110597		Hµn Th­¬ng	95	1
594	322	57199	110920		§ao Tr¶m	95	1
596	322	56963	111213		Hµn Th­¬ng	95	1
594	322	56857	110929		§ao Tr¶m	95	1
595	322	56901	110741		L¹c Quang	95	1
596	322	57057	111490		Hµn Th­¬ng	95	1
595	322	57710	111470		L¹c Quang	95	1
596	322	57888	111326		Hµn Th­¬ng	95	1
594	322	58707	111614		§ao Tr¶m	95	1
595	322	58751	111427		L¹c Quang	95	1
596	322	58929	111283		Hµn Th­¬ng	95	1
594	322	59049	111605		§ao Tr¶m	95	1
595	322	59158	111156		L¹c Quang	95	1
594	322	59232	110882		§ao Tr¶m	95	1
596	322	58996	111175		Hµn Th­¬ng	95	1
594	322	58889	110892		§ao Tr¶m	95	1
595	322	58933	110704		L¹c Quang	95	1
594	322	59835	110910		§ao Tr¶m	95	1
595	322	59880	110723		L¹c Quang	95	1
595	322	60104	111174		L¹c Quang	95	1
594	322	60178	110901		§ao Tr¶m	95	1
596	322	59942	111194		Hµn Th­¬ng	95	1
597	322	61173	111557		§o¹t Ph¸ch	95	1
595	322	61232	111314		L¹c Quang	95	1
596	322	61879	111261		Hµn Th­¬ng	95	1
594	322	61773	110978		§ao Tr¶m	95	1
595	322	61817	110790		L¹c Quang	95	1
594	322	61564	111567		§ao Tr¶m	95	1
597	322	61463	111215		§o¹t Ph¸ch	95	1
595	322	62041	111241		L¹c Quang	95	1
596	322	61995	110646		Hµn Th­¬ng	95	1
594	322	62115	110968		§ao Tr¶m	95	1
595	322	62843	110872		L¹c Quang	95	1
596	322	62681	110892		Hµn Th­¬ng	95	1
594	322	62574	110609		§ao Tr¶m	95	1
594	322	62917	110599		§ao Tr¶m	95	1
594	322	63346	110982		§ao Tr¶m	95	1
595	322	63391	110795		L¹c Quang	95	1
596	322	63453	111266		Hµn Th­¬ng	95	1
596	322	63569	110651		Hµn Th­¬ng	95	1
594	322	63689	110973		§ao Tr¶m	95	1
595	322	63615	111246		L¹c Quang	95	1
594	322	63993	110718		§ao Tr¶m	95	1
594	322	64336	110708		§ao Tr¶m	95	1
595	322	64262	110982		L¹c Quang	95	1
596	322	64100	111001		Hµn Th­¬ng	95	1
595	322	64737	110831		L¹c Quang	95	1
596	322	64575	110851		Hµn Th­¬ng	95	1
594	322	50872	112639		§ao Tr¶m	95	1
596	322	51095	112307		Hµn Th­¬ng	95	1
595	322	50917	112451		L¹c Quang	95	1
594	322	51215	112630		§ao Tr¶m	95	1
594	322	52201	112352		§ao Tr¶m	95	1
597	322	51810	112342		§o¹t Ph¸ch	95	1
596	322	51944	112610		Hµn Th­¬ng	95	1
595	322	51869	112098		L¹c Quang	95	1
597	322	52100	111999		§o¹t Ph¸ch	95	1
597	322	52235	111637		§o¹t Ph¸ch	95	1
594	322	52732	112366		§ao Tr¶m	95	1
595	322	53001	112629		L¹c Quang	95	1
596	322	52955	112034		Hµn Th­¬ng	95	1
594	322	53075	112356		§ao Tr¶m	95	1
595	322	52777	112178		L¹c Quang	95	1
596	322	53894	111786		Hµn Th­¬ng	95	1
597	322	54074	111843		§o¹t Ph¸ch	95	1
597	322	54849	111771		§o¹t Ph¸ch	95	1
594	322	55240	111781		§ao Tr¶m	95	1
596	322	54983	112039		Hµn Th­¬ng	95	1
597	322	55163	112096		§o¹t Ph¸ch	95	1
595	322	55615	111753		L¹c Quang	95	1
596	322	55452	111773		Hµn Th­¬ng	95	1
595	322	57104	112085		L¹c Quang	95	1
594	322	57178	111812		§ao Tr¶m	95	1
596	322	56942	112105		Hµn Th­¬ng	95	1
594	322	56835	111822		§ao Tr¶m	95	1
595	322	56879	111634		L¹c Quang	95	1
596	322	57772	111941		Hµn Th­¬ng	95	1
594	322	57665	111658		§ao Tr¶m	95	1
595	322	57934	111922		L¹c Quang	95	1
594	322	58008	111648		§ao Tr¶m	95	1
596	322	58813	111898		Hµn Th­¬ng	95	1
595	322	58975	111878		L¹c Quang	95	1
597	322	59748	112577		§o¹t Ph¸ch	95	1
595	322	59807	112334		L¹c Quang	95	1
594	322	60139	112587		§ao Tr¶m	95	1
597	322	60038	112235		§o¹t Ph¸ch	95	1
596	322	60735	112439		Hµn Th­¬ng	95	1
595	322	60557	112583		L¹c Quang	95	1
596	322	61307	111825		Hµn Th­¬ng	95	1
597	322	61486	111882		§o¹t Ph¸ch	95	1
594	322	61982	112440		§ao Tr¶m	95	1
596	322	62204	112108		Hµn Th­¬ng	95	1
595	322	62026	112252		L¹c Quang	95	1
594	322	62325	112430		§ao Tr¶m	95	1
597	322	62527	112002		§o¹t Ph¸ch	95	1
595	322	62586	111759		L¹c Quang	95	1
596	322	62661	112270		Hµn Th­¬ng	95	1
594	322	62918	112012		§ao Tr¶m	95	1
597	322	62818	111660		§o¹t Ph¸ch	95	1
597	322	62841	112327		§o¹t Ph¸ch	95	1
596	322	64528	112599		Hµn Th­¬ng	95	1
594	322	64844	112220		§ao Tr¶m	95	1
595	322	64889	112032		L¹c Quang	95	1
596	322	64951	112503		Hµn Th­¬ng	95	1
596	322	65067	111888		Hµn Th­¬ng	95	1
594	322	65187	112211		§ao Tr¶m	95	1
595	322	65113	112484		L¹c Quang	95	1
595	322	51141	112903		L¹c Quang	95	1
596	322	50979	112923		Hµn Th­¬ng	95	1
597	322	52124	112667		§o¹t Ph¸ch	95	1
596	322	52839	112649		Hµn Th­¬ng	95	1
595	322	55001	113469		L¹c Quang	95	1
597	322	55233	113370		§o¹t Ph¸ch	95	1
596	322	58740	113153		Hµn Th­¬ng	95	1
594	322	58860	113476		§ao Tr¶m	95	1
594	322	58518	113485		§ao Tr¶m	95	1
595	322	58562	113297		L¹c Quang	95	1
596	322	59882	112845		Hµn Th­¬ng	95	1
597	322	59671	113636		§o¹t Ph¸ch	95	1
595	322	59730	113393		L¹c Quang	95	1
597	322	60062	112902		§o¹t Ph¸ch	95	1
594	322	60063	113646		§ao Tr¶m	95	1
597	322	59962	113294		§o¹t Ph¸ch	95	1
595	322	60781	113035		L¹c Quang	95	1
594	322	60855	112761		§ao Tr¶m	95	1
596	322	60619	113054		Hµn Th­¬ng	95	1
594	322	60513	112771		§ao Tr¶m	95	1
596	322	61212	113514		Hµn Th­¬ng	95	1
595	322	61034	113658		L¹c Quang	95	1
594	322	62177	113460		§ao Tr¶m	95	1
596	322	62399	113128		Hµn Th­¬ng	95	1
595	322	62221	113272		L¹c Quang	95	1
595	322	62251	112703		L¹c Quang	95	1
596	322	62088	112723		Hµn Th­¬ng	95	1
594	322	62519	113450		§ao Tr¶m	95	1
594	322	64305	112931		§ao Tr¶m	95	1
595	322	64350	112743		L¹c Quang	95	1
596	322	64412	113214		Hµn Th­¬ng	95	1
595	322	64930	113496		L¹c Quang	95	1
594	322	64648	112921		§ao Tr¶m	95	1
595	322	64574	113194		L¹c Quang	95	1
594	322	65283	113275		§ao Tr¶m	95	1
596	322	65505	112944		Hµn Th­¬ng	95	1
595	322	65327	113088		L¹c Quang	95	1
596	322	65389	113559		Hµn Th­¬ng	95	1
596	322	65108	113352		Hµn Th­¬ng	95	1
594	322	65626	113266		§ao Tr¶m	95	1
595	322	65552	113539		L¹c Quang	95	1
597	322	51652	114151		§o¹t Ph¸ch	95	1
595	322	51711	113908		L¹c Quang	95	1
594	322	52043	114161		§ao Tr¶m	95	1
596	322	51786	114419		Hµn Th­¬ng	95	1
597	322	51942	113809		§o¹t Ph¸ch	95	1
597	322	51966	114476		§o¹t Ph¸ch	95	1
596	322	52588	114474		Hµn Th­¬ng	95	1
595	322	52410	114618		L¹c Quang	95	1
597	322	54942	113712		§o¹t Ph¸ch	95	1
596	322	55076	113980		Hµn Th­¬ng	95	1
597	322	55256	114037		§o¹t Ph¸ch	95	1
594	322	55333	113722		§ao Tr¶m	95	1
596	322	56695	114165		Hµn Th­¬ng	95	1
594	322	56815	114487		§ao Tr¶m	95	1
594	322	56473	114497		§ao Tr¶m	95	1
595	322	56517	114309		L¹c Quang	95	1
595	322	58787	113749		L¹c Quang	95	1
596	322	58624	113769		Hµn Th­¬ng	95	1
596	322	59805	113904		Hµn Th­¬ng	95	1
595	322	59471	114572		L¹c Quang	95	1
597	322	59703	114473		§o¹t Ph¸ch	95	1
597	322	59985	113961		§o¹t Ph¸ch	95	1
595	322	61259	114109		L¹c Quang	95	1
594	322	61333	113836		§ao Tr¶m	95	1
596	322	61096	114129		Hµn Th­¬ng	95	1
594	322	60990	113846		§ao Tr¶m	95	1
595	322	62446	113724		L¹c Quang	95	1
596	322	62283	113743		Hµn Th­¬ng	95	1
594	322	64307	114285		§ao Tr¶m	95	1
595	322	64351	114097		L¹c Quang	95	1
596	322	64413	114568		Hµn Th­¬ng	95	1
594	322	64886	113684		§ao Tr¶m	95	1
596	322	64992	113967		Hµn Th­¬ng	95	1
596	322	64529	113953		Hµn Th­¬ng	95	1
594	322	64649	114276		§ao Tr¶m	95	1
595	322	64575	114549		L¹c Quang	95	1
594	322	65228	113674		§ao Tr¶m	95	1
595	322	65154	113947		L¹c Quang	95	1
595	322	51783	115563		L¹c Quang	95	1
597	322	52014	115464		§o¹t Ph¸ch	95	1
595	322	52635	115069		L¹c Quang	95	1
594	322	52709	114796		§ao Tr¶m	95	1
596	322	52473	115089		Hµn Th­¬ng	95	1
594	322	52366	114806		§ao Tr¶m	95	1
595	322	54547	115292		L¹c Quang	95	1
596	322	54500	114696		Hµn Th­¬ng	95	1
594	322	54620	115019		§ao Tr¶m	95	1
596	322	54384	115312		Hµn Th­¬ng	95	1
594	322	54278	115028		§ao Tr¶m	95	1
595	322	54322	114840		L¹c Quang	95	1
595	322	56742	114761		L¹c Quang	95	1
596	322	56579	114780		Hµn Th­¬ng	95	1
596	322	57640	115697		Hµn Th­¬ng	95	1
597	322	59413	114816		§o¹t Ph¸ch	95	1
596	322	59546	115084		Hµn Th­¬ng	95	1
594	322	59804	114826		§ao Tr¶m	95	1
597	322	59726	115140		§o¹t Ph¸ch	95	1
596	322	61210	115279		Hµn Th­¬ng	95	1
594	322	61330	115602		§ao Tr¶m	95	1
594	322	60988	115611		§ao Tr¶m	95	1
595	322	61032	115423		L¹c Quang	95	1
596	322	61829	115677		Hµn Th­¬ng	95	1
594	322	61722	115393		§ao Tr¶m	95	1
596	322	61945	115062		Hµn Th­¬ng	95	1
595	322	61767	115206		L¹c Quang	95	1
595	322	61991	115657		L¹c Quang	95	1
594	322	62065	115384		§ao Tr¶m	95	1
596	322	62419	114895		Hµn Th­¬ng	95	1
596	322	62303	115510		Hµn Th­¬ng	95	1
594	322	62196	115227		§ao Tr¶m	95	1
595	322	62241	115039		L¹c Quang	95	1
595	322	62465	115491		L¹c Quang	95	1
594	322	62539	115218		§ao Tr¶m	95	1
596	322	63270	115511		Hµn Th­¬ng	95	1
595	322	63092	115655		L¹c Quang	95	1
596	322	64507	115517		Hµn Th­¬ng	95	1
595	322	64329	115661		L¹c Quang	95	1
596	322	65152	115634		Hµn Th­¬ng	95	1
594	322	51956	116666		§ao Tr¶m	95	1
596	322	52178	116334		Hµn Th­¬ng	95	1
595	322	52000	116478		L¹c Quang	95	1
594	322	52115	115816		§ao Tr¶m	95	1
597	322	51724	115806		§o¹t Ph¸ch	95	1
596	322	51858	116074		Hµn Th­¬ng	95	1
597	322	52038	116131		§o¹t Ph¸ch	95	1
594	322	52298	116656		§ao Tr¶m	95	1
597	322	52955	116630		§o¹t Ph¸ch	95	1
595	322	53014	116387		L¹c Quang	95	1
597	322	53245	116288		§o¹t Ph¸ch	95	1
594	322	53346	116640		§ao Tr¶m	95	1
596	322	54627	116376		Hµn Th­¬ng	95	1
594	322	54748	116699		§ao Tr¶m	95	1
594	322	54405	116708		§ao Tr¶m	95	1
595	322	54449	116520		L¹c Quang	95	1
597	322	55008	116109		§o¹t Ph¸ch	95	1
595	322	55067	115866		L¹c Quang	95	1
596	322	55142	116377		Hµn Th­¬ng	95	1
594	322	55399	116119		§ao Tr¶m	95	1
597	322	55298	115767		§o¹t Ph¸ch	95	1
597	322	55322	116434		§o¹t Ph¸ch	95	1
596	322	56570	116538		Hµn Th­¬ng	95	1
595	322	56392	116682		L¹c Quang	95	1
595	322	57686	116293		L¹c Quang	95	1
594	322	57760	116019		§ao Tr¶m	95	1
596	322	57524	116312		Hµn Th­¬ng	95	1
594	322	57418	116029		§ao Tr¶m	95	1
595	322	57462	115841		L¹c Quang	95	1
596	322	57788	116554		Hµn Th­¬ng	95	1
595	322	57610	116698		L¹c Quang	95	1
597	322	58812	116086		§o¹t Ph¸ch	95	1
595	322	58871	115843		L¹c Quang	95	1
596	322	58946	116354		Hµn Th­¬ng	95	1
594	322	59203	116096		§ao Tr¶m	95	1
597	322	59102	115744		§o¹t Ph¸ch	95	1
597	322	59126	116411		§o¹t Ph¸ch	95	1
594	322	60375	116661		§ao Tr¶m	95	1
596	322	60597	116329		Hµn Th­¬ng	95	1
595	322	60419	116473		L¹c Quang	95	1
594	322	60717	116651		§ao Tr¶m	95	1
597	322	61114	116665		§o¹t Ph¸ch	95	1
595	322	61173	116421		L¹c Quang	95	1
597	322	61404	116322		§o¹t Ph¸ch	95	1
595	322	61257	115875		L¹c Quang	95	1
596	322	61094	115894		Hµn Th­¬ng	95	1
595	322	61912	116708		L¹c Quang	95	1
596	322	61750	116728		Hµn Th­¬ng	95	1
594	322	61643	116444		§ao Tr¶m	95	1
596	322	61866	116113		Hµn Th­¬ng	95	1
595	322	61688	116257		L¹c Quang	95	1
594	322	61505	116675		§ao Tr¶m	95	1
594	322	61986	116435		§ao Tr¶m	95	1
595	322	62764	116734		L¹c Quang	95	1
594	322	62838	116461		§ao Tr¶m	95	1
594	322	62495	116470		§ao Tr¶m	95	1
596	322	62717	116138		Hµn Th­¬ng	95	1
595	322	62539	116282		L¹c Quang	95	1
595	322	63316	116107		L¹c Quang	95	1
594	322	63390	115833		§ao Tr¶m	95	1
596	322	63154	116126		Hµn Th­¬ng	95	1
594	322	63047	115843		§ao Tr¶m	95	1
594	322	64284	115849		§ao Tr¶m	95	1
596	322	64391	116132		Hµn Th­¬ng	95	1
594	322	64930	115966		§ao Tr¶m	95	1
595	322	64974	115778		L¹c Quang	95	1
594	322	64627	115839		§ao Tr¶m	95	1
595	322	64553	116112		L¹c Quang	95	1
594	322	65272	115957		§ao Tr¶m	95	1
595	322	65199	116230		L¹c Quang	95	1
596	322	65036	116249		Hµn Th­¬ng	95	1
596	322	52062	116949		Hµn Th­¬ng	95	1
595	322	52224	116930		L¹c Quang	95	1
596	322	52302	117701		Hµn Th­¬ng	95	1
597	322	53068	117444		§o¹t Ph¸ch	95	1
595	322	53127	117201		L¹c Quang	95	1
596	322	53202	117712		Hµn Th­¬ng	95	1
596	322	53089	116898		Hµn Th­¬ng	95	1
594	322	53459	117454		§ao Tr¶m	95	1
597	322	53358	117102		§o¹t Ph¸ch	95	1
597	322	53269	116955		§o¹t Ph¸ch	95	1
595	322	53793	117600		L¹c Quang	95	1
597	322	54024	117501		§o¹t Ph¸ch	95	1
595	322	54674	116972		L¹c Quang	95	1
596	322	54511	116991		Hµn Th­¬ng	95	1
597	322	55274	117133		Phñ Quang	95	1
596	322	54974	117727		Hµn Th­¬ng	95	1
597	322	54995	117325		Phñ Quang	95	1
595	322	56616	117133		L¹c Quang	95	1
594	322	56690	116860		§ao Tr¶m	95	1
596	322	56454	117153		Hµn Th­¬ng	95	1
594	322	56348	116870		§ao Tr¶m	95	1
594	322	57339	117674		§ao Tr¶m	95	1
595	322	57835	117150		L¹c Quang	95	1
596	322	57673	117169		Hµn Th­¬ng	95	1
594	322	57566	116886		§ao Tr¶m	95	1
596	322	57561	117342		Hµn Th­¬ng	95	1
594	322	57681	117664		§ao Tr¶m	95	1
595	322	57383	117486		L¹c Quang	95	1
594	322	57909	116876		§ao Tr¶m	95	1
595	322	59001	117731		L¹c Quang	95	1
597	322	59233	117632		§o¹t Ph¸ch	95	1
594	322	60285	117672		§ao Tr¶m	95	1
595	322	60329	117485		L¹c Quang	95	1
596	322	60507	117341		Hµn Th­¬ng	95	1
594	322	60627	117663		§ao Tr¶m	95	1
595	322	60644	116925		L¹c Quang	95	1
596	322	60481	116944		Hµn Th­¬ng	95	1
596	322	61247	116932		Hµn Th­¬ng	95	1
597	322	61427	116989		§o¹t Ph¸ch	95	1
597	322	61875	117695		§o¹t Ph¸ch	95	1
596	322	62490	117738		Hµn Th­¬ng	95	1
596	322	62601	116754		Hµn Th­¬ng	95	1
594	322	62882	117410		§ao Tr¶m	95	1
595	322	62927	117222		L¹c Quang	95	1
595	322	63151	117674		L¹c Quang	95	1
596	322	63105	117078		Hµn Th­¬ng	95	1
594	322	63225	117400		§ao Tr¶m	95	1
596	322	62989	117693		Hµn Th­¬ng	95	1
595	322	63850	117651		L¹c Quang	95	1
596	322	63688	117671		Hµn Th­¬ng	95	1
594	322	63582	117387		§ao Tr¶m	95	1
596	322	63804	117055		Hµn Th­¬ng	95	1
595	322	63626	117199		L¹c Quang	95	1
594	322	63924	117378		§ao Tr¶m	95	1
594	322	64147	117255		§ao Tr¶m	95	1
596	322	64369	116923		Hµn Th­¬ng	95	1
595	322	64191	117067		L¹c Quang	95	1
594	322	64490	117245		§ao Tr¶m	95	1
595	322	64416	117519		L¹c Quang	95	1
596	322	64253	117538		Hµn Th­¬ng	95	1
594	322	65387	117197		§ao Tr¶m	95	1
595	322	65431	117010		L¹c Quang	95	1
596	322	65494	117481		Hµn Th­¬ng	95	1
596	322	65609	116866		Hµn Th­¬ng	95	1
594	322	65730	117188		§ao Tr¶m	95	1
595	322	65656	117461		L¹c Quang	95	1
596	322	52186	118316		Hµn Th­¬ng	95	1
594	322	52079	118033		§ao Tr¶m	95	1
595	322	52124	117845		L¹c Quang	95	1
594	322	52422	118023		§ao Tr¶m	95	1
595	322	52348	118297		L¹c Quang	95	1
595	322	52243	118711		L¹c Quang	95	1
597	322	52474	118612		§o¹t Ph¸ch	95	1
595	322	53280	118568		L¹c Quang	95	1
597	322	53511	118469		§o¹t Ph¸ch	95	1
597	322	53382	117769		§o¹t Ph¸ch	95	1
597	322	53734	117844		§o¹t Ph¸ch	95	1
594	322	54125	117854		§ao Tr¶m	95	1
596	322	53868	118111		Hµn Th­¬ng	95	1
597	322	54047	118168		§o¹t Ph¸ch	95	1
597	322	54594	118333		§o¹t Ph¸ch	95	1
595	322	54653	118089		L¹c Quang	95	1
596	322	54728	118600		Hµn Th­¬ng	95	1
594	322	54985	118342		§ao Tr¶m	95	1
597	322	54884	117990		§o¹t Ph¸ch	95	1
597	322	54908	118657		§o¹t Ph¸ch	95	1
595	322	57174	118397		L¹c Quang	95	1
596	322	57127	117802		Hµn Th­¬ng	95	1
594	322	57248	118124		§ao Tr¶m	95	1
596	322	57011	118417		Hµn Th­¬ng	95	1
594	322	56905	118134		§ao Tr¶m	95	1
595	322	56949	117946		L¹c Quang	95	1
595	322	57608	117938		L¹c Quang	95	1
596	322	57445	117957		Hµn Th­¬ng	95	1
595	322	58188	118737		L¹c Quang	95	1
597	322	58419	118638		§o¹t Ph¸ch	95	1
597	322	58942	117974		§o¹t Ph¸ch	95	1
596	322	59076	118242		Hµn Th­¬ng	95	1
594	322	59334	117984		§ao Tr¶m	95	1
597	322	59256	118299		§o¹t Ph¸ch	95	1
595	322	59426	118629		L¹c Quang	95	1
597	322	59657	118530		§o¹t Ph¸ch	95	1
594	322	60390	118629		§ao Tr¶m	95	1
596	322	60391	117956		Hµn Th­¬ng	95	1
596	322	60612	118297		Hµn Th­¬ng	95	1
595	322	60434	118441		L¹c Quang	95	1
594	322	60733	118620		§ao Tr¶m	95	1
595	322	60553	117936		L¹c Quang	95	1
597	322	61584	118037		§o¹t Ph¸ch	95	1
595	322	61643	117794		L¹c Quang	95	1
596	322	61718	118305		Hµn Th­¬ng	95	1
597	322	61898	118362		§o¹t Ph¸ch	95	1
596	322	62374	118353		Hµn Th­¬ng	95	1
594	322	62268	118070		§ao Tr¶m	95	1
595	322	62312	117882		L¹c Quang	95	1
594	322	61976	118047		§ao Tr¶m	95	1
595	322	62537	118333		L¹c Quang	95	1
594	322	62611	118060		§ao Tr¶m	95	1
594	322	64926	118377		§ao Tr¶m	95	1
595	322	64970	118189		L¹c Quang	95	1
596	322	65148	118045		Hµn Th­¬ng	95	1
594	322	65268	118368		§ao Tr¶m	95	1
595	322	65195	118641		L¹c Quang	95	1
596	322	65032	118661		Hµn Th­¬ng	95	1
597	322	52184	118954		§o¹t Ph¸ch	95	1
594	322	52575	118964		§ao Tr¶m	95	1
596	322	52318	119222		Hµn Th­¬ng	95	1
597	322	52498	119279		§o¹t Ph¸ch	95	1
597	322	53117	119798		§o¹t Ph¸ch	95	1
595	322	53176	119554		L¹c Quang	95	1
597	322	53221	118812		§o¹t Ph¸ch	95	1
597	322	53407	119455		§o¹t Ph¸ch	95	1
594	322	53612	118822		§ao Tr¶m	95	1
596	322	53354	119080		Hµn Th­¬ng	95	1
597	322	53534	119137		§o¹t Ph¸ch	95	1
597	322	55271	118864		Phñ Quang	95	1
596	322	55232	119228		Hµn Th­¬ng	95	1
597	322	55021	119451		Phñ Quang	95	1
595	322	56259	119649		L¹c Quang	95	1
596	322	56213	119054		Hµn Th­¬ng	95	1
596	322	56097	119669		Hµn Th­¬ng	95	1
594	322	55990	119385		§ao Tr¶m	95	1
595	322	56035	119198		L¹c Quang	95	1
594	322	56333	119376		§ao Tr¶m	95	1
597	322	58129	118981		§o¹t Ph¸ch	95	1
596	322	58263	119249		Hµn Th­¬ng	95	1
594	322	58520	118991		§ao Tr¶m	95	1
597	322	58443	119305		§o¹t Ph¸ch	95	1
597	322	59367	118872		§o¹t Ph¸ch	95	1
596	322	59501	119140		Hµn Th­¬ng	95	1
594	322	59758	118882		§ao Tr¶m	95	1
597	322	59681	119197		§o¹t Ph¸ch	95	1
596	322	60352	119764		Hµn Th­¬ng	95	1
595	322	60659	118893		L¹c Quang	95	1
596	322	60497	118913		Hµn Th­¬ng	95	1
597	322	61257	119489		§o¹t Ph¸ch	95	1
595	322	61316	119246		L¹c Quang	95	1
596	322	61391	119757		Hµn Th­¬ng	95	1
594	322	61648	119499		§ao Tr¶m	95	1
597	322	61547	119147		§o¹t Ph¸ch	95	1
594	322	62307	119738		§ao Tr¶m	95	1
595	322	62352	119550		L¹c Quang	95	1
596	322	62530	119406		Hµn Th­¬ng	95	1
594	322	62650	119728		§ao Tr¶m	95	1
594	322	64667	119662		§ao Tr¶m	95	1
596	322	64889	119330		Hµn Th­¬ng	95	1
595	322	64711	119474		L¹c Quang	95	1
594	322	65009	119653		§ao Tr¶m	95	1
597	322	51970	120541		§o¹t Ph¸ch	95	1
595	322	52029	120298		L¹c Quang	95	1
596	322	52104	120809		Hµn Th­¬ng	95	1
594	322	52735	120308		§ao Tr¶m	95	1
594	322	52362	120551		§ao Tr¶m	95	1
597	322	52261	120199		§o¹t Ph¸ch	95	1
594	322	53078	120298		§ao Tr¶m	95	1
595	322	53004	120572		L¹c Quang	95	1
596	322	52842	120591		Hµn Th­¬ng	95	1
596	322	52958	119976		Hµn Th­¬ng	95	1
595	322	52780	120120		L¹c Quang	95	1
594	322	53508	119808		§ao Tr¶m	95	1
596	322	53251	120065		Hµn Th­¬ng	95	1
597	322	53431	120122		§o¹t Ph¸ch	95	1
595	322	53798	120798		L¹c Quang	95	1
597	322	54029	120699		§o¹t Ph¸ch	95	1
597	322	56743	120600		Phñ Quang	95	1
596	322	56577	120202		Hµn Th­¬ng	95	1
597	322	57579	120517		§o¹t Ph¸ch	95	1
595	322	57638	120274		L¹c Quang	95	1
596	322	57713	120785		Hµn Th­¬ng	95	1
597	322	58023	120382		§o¹t Ph¸ch	95	1
595	322	58082	120139		L¹c Quang	95	1
596	322	58157	120650		Hµn Th­¬ng	95	1
597	322	58313	120040		§o¹t Ph¸ch	95	1
597	322	58337	120707		§o¹t Ph¸ch	95	1
594	322	57971	120527		§ao Tr¶m	95	1
597	322	57870	120175		§o¹t Ph¸ch	95	1
594	322	58414	120392		§ao Tr¶m	95	1
595	322	59311	120672		L¹c Quang	95	1
597	322	59543	120573		§o¹t Ph¸ch	95	1
595	322	60399	120360		L¹c Quang	95	1
596	322	60236	120380		Hµn Th­¬ng	95	1
594	322	60130	120096		§ao Tr¶m	95	1
595	322	60174	119908		L¹c Quang	95	1
594	322	60472	120087		§ao Tr¶m	95	1
597	322	61478	120752		§o¹t Ph¸ch	95	1
595	322	61537	120509		L¹c Quang	95	1
594	322	61869	120762		§ao Tr¶m	95	1
597	322	61768	120410		§o¹t Ph¸ch	95	1
597	322	61571	119814		§o¹t Ph¸ch	95	1
596	322	62414	120021		Hµn Th­¬ng	95	1
595	322	62576	120001		L¹c Quang	95	1
597	322	63515	120335		§o¹t Ph¸ch	95	1
595	322	63574	120092		L¹c Quang	95	1
594	322	63906	120345		§ao Tr¶m	95	1
597	322	63805	119993		§o¹t Ph¸ch	95	1
596	322	63649	120603		Hµn Th­¬ng	95	1
597	322	63829	120660		§o¹t Ph¸ch	95	1
596	322	64203	120724		Hµn Th­¬ng	95	1
595	322	64936	119926		L¹c Quang	95	1
596	322	64773	119946		Hµn Th­¬ng	95	1
596	322	65581	120813		Hµn Th­¬ng	95	1
595	322	52117	121767		L¹c Quang	95	1
596	322	52295	121623		Hµn Th­¬ng	95	1
597	322	52284	120866		§o¹t Ph¸ch	95	1
597	322	53739	121041		§o¹t Ph¸ch	95	1
594	322	54130	121051		§ao Tr¶m	95	1
596	322	53873	121309		Hµn Th­¬ng	95	1
597	322	54053	121366		§o¹t Ph¸ch	95	1
597	322	54529	121625		§o¹t Ph¸ch	95	1
595	322	54588	121382		L¹c Quang	95	1
597	322	55042	121558		§o¹t Ph¸ch	95	1
595	322	55101	121314		L¹c Quang	95	1
596	322	55176	121825		Hµn Th­¬ng	95	1
594	322	54920	121635		§ao Tr¶m	95	1
597	322	54819	121283		§o¹t Ph¸ch	95	1
594	322	55433	121568		§ao Tr¶m	95	1
597	322	55332	121215		§o¹t Ph¸ch	95	1
597	322	56077	121662		§o¹t Ph¸ch	95	1
595	322	56136	121419		L¹c Quang	95	1
594	322	56468	121672		§ao Tr¶m	95	1
597	322	56367	121320		§o¹t Ph¸ch	95	1
597	322	57893	120842		§o¹t Ph¸ch	95	1
597	322	59252	120916		§o¹t Ph¸ch	95	1
596	322	59386	121183		Hµn Th­¬ng	95	1
594	322	59797	121453		§ao Tr¶m	95	1
595	322	59842	121266		L¹c Quang	95	1
594	322	59644	120926		§ao Tr¶m	95	1
597	322	59566	121240		§o¹t Ph¸ch	95	1
595	322	60066	121717		L¹c Quang	95	1
596	322	59904	121737		Hµn Th­¬ng	95	1
596	322	60020	121122		Hµn Th­¬ng	95	1
594	322	60140	121444		§ao Tr¶m	95	1
596	322	61612	121020		Hµn Th­¬ng	95	1
597	322	61792	121077		§o¹t Ph¸ch	95	1
594	322	63981	121056		§ao Tr¶m	95	1
594	322	64412	121785		§ao Tr¶m	95	1
595	322	64456	121597		L¹c Quang	95	1
595	322	64025	120868		L¹c Quang	95	1
594	322	64323	121046		§ao Tr¶m	95	1
595	322	64250	121320		L¹c Quang	95	1
596	322	64087	121339		Hµn Th­¬ng	95	1
596	322	64634	121453		Hµn Th­¬ng	95	1
594	322	64754	121775		§ao Tr¶m	95	1
594	322	65359	121144		§ao Tr¶m	95	1
595	322	65403	120957		L¹c Quang	95	1
596	322	65465	121428		Hµn Th­¬ng	95	1
594	322	65702	121135		§ao Tr¶m	95	1
595	322	65628	121408		L¹c Quang	95	1
597	322	51677	122611		§o¹t Ph¸ch	95	1
596	322	52179	122238		Hµn Th­¬ng	95	1
594	322	52072	121954		§ao Tr¶m	95	1
595	322	51736	122367		L¹c Quang	95	1
596	322	51811	122878		Hµn Th­¬ng	95	1
594	322	52068	122621		§ao Tr¶m	95	1
597	322	51967	122268		§o¹t Ph¸ch	95	1
594	322	52415	121945		§ao Tr¶m	95	1
595	322	52341	122218		L¹c Quang	95	1
597	322	52622	122612		§o¹t Ph¸ch	95	1
595	322	52681	122369		L¹c Quang	95	1
597	322	53222	122617		§o¹t Ph¸ch	95	1
594	322	53013	122622		§ao Tr¶m	95	1
597	322	52912	122270		§o¹t Ph¸ch	95	1
595	322	53281	122373		L¹c Quang	95	1
594	322	53613	122627		§ao Tr¶m	95	1
597	322	53512	122274		§o¹t Ph¸ch	95	1
596	322	54663	121893		Hµn Th­¬ng	95	1
595	322	54288	122639		L¹c Quang	95	1
597	322	54520	122540		§o¹t Ph¸ch	95	1
597	322	54842	121950		§o¹t Ph¸ch	95	1
597	322	55356	121882		§o¹t Ph¸ch	95	1
596	322	56211	121930		Hµn Th­¬ng	95	1
597	322	56391	121987		§o¹t Ph¸ch	95	1
597	322	57247	122693		Phñ Quang	95	1
596	322	57081	122295		Hµn Th­¬ng	95	1
597	322	57102	121893		Phñ Quang	95	1
596	322	58253	122793		Hµn Th­¬ng	95	1
594	322	58147	122510		§ao Tr¶m	95	1
595	322	58191	122322		L¹c Quang	95	1
595	322	58415	122773		L¹c Quang	95	1
596	322	58369	122178		Hµn Th­¬ng	95	1
594	322	58489	122500		§ao Tr¶m	95	1
596	322	60095	122789		Hµn Th­¬ng	95	1
594	322	60373	122481		§ao Tr¶m	95	1
595	322	60642	122745		L¹c Quang	95	1
596	322	60595	122150		Hµn Th­¬ng	95	1
594	322	60716	122472		§ao Tr¶m	95	1
596	322	60480	122765		Hµn Th­¬ng	95	1
595	322	60417	122294		L¹c Quang	95	1
597	322	61273	122615		§o¹t Ph¸ch	95	1
595	322	61332	122371		L¹c Quang	95	1
594	322	61664	122625		§ao Tr¶m	95	1
597	322	61563	122272		§o¹t Ph¸ch	95	1
597	322	63373	122641		§o¹t Ph¸ch	95	1
595	322	63432	122397		L¹c Quang	95	1
594	322	63764	122651		§ao Tr¶m	95	1
597	322	63663	122298		§o¹t Ph¸ch	95	1
595	322	64681	122048		L¹c Quang	95	1
596	322	64518	122068		Hµn Th­¬ng	95	1
596	322	65007	122832		Hµn Th­¬ng	95	1
594	322	65245	122532		§ao Tr¶m	95	1
596	322	65468	122200		Hµn Th­¬ng	95	1
595	322	65290	122344		L¹c Quang	95	1
595	322	65514	122796		L¹c Quang	95	1
596	322	65352	122815		Hµn Th­¬ng	95	1
594	322	65588	122523		§ao Tr¶m	95	1
595	322	51334	123748		L¹c Quang	95	1
597	322	51565	123649		§o¹t Ph¸ch	95	1
597	322	51991	122935		§o¹t Ph¸ch	95	1
597	322	52108	123696		§o¹t Ph¸ch	95	1
595	322	52167	123453		L¹c Quang	95	1
594	322	52499	123706		§ao Tr¶m	95	1
597	322	52398	123354		§o¹t Ph¸ch	95	1
596	322	52756	122880		Hµn Th­¬ng	95	1
597	322	52936	122937		§o¹t Ph¸ch	95	1
596	322	53356	122884		Hµn Th­¬ng	95	1
597	322	53536	122941		§o¹t Ph¸ch	95	1
597	322	54230	122882		§o¹t Ph¸ch	95	1
596	322	54363	123150		Hµn Th­¬ng	95	1
594	322	54621	122892		§ao Tr¶m	95	1
597	322	54543	123207		§o¹t Ph¸ch	95	1
597	322	54320	123698		§o¹t Ph¸ch	95	1
595	322	54379	123454		L¹c Quang	95	1
594	322	54711	123707		§ao Tr¶m	95	1
597	322	54610	123355		§o¹t Ph¸ch	95	1
597	322	55090	123526		§o¹t Ph¸ch	95	1
595	322	55149	123283		L¹c Quang	95	1
596	322	55224	123794		Hµn Th­¬ng	95	1
594	322	55481	123536		§ao Tr¶m	95	1
597	322	55380	123184		§o¹t Ph¸ch	95	1
597	322	55404	123851		§o¹t Ph¸ch	95	1
597	322	56451	123879		§o¹t Ph¸ch	95	1
597	322	56994	123232		§o¹t Ph¸ch	95	1
595	322	57053	122989		L¹c Quang	95	1
596	322	57128	123500		Hµn Th­¬ng	95	1
597	322	57284	122890		§o¹t Ph¸ch	95	1
597	322	57307	123557		§o¹t Ph¸ch	95	1
594	322	57385	123242		§ao Tr¶m	95	1
594	322	59873	123121		§ao Tr¶m	95	1
595	322	60142	123385		L¹c Quang	95	1
596	322	59979	123405		Hµn Th­¬ng	95	1
595	322	59917	122933		L¹c Quang	95	1
594	322	60216	123112		§ao Tr¶m	95	1
596	322	60913	123233		Hµn Th­¬ng	95	1
596	322	60797	123848		Hµn Th­¬ng	95	1
594	322	60690	123565		§ao Tr¶m	95	1
595	322	60735	123377		L¹c Quang	95	1
596	322	61407	122883		Hµn Th­¬ng	95	1
595	322	60959	123828		L¹c Quang	95	1
594	322	61033	123555		§ao Tr¶m	95	1
597	322	61582	123650		§o¹t Ph¸ch	95	1
595	322	61641	123407		L¹c Quang	95	1
597	322	61872	123308		§o¹t Ph¸ch	95	1
597	322	61587	122939		§o¹t Ph¸ch	95	1
594	322	61973	123660		§ao Tr¶m	95	1
597	322	62673	123383		§o¹t Ph¸ch	95	1
595	322	62732	123139		L¹c Quang	95	1
597	322	62963	123040		§o¹t Ph¸ch	95	1
596	322	62807	123651		Hµn Th­¬ng	95	1
594	322	63064	123393		§ao Tr¶m	95	1
597	322	62987	123707		§o¹t Ph¸ch	95	1
596	322	63507	122908		Hµn Th­¬ng	95	1
597	322	63687	122965		§o¹t Ph¸ch	95	1
596	322	63706	123805		Hµn Th­¬ng	95	1
594	322	64785	123164		§ao Tr¶m	95	1
595	322	64829	122976		L¹c Quang	95	1
596	322	64891	123447		Hµn Th­¬ng	95	1
594	322	65128	123154		§ao Tr¶m	95	1
595	322	65054	123428		L¹c Quang	95	1
597	322	51275	123992		§o¹t Ph¸ch	95	1
596	322	51409	124260		Hµn Th­¬ng	95	1
594	322	51666	124002		§ao Tr¶m	95	1
597	322	51589	124316		§o¹t Ph¸ch	95	1
595	322	52604	124878		L¹c Quang	95	1
596	322	52242	123964		Hµn Th­¬ng	95	1
597	322	52422	124021		§o¹t Ph¸ch	95	1
597	322	52835	124779		§o¹t Ph¸ch	95	1
597	322	53586	124266		§o¹t Ph¸ch	95	1
595	322	53644	124023		L¹c Quang	95	1
596	322	53719	124534		Hµn Th­¬ng	95	1
594	322	53977	124276		§ao Tr¶m	95	1
597	322	53876	123924		§o¹t Ph¸ch	95	1
597	322	53899	124591		§o¹t Ph¸ch	95	1
596	322	54454	123965		Hµn Th­¬ng	95	1
597	322	54634	124022		§o¹t Ph¸ch	95	1
597	322	54873	124491		§o¹t Ph¸ch	95	1
595	322	54932	124247		L¹c Quang	95	1
596	322	55007	124758		Hµn Th­¬ng	95	1
594	322	55264	124501		§ao Tr¶m	95	1
597	322	55163	124148		§o¹t Ph¸ch	95	1
597	322	55187	124815		§o¹t Ph¸ch	95	1
597	322	56161	124221		§o¹t Ph¸ch	95	1
595	322	56220	123978		L¹c Quang	95	1
596	322	56295	124489		Hµn Th­¬ng	95	1
597	322	56605	124897		§o¹t Ph¸ch	95	1
594	322	56552	124231		§ao Tr¶m	95	1
597	322	56475	124546		§o¹t Ph¸ch	95	1
597	322	57401	124649		§o¹t Ph¸ch	95	1
595	322	57460	124406		L¹c Quang	95	1
596	322	57535	124917		Hµn Th­¬ng	95	1
594	322	57792	124659		§ao Tr¶m	95	1
597	322	57691	124307		§o¹t Ph¸ch	95	1
596	322	59445	124859		Hµn Th­¬ng	95	1
597	322	59609	124330		Phñ Quang	95	1
596	322	60231	124818		Hµn Th­¬ng	95	1
597	322	60252	124416		Phñ Quang	95	1
597	322	60870	124315		§o¹t Ph¸ch	95	1
595	322	60929	124072		L¹c Quang	95	1
596	322	61004	124583		Hµn Th­¬ng	95	1
594	322	61261	124325		§ao Tr¶m	95	1
597	322	61160	123973		§o¹t Ph¸ch	95	1
597	322	61184	124640		§o¹t Ph¸ch	95	1
596	322	61715	123918		Hµn Th­¬ng	95	1
597	322	61895	123975		§o¹t Ph¸ch	95	1
594	322	63484	124137		§ao Tr¶m	95	1
594	322	63976	124287		§ao Tr¶m	95	1
595	322	63753	124401		L¹c Quang	95	1
594	322	63827	124128		§ao Tr¶m	95	1
596	322	63591	124421		Hµn Th­¬ng	95	1
595	322	63528	123949		L¹c Quang	95	1
596	322	64199	123955		Hµn Th­¬ng	95	1
595	322	64021	124099		L¹c Quang	95	1
594	322	64319	124277		§ao Tr¶m	95	1
595	322	64245	124551		L¹c Quang	95	1
596	322	64083	124570		Hµn Th­¬ng	95	1
594	322	65085	124691		§ao Tr¶m	95	1
596	322	65308	124359		Hµn Th­¬ng	95	1
595	322	65130	124503		L¹c Quang	95	1
594	322	65428	124681		§ao Tr¶m	95	1
597	322	50785	125915		§o¹t Ph¸ch	95	1
595	322	50844	125672		L¹c Quang	95	1
594	322	51176	125925		§ao Tr¶m	95	1
597	322	51075	125573		§o¹t Ph¸ch	95	1
597	322	51370	125470		§o¹t Ph¸ch	95	1
595	322	51429	125227		L¹c Quang	95	1
596	322	51504	125738		Hµn Th­¬ng	95	1
597	322	51660	125128		§o¹t Ph¸ch	95	1
597	322	51684	125795		§o¹t Ph¸ch	95	1
597	322	51978	125911		§o¹t Ph¸ch	95	1
594	322	51761	125480		§ao Tr¶m	95	1
597	322	51805	125316		§o¹t Ph¸ch	95	1
595	322	51864	125073		L¹c Quang	95	1
596	322	51939	125584		Hµn Th­¬ng	95	1
594	322	52196	125326		§ao Tr¶m	95	1
597	322	52095	124974		§o¹t Ph¸ch	95	1
597	322	52119	125641		§o¹t Ph¸ch	95	1
595	322	52517	125810		L¹c Quang	95	1
597	322	52545	125121		§o¹t Ph¸ch	95	1
596	322	52679	125389		Hµn Th­¬ng	95	1
597	322	53017	125720		§o¹t Ph¸ch	95	1
595	322	53076	125476		L¹c Quang	95	1
597	322	52749	125711		§o¹t Ph¸ch	95	1
594	322	52936	125131		§ao Tr¶m	95	1
597	322	52859	125446		§o¹t Ph¸ch	95	1
594	322	53408	125730		§ao Tr¶m	95	1
597	322	53307	125377		§o¹t Ph¸ch	95	1
595	322	54193	125850		L¹c Quang	95	1
597	322	54424	125751		§o¹t Ph¸ch	95	1
597	322	54857	125561		§o¹t Ph¸ch	95	1
595	322	54916	125318		L¹c Quang	95	1
596	322	54991	125829		Hµn Th­¬ng	95	1
594	322	55248	125571		§ao Tr¶m	95	1
597	322	55147	125219		§o¹t Ph¸ch	95	1
597	322	55171	125886		§o¹t Ph¸ch	95	1
597	322	55593	125598		§o¹t Ph¸ch	95	1
595	322	55652	125354		L¹c Quang	95	1
596	322	55727	125865		Hµn Th­¬ng	95	1
594	322	55984	125607		§ao Tr¶m	95	1
597	322	55883	125255		§o¹t Ph¸ch	95	1
597	322	55907	125922		§o¹t Ph¸ch	95	1
597	322	56315	125240		§o¹t Ph¸ch	95	1
597	322	56796	125905		§o¹t Ph¸ch	95	1
595	322	56374	124996		L¹c Quang	95	1
596	322	56449	125507		Hµn Th­¬ng	95	1
594	322	56706	125250		§ao Tr¶m	95	1
597	322	56629	125564		§o¹t Ph¸ch	95	1
595	322	56855	125662		L¹c Quang	95	1
594	322	57187	125915		§ao Tr¶m	95	1
597	322	57086	125563		§o¹t Ph¸ch	95	1
597	322	57715	124974		§o¹t Ph¸ch	95	1
596	322	59332	125666		Hµn Th­¬ng	95	1
594	322	59225	125383		§ao Tr¶m	95	1
595	322	59270	125195		L¹c Quang	95	1
595	322	59494	125646		L¹c Quang	95	1
596	322	59448	125051		Hµn Th­¬ng	95	1
594	322	59568	125373		§ao Tr¶m	95	1
595	322	63186	125859		L¹c Quang	95	1
597	322	63418	125760		§o¹t Ph¸ch	95	1
597	322	63586	125612		§o¹t Ph¸ch	95	1
595	322	63645	125368		L¹c Quang	95	1
594	322	63977	125622		§ao Tr¶m	95	1
597	322	63877	125269		§o¹t Ph¸ch	95	1
596	322	63720	125879		Hµn Th­¬ng	95	1
597	322	63900	125936		§o¹t Ph¸ch	95	1
594	322	64114	125902		§ao Tr¶m	95	1
596	322	64336	125571		Hµn Th­¬ng	95	1
595	322	64158	125715		L¹c Quang	95	1
594	322	64456	125893		§ao Tr¶m	95	1
596	322	65018	125939		Hµn Th­¬ng	95	1
595	322	65354	124955		L¹c Quang	95	1
596	322	65192	124974		Hµn Th­¬ng	95	1
597	322	50842	126770		§o¹t Ph¸ch	95	1
595	322	50901	126526		L¹c Quang	95	1
597	322	51132	126427		§o¹t Ph¸ch	95	1
596	322	50919	126183		Hµn Th­¬ng	95	1
597	322	51099	126240		§o¹t Ph¸ch	95	1
594	322	51233	126779		§ao Tr¶m	95	1
597	322	51688	126253		§o¹t Ph¸ch	95	1
595	322	51747	126010		L¹c Quang	95	1
596	322	51822	126521		Hµn Th­¬ng	95	1
594	322	52079	126263		§ao Tr¶m	95	1
597	322	52002	126578		§o¹t Ph¸ch	95	1
597	322	52458	126053		§o¹t Ph¸ch	95	1
596	322	52592	126321		Hµn Th­¬ng	95	1
596	322	53151	125988		Hµn Th­¬ng	95	1
594	322	52850	126063		§ao Tr¶m	95	1
597	322	52772	126378		§o¹t Ph¸ch	95	1
597	322	53601	126874		§o¹t Ph¸ch	95	1
595	322	53660	126631		L¹c Quang	95	1
597	322	53331	126044		§o¹t Ph¸ch	95	1
595	322	54228	126744		L¹c Quang	95	1
597	322	54134	126094		§o¹t Ph¸ch	95	1
596	322	54268	126362		Hµn Th­¬ng	95	1
594	322	53992	126884		§ao Tr¶m	95	1
597	322	53891	126532		§o¹t Ph¸ch	95	1
597	322	54459	126645		§o¹t Ph¸ch	95	1
594	322	54525	126104		§ao Tr¶m	95	1
597	322	54448	126418		§o¹t Ph¸ch	95	1
597	322	56032	126696		§o¹t Ph¸ch	95	1
595	322	56091	126453		L¹c Quang	95	1
596	322	56166	126964		Hµn Th­¬ng	95	1
594	322	56423	126706		§ao Tr¶m	95	1
597	322	56322	126354		§o¹t Ph¸ch	95	1
596	322	56930	126173		Hµn Th­¬ng	95	1
597	322	57110	126230		§o¹t Ph¸ch	95	1
597	322	57974	126384		§o¹t Ph¸ch	95	1
595	322	58033	126141		L¹c Quang	95	1
596	322	58108	126652		Hµn Th­¬ng	95	1
594	322	58365	126394		§ao Tr¶m	95	1
597	322	58264	126042		§o¹t Ph¸ch	95	1
597	322	58288	126709		§o¹t Ph¸ch	95	1
594	322	58927	126805		§ao Tr¶m	95	1
596	322	59149	126473		Hµn Th­¬ng	95	1
595	322	58971	126617		L¹c Quang	95	1
594	322	59270	126795		§ao Tr¶m	95	1
596	322	60302	126578		Hµn Th­¬ng	95	1
594	322	60079	126909		§ao Tr¶m	95	1
595	322	60124	126721		L¹c Quang	95	1
594	322	60422	126900		§ao Tr¶m	95	1
597	322	63127	126102		§o¹t Ph¸ch	95	1
596	322	63261	126370		Hµn Th­¬ng	95	1
597	322	63441	126427		§o¹t Ph¸ch	95	1
594	322	63519	126112		§ao Tr¶m	95	1
595	322	64382	126166		L¹c Quang	95	1
596	322	64220	126186		Hµn Th­¬ng	95	1
594	322	64189	126860		§ao Tr¶m	95	1
596	322	64411	126528		Hµn Th­¬ng	95	1
595	322	64233	126672		L¹c Quang	95	1
594	322	64796	126271		§ao Tr¶m	95	1
595	322	64840	126083		L¹c Quang	95	1
596	322	64903	126554		Hµn Th­¬ng	95	1
594	322	64531	126850		§ao Tr¶m	95	1
595	322	64955	126887		L¹c Quang	95	1
594	322	65139	126261		§ao Tr¶m	95	1
595	322	65065	126534		L¹c Quang	95	1
596	322	65133	126743		Hµn Th­¬ng	95	1
597	322	50928	127849		§o¹t Ph¸ch	95	1
595	322	50987	127605		L¹c Quang	95	1
596	322	50976	127037		Hµn Th­¬ng	95	1
597	322	51156	127094		§o¹t Ph¸ch	95	1
594	322	51319	127859		§ao Tr¶m	95	1
597	322	51218	127506		§o¹t Ph¸ch	95	1
597	322	52859	127670		§o¹t Ph¸ch	95	1
595	322	52918	127427		L¹c Quang	95	1
596	322	52993	127938		Hµn Th­¬ng	95	1
597	322	53149	127328		§o¹t Ph¸ch	95	1
597	322	53172	127995		§o¹t Ph¸ch	95	1
596	322	53735	127142		Hµn Th­¬ng	95	1
594	322	53250	127680		§ao Tr¶m	95	1
597	322	54169	126987		§o¹t Ph¸ch	95	1
597	322	53915	127199		§o¹t Ph¸ch	95	1
596	322	54303	127255		Hµn Th­¬ng	95	1
594	322	54560	126997		§ao Tr¶m	95	1
597	322	54483	127312		§o¹t Ph¸ch	95	1
597	322	55077	127729		§o¹t Ph¸ch	95	1
595	322	55136	127486		L¹c Quang	95	1
596	322	55211	127997		Hµn Th­¬ng	95	1
597	322	55761	127792		§o¹t Ph¸ch	95	1
594	322	55468	127739		§ao Tr¶m	95	1
597	322	55367	127387		§o¹t Ph¸ch	95	1
595	322	55820	127549		L¹c Quang	95	1
594	322	56152	127802		§ao Tr¶m	95	1
597	322	56051	127450		§o¹t Ph¸ch	95	1
597	322	56649	127584		§o¹t Ph¸ch	95	1
595	322	56708	127341		L¹c Quang	95	1
596	322	56783	127852		Hµn Th­¬ng	95	1
597	322	56346	127021		§o¹t Ph¸ch	95	1
594	322	57040	127594		§ao Tr¶m	95	1
597	322	56939	127242		§o¹t Ph¸ch	95	1
597	322	56963	127909		§o¹t Ph¸ch	95	1
595	322	59196	127068		L¹c Quang	95	1
596	322	59034	127088		Hµn Th­¬ng	95	1
595	322	60348	127173		L¹c Quang	95	1
596	322	60186	127193		Hµn Th­¬ng	95	1
596	322	60451	127898		Hµn Th­¬ng	95	1
594	322	61082	127908		§ao Tr¶m	95	1
596	322	61304	127576		Hµn Th­¬ng	95	1
595	322	61126	127720		L¹c Quang	95	1
594	322	61425	127899		§ao Tr¶m	95	1
596	322	62678	127543		Hµn Th­¬ng	95	1
595	322	62547	127045		Ph¸ch Liªm 	95	1
597	322	63273	127567		§o¹t Ph¸ch	95	1
595	322	63332	127324		L¹c Quang	95	1
596	322	63407	127835		Hµn Th­¬ng	95	1
594	322	63665	127577		§ao Tr¶m	95	1
597	322	63564	127225		§o¹t Ph¸ch	95	1
597	322	63587	127892		§o¹t Ph¸ch	95	1
595	322	64458	127123		L¹c Quang	95	1
596	322	64295	127143		Hµn Th­¬ng	95	1
596	322	64343	127870		Hµn Th­¬ng	95	1
594	322	64911	127074		§ao Tr¶m	95	1
596	322	65017	127358		Hµn Th­¬ng	95	1
594	322	65253	127065		§ao Tr¶m	95	1
595	322	65180	127338		L¹c Quang	95	1
596	322	51062	128117		Hµn Th­¬ng	95	1
597	322	51242	128173		§o¹t Ph¸ch	95	1
597	322	51759	128406		§o¹t Ph¸ch	95	1
595	322	51818	128162		L¹c Quang	95	1
596	322	51893	128673		Hµn Th­¬ng	95	1
594	322	52151	128416		§ao Tr¶m	95	1
597	322	52050	128063		§o¹t Ph¸ch	95	1
597	322	52073	128730		§o¹t Ph¸ch	95	1
597	322	53030	128927		§o¹t Ph¸ch	95	1
595	322	53793	128908		L¹c Quang	95	1
597	322	54024	128809		§o¹t Ph¸ch	95	1
595	322	55071	128982		L¹c Quang	95	1
597	322	55391	128054		§o¹t Ph¸ch	95	1
597	322	55302	128883		§o¹t Ph¸ch	95	1
596	322	55894	128060		Hµn Th­¬ng	95	1
597	322	56074	128117		§o¹t Ph¸ch	95	1
597	322	56129	128999		§o¹t Ph¸ch	95	1
597	322	56913	128471		§o¹t Ph¸ch	95	1
595	322	56972	128228		L¹c Quang	95	1
596	322	57047	128739		Hµn Th­¬ng	95	1
594	322	57304	128481		§ao Tr¶m	95	1
597	322	57204	128129		§o¹t Ph¸ch	95	1
597	322	57227	128796		§o¹t Ph¸ch	95	1
597	322	57817	129013		§o¹t Ph¸ch	95	1
595	322	57876	128770		L¹c Quang	95	1
594	322	58209	129023		§ao Tr¶m	95	1
597	322	58108	128671		§o¹t Ph¸ch	95	1
595	322	59287	128640		L¹c Quang	95	1
596	322	59124	128659		Hµn Th­¬ng	95	1
594	322	59018	128376		§ao Tr¶m	95	1
596	322	59240	128044		Hµn Th­¬ng	95	1
595	322	59062	128188		L¹c Quang	95	1
594	322	59361	128366		§ao Tr¶m	95	1
596	322	60335	128513		Hµn Th­¬ng	95	1
594	322	60228	128229		§ao Tr¶m	95	1
595	322	60273	128042		L¹c Quang	95	1
595	322	60497	128493		L¹c Quang	95	1
594	322	60571	128220		§ao Tr¶m	95	1
595	322	61351	128172		L¹c Quang	95	1
596	322	61188	128191		Hµn Th­¬ng	95	1
596	322	61795	128801		Hµn Th­¬ng	95	1
595	322	61617	128945		L¹c Quang	95	1
594	322	62451	128382		§ao Tr¶m	95	1
595	322	62720	128646		L¹c Quang	95	1
596	322	62673	128051		Hµn Th­¬ng	95	1
594	322	62794	128373		§ao Tr¶m	95	1
596	322	62558	128666		Hµn Th­¬ng	95	1
595	322	62495	128195		L¹c Quang	95	1
596	322	64497	128884		Hµn Th­¬ng	95	1
594	322	64120	128201		§ao Tr¶m	95	1
595	322	64165	128014		L¹c Quang	95	1
594	322	64463	128192		§ao Tr¶m	95	1
595	322	64389	128465		L¹c Quang	95	1
596	322	64227	128485		Hµn Th­¬ng	95	1
595	322	51200	129910		L¹c Quang	95	1
597	322	51431	129811		§o¹t Ph¸ch	95	1
597	322	51401	129471		§o¹t Ph¸ch	95	1
595	322	51460	129228		L¹c Quang	95	1
596	322	51535	129739		Hµn Th­¬ng	95	1
597	322	51692	129129		§o¹t Ph¸ch	95	1
594	322	51793	129481		§ao Tr¶m	95	1
597	322	51715	129796		§o¹t Ph¸ch	95	1
597	322	52448	129985		§o¹t Ph¸ch	95	1
595	322	52507	129742		L¹c Quang	95	1
597	322	52740	129269		§o¹t Ph¸ch	95	1
595	322	52799	129026		L¹c Quang	95	1
596	322	52874	129537		Hµn Th­¬ng	95	1
594	322	53131	129279		§ao Tr¶m	95	1
597	322	53053	129594		§o¹t Ph¸ch	95	1
594	322	52840	129995		§ao Tr¶m	95	1
597	322	52739	129643		§o¹t Ph¸ch	95	1
597	322	53734	129151		§o¹t Ph¸ch	95	1
596	322	53868	129419		Hµn Th­¬ng	95	1
594	322	54125	129161		§ao Tr¶m	95	1
597	322	54048	129476		§o¹t Ph¸ch	95	1
597	322	55012	129225		§o¹t Ph¸ch	95	1
596	322	55146	129493		Hµn Th­¬ng	95	1
597	322	55281	130032		§o¹t Ph¸ch	95	1
594	322	55403	129235		§ao Tr¶m	95	1
597	322	55326	129550		§o¹t Ph¸ch	95	1
597	322	55839	129341		§o¹t Ph¸ch	95	1
595	322	55898	129098		L¹c Quang	95	1
594	322	56230	129351		§ao Tr¶m	95	1
596	322	55973	129609		Hµn Th­¬ng	95	1
597	322	56153	129666		§o¹t Ph¸ch	95	1
597	322	56795	129439		§o¹t Ph¸ch	95	1
597	322	56824	130045		§o¹t Ph¸ch	95	1
595	322	56854	129196		L¹c Quang	95	1
596	322	56929	129707		Hµn Th­¬ng	95	1
594	322	57187	129449		§ao Tr¶m	95	1
597	322	57086	129097		§o¹t Ph¸ch	95	1
597	322	57109	129764		§o¹t Ph¸ch	95	1
596	322	57951	129281		Hµn Th­¬ng	95	1
597	322	58131	129338		§o¹t Ph¸ch	95	1
597	322	58382	129734		§o¹t Ph¸ch	95	1
595	322	58441	129490		L¹c Quang	95	1
596	322	58515	130002		Hµn Th­¬ng	95	1
594	322	58773	129744		§ao Tr¶m	95	1
597	322	58672	129391		§o¹t Ph¸ch	95	1
597	322	59282	129863		§o¹t Ph¸ch	95	1
595	322	59341	129619		L¹c Quang	95	1
594	322	59673	129873		§ao Tr¶m	95	1
597	322	59572	129520		§o¹t Ph¸ch	95	1
594	322	60429	129893		§ao Tr¶m	95	1
596	322	60652	129562		Hµn Th­¬ng	95	1
595	322	60474	129706		L¹c Quang	95	1
594	322	60772	129884		§ao Tr¶m	95	1
594	322	61220	129909		§ao Tr¶m	95	1
595	322	61265	129722		L¹c Quang	95	1
596	322	61443	129578		Hµn Th­¬ng	95	1
594	322	61563	129900		§ao Tr¶m	95	1
594	322	61573	129133		§ao Tr¶m	95	1
594	322	61915	129124		§ao Tr¶m	95	1
595	322	61841	129397		L¹c Quang	95	1
596	322	61679	129416		Hµn Th­¬ng	95	1
594	322	64274	129215		§ao Tr¶m	95	1
595	322	64319	129028		L¹c Quang	95	1
596	322	64381	129499		Hµn Th­¬ng	95	1
594	322	64617	129206		§ao Tr¶m	95	1
595	322	64543	129479		L¹c Quang	95	1
595	322	50943	130912		L¹c Quang	95	1
597	322	51174	130813		§o¹t Ph¸ch	95	1
597	322	51141	130154		§o¹t Ph¸ch	95	1
596	322	51275	130421		Hµn Th­¬ng	95	1
594	322	51532	130164		§ao Tr¶m	95	1
597	322	51455	130478		§o¹t Ph¸ch	95	1
596	322	52582	130253		Hµn Th­¬ng	95	1
597	322	52762	130310		§o¹t Ph¸ch	95	1
597	322	52897	130534		§o¹t Ph¸ch	95	1
595	322	52956	130291		L¹c Quang	95	1
596	322	53031	130802		Hµn Th­¬ng	95	1
597	322	53187	130192		§o¹t Ph¸ch	95	1
597	322	53211	130859		§o¹t Ph¸ch	95	1
595	322	53749	130925		L¹c Quang	95	1
594	322	53288	130544		§ao Tr¶m	95	1
597	322	53981	130826		§o¹t Ph¸ch	95	1
597	322	54991	130375		§o¹t Ph¸ch	95	1
595	322	55050	130131		L¹c Quang	95	1
596	322	55125	130643		Hµn Th­¬ng	95	1
594	322	55382	130385		§ao Tr¶m	95	1
597	322	55304	130699		§o¹t Ph¸ch	95	1
597	322	56035	130476		§o¹t Ph¸ch	95	1
595	322	56094	130233		L¹c Quang	95	1
596	322	56169	130744		Hµn Th­¬ng	95	1
597	322	56534	130388		§o¹t Ph¸ch	95	1
595	322	56593	130144		L¹c Quang	95	1
596	322	56668	130655		Hµn Th­¬ng	95	1
597	322	56764	131065		§o¹t Ph¸ch	95	1
594	322	56426	130486		§ao Tr¶m	95	1
597	322	56326	130134		§o¹t Ph¸ch	95	1
597	322	56349	130801		§o¹t Ph¸ch	95	1
594	322	56925	130398		§ao Tr¶m	95	1
597	322	56848	130712		§o¹t Ph¸ch	95	1
595	322	57919	130963		L¹c Quang	95	1
597	322	58151	130864		§o¹t Ph¸ch	95	1
597	322	58695	130058		§o¹t Ph¸ch	95	1
595	322	58595	130958		L¹c Quang	95	1
597	322	58827	130859		§o¹t Ph¸ch	95	1
594	322	59208	130945		§ao Tr¶m	95	1
595	322	59252	130757		L¹c Quang	95	1
596	322	59430	130613		Hµn Th­¬ng	95	1
594	322	59550	130935		§ao Tr¶m	95	1
596	322	59416	130131		Hµn Th­¬ng	95	1
597	322	59595	130187		§o¹t Ph¸ch	95	1
597	322	59849	130724		§o¹t Ph¸ch	95	1
595	322	59908	130481		L¹c Quang	95	1
594	322	60240	130734		§ao Tr¶m	95	1
597	322	60139	130382		§o¹t Ph¸ch	95	1
596	322	59983	130992		Hµn Th­¬ng	95	1
597	322	60163	131049		§o¹t Ph¸ch	95	1
595	322	60698	130157		L¹c Quang	95	1
596	322	60536	130177		Hµn Th­¬ng	95	1
596	322	61327	130193		Hµn Th­¬ng	95	1
595	322	61489	130173		L¹c Quang	95	1
594	322	62731	130992		§ao Tr¶m	95	1
596	322	62953	130660		Hµn Th­¬ng	95	1
595	322	62775	130804		L¹c Quang	95	1
594	322	63074	130983		§ao Tr¶m	95	1
594	322	64662	130657		§ao Tr¶m	95	1
596	322	64884	130325		Hµn Th­¬ng	95	1
595	322	64706	130469		L¹c Quang	95	1
594	322	65004	130647		§ao Tr¶m	95	1
595	322	64931	130921		L¹c Quang	95	1
596	322	64768	130940		Hµn Th­¬ng	95	1
597	322	50884	131156		§o¹t Ph¸ch	95	1
596	322	51018	131423		Hµn Th­¬ng	95	1
597	322	51198	131480		§o¹t Ph¸ch	95	1
594	322	51275	131166		§ao Tr¶m	95	1
597	322	51894	131533		§o¹t Ph¸ch	95	1
595	322	51953	131290		L¹c Quang	95	1
596	322	52028	131801		Hµn Th­¬ng	95	1
597	322	52184	131191		§o¹t Ph¸ch	95	1
597	322	52208	131858		§o¹t Ph¸ch	95	1
594	322	52285	131543		§ao Tr¶m	95	1
597	322	53690	131168		§o¹t Ph¸ch	95	1
596	322	53824	131436		Hµn Th­¬ng	95	1
594	322	54082	131178		§ao Tr¶m	95	1
597	322	54004	131493		§o¹t Ph¸ch	95	1
597	322	55643	131437		§o¹t Ph¸ch	95	1
595	322	55702	131194		L¹c Quang	95	1
596	322	55777	131705		Hµn Th­¬ng	95	1
594	322	56034	131447		§ao Tr¶m	95	1
597	322	55933	131095		§o¹t Ph¸ch	95	1
597	322	55957	131762		§o¹t Ph¸ch	95	1
597	322	56474	131407		§o¹t Ph¸ch	95	1
595	322	56533	131164		L¹c Quang	95	1
596	322	56608	131675		Hµn Th­¬ng	95	1
597	322	56788	131732		§o¹t Ph¸ch	95	1
594	322	56865	131417		§ao Tr¶m	95	1
597	322	57530	131760		§o¹t Ph¸ch	95	1
595	322	57589	131517		L¹c Quang	95	1
596	322	57664	132028		Hµn Th­¬ng	95	1
597	322	57821	131418		§o¹t Ph¸ch	95	1
597	322	57844	132085		§o¹t Ph¸ch	95	1
597	322	57861	131206		§o¹t Ph¸ch	95	1
596	322	57994	131474		Hµn Th­¬ng	95	1
594	322	58252	131216		§ao Tr¶m	95	1
597	322	58174	131531		§o¹t Ph¸ch	95	1
594	322	57921	131770		§ao Tr¶m	95	1
597	322	58536	131201		§o¹t Ph¸ch	95	1
596	322	58670	131469		Hµn Th­¬ng	95	1
597	322	58850	131526		§o¹t Ph¸ch	95	1
596	322	59314	131228		Hµn Th­¬ng	95	1
594	322	58927	131211		§ao Tr¶m	95	1
595	322	59477	131209		L¹c Quang	95	1
594	322	60429	131429		§ao Tr¶m	95	1
596	322	60652	131098		Hµn Th­¬ng	95	1
595	322	60474	131242		L¹c Quang	95	1
594	322	60772	131420		§ao Tr¶m	95	1
595	322	60698	131693		L¹c Quang	95	1
596	322	60536	131713		Hµn Th­¬ng	95	1
594	322	61408	131582		§ao Tr¶m	95	1
596	322	61630	131250		Hµn Th­¬ng	95	1
595	322	61452	131394		L¹c Quang	95	1
594	322	61750	131573		§ao Tr¶m	95	1
595	322	61676	131846		L¹c Quang	95	1
596	322	61514	131865		Hµn Th­¬ng	95	1
596	322	62838	131275		Hµn Th­¬ng	95	1
595	322	63000	131256		L¹c Quang	95	1
594	322	63122	131694		§ao Tr¶m	95	1
596	322	63345	131362		Hµn Th­¬ng	95	1
595	322	63167	131506		L¹c Quang	95	1
594	322	63465	131685		§ao Tr¶m	95	1
595	322	63391	131958		L¹c Quang	95	1
596	322	63229	131978		Hµn Th­¬ng	95	1
594	322	64326	131872		§ao Tr¶m	95	1
595	322	64370	131685		L¹c Quang	95	1
596	322	64548	131541		Hµn Th­¬ng	95	1
594	322	64668	131863		§ao Tr¶m	95	1
596	322	64432	132156		Hµn Th­¬ng	95	1
595	322	64595	132136		L¹c Quang	95	1