NpcID	MapID	PosX	PosY	ScriptFile	NpcName	Level	IsLoad
674	336	35370	80650		Thñy TÆc	90	1
674	336	36246	80645		Thñy TÆc	90	1
674	336	39575	80668		Thñy TÆc	90	1
674	336	42990	80844		Thñy TÆc	90	1
674	336	44067	80605		Thñy TÆc	90	1
674	336	46160	80697		Thñy TÆc	90	1
674	336	47160	80706		Thñy TÆc	90	1
674	336	49054	80720		Thñy TÆc	90	1
674	336	49467	80676		Thñy TÆc	90	1
674	336	49265	80310		Thñy TÆc	90	1
674	336	50008	80888		Thñy TÆc	90	1
674	336	35159	81060		Thñy TÆc	90	1
674	336	35572	81016		Thñy TÆc	90	1
674	336	35359	81476		Thñy TÆc	90	1
674	336	36235	81472		Thñy TÆc	90	1
674	336	36034	81055		Thñy TÆc	90	1
674	336	36448	81011		Thñy TÆc	90	1
674	336	37502	81899		Thñy TÆc	90	1
674	336	37714	81489		Thñy TÆc	90	1
674	336	37915	81854		Thñy TÆc	90	1
674	336	38504	81511		Thñy TÆc	90	1
674	336	38716	81101		Thñy TÆc	90	1
674	336	38918	81467		Thñy TÆc	90	1
674	336	39363	81078		Thñy TÆc	90	1
674	336	39776	81034		Thñy TÆc	90	1
674	336	39564	81494		Thñy TÆc	90	1
674	336	40353	81753		Thñy TÆc	90	1
674	336	40767	81708		Thñy TÆc	90	1
674	336	40565	81343		Thñy TÆc	90	1
674	336	41957	81503		Thñy TÆc	90	1
674	336	41544	81547		Thñy TÆc	90	1
674	336	41756	81137		Thñy TÆc	90	1
674	336	42491	81870		Thñy TÆc	90	1
674	336	42979	81670		Thñy TÆc	90	1
674	336	42779	81254		Thñy TÆc	90	1
674	336	43192	81210		Thñy TÆc	90	1
674	336	43855	81015		Thñy TÆc	90	1
674	336	44268	80971		Thñy TÆc	90	1
674	336	44056	81431		Thñy TÆc	90	1
674	336	45481	81433		Thñy TÆc	90	1
674	336	45268	81894		Thñy TÆc	90	1
674	336	45067	81477		Thñy TÆc	90	1
674	336	45279	81068		Thñy TÆc	90	1
674	336	45949	81107		Thñy TÆc	90	1
674	336	46362	81062		Thñy TÆc	90	1
674	336	46150	81523		Thñy TÆc	90	1
674	336	46948	81116		Thñy TÆc	90	1
674	336	47362	81072		Thñy TÆc	90	1
674	336	47149	81532		Thñy TÆc	90	1
674	336	48065	81529		Thñy TÆc	90	1
674	336	48478	81485		Thñy TÆc	90	1
674	336	48277	81119		Thñy TÆc	90	1
674	336	49255	81136		Thñy TÆc	90	1
674	336	49997	81714		Thñy TÆc	90	1
674	336	49796	81298		Thñy TÆc	90	1
674	336	50210	81254		Thñy TÆc	90	1
674	336	35762	82805		Thñy TÆc	90	1
674	336	36175	82760		Thñy TÆc	90	1
674	336	35974	82395		Thñy TÆc	90	1
674	336	37332	82333		Thñy TÆc	90	1
674	336	37119	82793		Thñy TÆc	90	1
674	336	36918	82377		Thñy TÆc	90	1
674	336	37130	81967		Thñy TÆc	90	1
674	336	37703	82315		Thñy TÆc	90	1
674	336	38705	81927		Thñy TÆc	90	1
674	336	39264	82544		Thñy TÆc	90	1
674	336	39466	82910		Thñy TÆc	90	1
674	336	39917	82415		Thñy TÆc	90	1
674	336	40331	82371		Thñy TÆc	90	1
674	336	40118	82831		Thñy TÆc	90	1
674	336	40129	82005		Thñy TÆc	90	1
674	336	40554	82169		Thñy TÆc	90	1
674	336	41413	82768		Thñy TÆc	90	1
674	336	41000	82812		Thñy TÆc	90	1
674	336	41211	82402		Thñy TÆc	90	1
674	336	41745	81963		Thñy TÆc	90	1
674	336	42060	82652		Thñy TÆc	90	1
674	336	42480	82696		Thñy TÆc	90	1
674	336	42280	82280		Thñy TÆc	90	1
674	336	42693	82236		Thñy TÆc	90	1
674	336	43054	82922		Thñy TÆc	90	1
674	336	44447	82546		Thñy TÆc	90	1
674	336	44091	82782		Thñy TÆc	90	1
674	336	44860	82502		Thñy TÆc	90	1
674	336	44658	82136		Thñy TÆc	90	1
674	336	45501	82861		Thñy TÆc	90	1
674	336	45915	82817		Thñy TÆc	90	1
674	336	45713	82451		Thñy TÆc	90	1
674	336	46485	82829		Thñy TÆc	90	1
674	336	46284	82413		Thñy TÆc	90	1
674	336	46495	82003		Thñy TÆc	90	1
674	336	46697	82368		Thñy TÆc	90	1
674	336	47549	82880		Thñy TÆc	90	1
674	336	47348	82464		Thñy TÆc	90	1
674	336	47560	82054		Thñy TÆc	90	1
674	336	47761	82420		Thñy TÆc	90	1
674	336	48266	81945		Thñy TÆc	90	1
674	336	49060	82379		Thñy TÆc	90	1
674	336	48848	82839		Thñy TÆc	90	1
674	336	48647	82423		Thñy TÆc	90	1
674	336	48859	82013		Thñy TÆc	90	1
674	336	50162	82581		Thñy TÆc	90	1
674	336	50575	82537		Thñy TÆc	90	1
674	336	50373	82171		Thñy TÆc	90	1
674	336	35963	83221		Thñy TÆc	90	1
674	336	37723	83850		Thñy TÆc	90	1
674	336	38826	83858		Thñy TÆc	90	1
674	336	38413	83903		Thñy TÆc	90	1
674	336	38625	83493		Thñy TÆc	90	1
674	336	39253	83370		Thñy TÆc	90	1
674	336	39053	82954		Thñy TÆc	90	1
674	336	39896	83438		Thñy TÆc	90	1
674	336	40310	83394		Thñy TÆc	90	1
674	336	40097	83854		Thñy TÆc	90	1
674	336	40108	83028		Thñy TÆc	90	1
674	336	40767	83919		Thñy TÆc	90	1
674	336	41200	83229		Thñy TÆc	90	1
674	336	41848	83062		Thñy TÆc	90	1
674	336	42261	83018		Thñy TÆc	90	1
674	336	42049	83478		Thñy TÆc	90	1
674	336	42842	83332		Thñy TÆc	90	1
674	336	43256	83288		Thñy TÆc	90	1
674	336	43043	83749		Thñy TÆc	90	1
674	336	43879	83192		Thñy TÆc	90	1
674	336	44293	83148		Thñy TÆc	90	1
674	336	44080	83609		Thñy TÆc	90	1
674	336	44648	82963		Thñy TÆc	90	1
674	336	45060	83642		Thñy TÆc	90	1
674	336	45702	83277		Thñy TÆc	90	1
674	336	47113	83798		Thñy TÆc	90	1
674	336	48034	83403		Thñy TÆc	90	1
674	336	48448	83359		Thñy TÆc	90	1
674	336	48235	83819		Thñy TÆc	90	1
674	336	48246	82993		Thñy TÆc	90	1
674	336	49145	83438		Thñy TÆc	90	1
674	336	49558	83394		Thñy TÆc	90	1
674	336	49346	83854		Thñy TÆc	90	1
674	336	49356	83028		Thñy TÆc	90	1
674	336	50680	83813		Thñy TÆc	90	1
674	336	50267	83857		Thñy TÆc	90	1
674	336	50478	83447		Thñy TÆc	90	1
674	336	50362	82997		Thñy TÆc	90	1
674	336	35277	84759		Thñy TÆc	90	1
674	336	35691	84715		Thñy TÆc	90	1
674	336	35489	84349		Thñy TÆc	90	1
674	336	36214	84502		Thñy TÆc	90	1
674	336	36627	84458		Thñy TÆc	90	1
674	336	36415	84918		Thñy TÆc	90	1
674	336	36426	84092		Thñy TÆc	90	1
674	336	37712	84676		Thñy TÆc	90	1
674	336	37512	84260		Thñy TÆc	90	1
674	336	37925	84216		Thñy TÆc	90	1
674	336	38641	84987		Thñy TÆc	90	1
674	336	38614	84319		Thñy TÆc	90	1
674	336	40756	84746		Thñy TÆc	90	1
674	336	40555	84329		Thñy TÆc	90	1
674	336	40968	84285		Thñy TÆc	90	1
674	336	41792	84913		Thñy TÆc	90	1
674	336	43386	84979		Thñy TÆc	90	1
674	336	43800	84935		Thñy TÆc	90	1
674	336	43598	84569		Thñy TÆc	90	1
674	336	45049	84468		Thñy TÆc	90	1
674	336	44848	84051		Thñy TÆc	90	1
674	336	45357	84672		Thñy TÆc	90	1
674	336	45261	84007		Thñy TÆc	90	1
674	336	45770	84627		Thñy TÆc	90	1
674	336	45568	84262		Thñy TÆc	90	1
674	336	46262	84625		Thñy TÆc	90	1
674	336	46474	84216		Thñy TÆc	90	1
674	336	47102	84624		Thñy TÆc	90	1
674	336	46901	84207		Thñy TÆc	90	1
674	336	46676	84581		Thñy TÆc	90	1
674	336	47314	84163		Thñy TÆc	90	1
674	336	48109	84756		Thñy TÆc	90	1
674	336	47696	84800		Thñy TÆc	90	1
674	336	47908	84390		Thñy TÆc	90	1
674	336	49111	84362		Thñy TÆc	90	1
674	336	48898	84822		Thñy TÆc	90	1
674	336	48697	84406		Thñy TÆc	90	1
674	336	48909	83996		Thñy TÆc	90	1
674	336	49306	84984		Thñy TÆc	90	1
674	336	49994	84883		Thñy TÆc	90	1
674	336	49793	84467		Thñy TÆc	90	1
674	336	50005	84057		Thñy TÆc	90	1
674	336	50206	84422		Thñy TÆc	90	1
674	336	50637	84966		Thñy TÆc	90	1
674	336	50468	84273		Thñy TÆc	90	1
674	336	35648	85666		Thñy TÆc	90	1
674	336	35478	85176		Thñy TÆc	90	1
674	336	36679	85933		Thñy TÆc	90	1
674	336	37883	85774		Thñy TÆc	90	1
674	336	37470	85818		Thñy TÆc	90	1
674	336	37681	85409		Thñy TÆc	90	1
674	336	38843	85353		Thñy TÆc	90	1
674	336	38631	85813		Thñy TÆc	90	1
674	336	38430	85397		Thñy TÆc	90	1
674	336	39875	85474		Thñy TÆc	90	1
674	336	40288	85430		Thñy TÆc	90	1
674	336	40076	85890		Thñy TÆc	90	1
674	336	40087	85064		Thñy TÆc	90	1
674	336	41334	86012		Thñy TÆc	90	1
674	336	41782	85739		Thñy TÆc	90	1
674	336	41581	85323		Thñy TÆc	90	1
674	336	41994	85279		Thñy TÆc	90	1
674	336	43939	85823		Thñy TÆc	90	1
674	336	43587	85395		Thñy TÆc	90	1
674	336	45557	85088		Thñy TÆc	90	1
674	336	45858	85735		Thñy TÆc	90	1
674	336	46377	85878		Thñy TÆc	90	1
674	336	46589	85468		Thñy TÆc	90	1
674	336	46463	85042		Thñy TÆc	90	1
674	336	46790	85834		Thñy TÆc	90	1
674	336	47897	85216		Thñy TÆc	90	1
674	336	49094	85394		Thñy TÆc	90	1
674	336	48657	85868		Thñy TÆc	90	1
674	336	49507	85350		Thñy TÆc	90	1
674	336	49295	85810		Thñy TÆc	90	1
674	336	49951	85815		Thñy TÆc	90	1
674	336	50626	85792		Thñy TÆc	90	1
674	336	50426	85376		Thñy TÆc	90	1
674	336	50839	85331		Thñy TÆc	90	1
674	336	35637	86492		Thñy TÆc	90	1
674	336	35436	86076		Thñy TÆc	90	1
674	336	36189	87008		Thñy TÆc	90	1
674	336	35849	86032		Thñy TÆc	90	1
674	336	36668	86759		Thñy TÆc	90	1
674	336	36467	86343		Thñy TÆc	90	1
674	336	36881	86299		Thñy TÆc	90	1
674	336	37671	86235		Thñy TÆc	90	1
674	336	39329	87003		Thñy TÆc	90	1
674	336	39129	86586		Thñy TÆc	90	1
674	336	39340	86177		Thñy TÆc	90	1
674	336	39542	86542		Thñy TÆc	90	1
674	336	40110	86933		Thñy TÆc	90	1
674	336	40321	86523		Thñy TÆc	90	1
674	336	40523	86889		Thñy TÆc	90	1
674	336	41323	86838		Thñy TÆc	90	1
674	336	41122	86422		Thñy TÆc	90	1
674	336	41536	86377		Thñy TÆc	90	1
674	336	42290	86994		Thñy TÆc	90	1
674	336	42089	86578		Thñy TÆc	90	1
674	336	42301	86168		Thñy TÆc	90	1
674	336	42824	86586		Thñy TÆc	90	1
674	336	42502	86534		Thñy TÆc	90	1
674	336	43237	86542		Thñy TÆc	90	1
674	336	43024	87002		Thñy TÆc	90	1
674	336	43035	86176		Thñy TÆc	90	1
674	336	43928	86650		Thñy TÆc	90	1
674	336	43727	86233		Thñy TÆc	90	1
674	336	44141	86189		Thñy TÆc	90	1
674	336	45566	86937		Thñy TÆc	90	1
674	336	46059	86101		Thñy TÆc	90	1
674	336	45847	86561		Thñy TÆc	90	1
674	336	45646	86145		Thñy TÆc	90	1
674	336	46578	86294		Thñy TÆc	90	1
674	336	48053	86543		Thñy TÆc	90	1
674	336	47840	87003		Thñy TÆc	90	1
674	336	47639	86587		Thñy TÆc	90	1
674	336	47851	86177		Thñy TÆc	90	1
674	336	48445	86278		Thñy TÆc	90	1
674	336	48972	86767		Thñy TÆc	90	1
674	336	48859	86233		Thñy TÆc	90	1
674	336	48646	86694		Thñy TÆc	90	1
674	336	50152	86180		Thñy TÆc	90	1
674	336	49940	86641		Thñy TÆc	90	1
674	336	49739	86224		Thñy TÆc	90	1
674	336	36290	88050		Thñy TÆc	90	1
674	336	36178	87834		Thñy TÆc	90	1
674	336	35977	87417		Thñy TÆc	90	1
674	336	36390	87373		Thñy TÆc	90	1
674	336	37319	87626		Thñy TÆc	90	1
674	336	37733	87581		Thñy TÆc	90	1
674	336	37520	88042		Thñy TÆc	90	1
674	336	37531	87216		Thñy TÆc	90	1
674	336	38315	87977		Thñy TÆc	90	1
674	336	40310	87349		Thñy TÆc	90	1
674	336	41691	87910		Thñy TÆc	90	1
674	336	42416	87820		Thñy TÆc	90	1
674	336	42830	87776		Thñy TÆc	90	1
674	336	42628	87410		Thñy TÆc	90	1
674	336	43655	88030		Thñy TÆc	90	1
674	336	43867	87620		Thñy TÆc	90	1
674	336	44069	87986		Thñy TÆc	90	1
674	336	44870	87846		Thñy TÆc	90	1
674	336	45556	87763		Thñy TÆc	90	1
674	336	45355	87347		Thñy TÆc	90	1
674	336	45987	87743		Thñy TÆc	90	1
674	336	45768	87303		Thñy TÆc	90	1
674	336	46568	87765		Thñy TÆc	90	1
674	336	46982	87721		Thñy TÆc	90	1
674	336	46780	87355		Thñy TÆc	90	1
674	336	47620	87916		Thñy TÆc	90	1
674	336	48414	87990		Thñy TÆc	90	1
674	336	48961	87593		Thñy TÆc	90	1
674	336	48760	87177		Thñy TÆc	90	1
674	336	49173	87133		Thñy TÆc	90	1
674	336	35392	88738		Thñy TÆc	90	1
674	336	36279	88876		Thñy TÆc	90	1
674	336	36079	88460		Thñy TÆc	90	1
674	336	36492	88416		Thñy TÆc	90	1
674	336	37347	89081		Thñy TÆc	90	1
674	336	37146	88715		Thñy TÆc	90	1
674	336	38304	88803		Thñy TÆc	90	1
674	336	38103	88387		Thñy TÆc	90	1
674	336	38655	89022		Thñy TÆc	90	1
674	336	38867	88612		Thñy TÆc	90	1
674	336	38517	88343		Thñy TÆc	90	1
674	336	39068	88978		Thñy TÆc	90	1
674	336	40409	88544		Thñy TÆc	90	1
674	336	40822	88500		Thñy TÆc	90	1
674	336	40610	88960		Thñy TÆc	90	1
674	336	40621	88134		Thñy TÆc	90	1
674	336	41893	88275		Thñy TÆc	90	1
674	336	41680	88736		Thñy TÆc	90	1
674	336	41480	88320		Thñy TÆc	90	1
674	336	42617	88236		Thñy TÆc	90	1
674	336	43630	88780		Thñy TÆc	90	1
674	336	43856	88446		Thñy TÆc	90	1
674	336	44859	88672		Thñy TÆc	90	1
674	336	44658	88256		Thñy TÆc	90	1
674	336	45071	88212		Thñy TÆc	90	1
674	336	45976	88569		Thñy TÆc	90	1
674	336	45775	88153		Thñy TÆc	90	1
674	336	46521	88900		Thñy TÆc	90	1
674	336	46189	88108		Thñy TÆc	90	1
674	336	46769	88181		Thñy TÆc	90	1
674	336	47609	88742		Thñy TÆc	90	1
674	336	47408	88326		Thñy TÆc	90	1
674	336	47822	88281		Thñy TÆc	90	1
674	336	48616	88355		Thñy TÆc	90	1
674	336	48403	88816		Thñy TÆc	90	1
674	336	48203	88400		Thñy TÆc	90	1
674	336	35180	89148		Thñy TÆc	90	1
674	336	35829	89902		Thñy TÆc	90	1
674	336	35593	89104		Thñy TÆc	90	1
674	336	35381	89564		Thñy TÆc	90	1
674	336	36242	89858		Thñy TÆc	90	1
674	336	36041	89492		Thñy TÆc	90	1
674	336	37135	89541		Thñy TÆc	90	1
674	336	36934	89125		Thñy TÆc	90	1
674	336	37748	89678		Thñy TÆc	90	1
674	336	38161	89634		Thñy TÆc	90	1
674	336	37948	90094		Thñy TÆc	90	1
674	336	37959	89268		Thñy TÆc	90	1
674	336	38856	89438		Thñy TÆc	90	1
674	336	39380	89851		Thñy TÆc	90	1
674	336	40388	90072		Thñy TÆc	90	1
674	336	40186	89706		Thñy TÆc	90	1
674	336	40838	90100		Thñy TÆc	90	1
674	336	41252	90056		Thñy TÆc	90	1
674	336	41050	89690		Thñy TÆc	90	1
674	336	42448	90103		Thñy TÆc	90	1
674	336	42247	89687		Thñy TÆc	90	1
674	336	42660	89643		Thñy TÆc	90	1
674	336	42618	89163		Thñy TÆc	90	1
674	336	43419	89190		Thñy TÆc	90	1
674	336	43832	89146		Thñy TÆc	90	1
674	336	43619	89606		Thñy TÆc	90	1
674	336	44410	89605		Thñy TÆc	90	1
674	336	44824	89561		Thñy TÆc	90	1
674	336	44611	90021		Thñy TÆc	90	1
674	336	44622	89195		Thñy TÆc	90	1
674	336	46055	89610		Thñy TÆc	90	1
674	336	45843	90070		Thñy TÆc	90	1
674	336	45642	89654		Thñy TÆc	90	1
674	336	45854	89244		Thñy TÆc	90	1
674	336	46510	89726		Thñy TÆc	90	1
674	336	46309	89310		Thñy TÆc	90	1
674	336	46722	89266		Thñy TÆc	90	1
674	336	36030	90318		Thñy TÆc	90	1
674	336	36712	90880		Thñy TÆc	90	1
674	336	37125	90836		Thñy TÆc	90	1
674	336	36923	90471		Thñy TÆc	90	1
674	336	38140	91041		Thñy TÆc	90	1
674	336	39369	90677		Thñy TÆc	90	1
674	336	39168	90261		Thñy TÆc	90	1
674	336	39582	90217		Thñy TÆc	90	1
674	336	40175	90532		Thñy TÆc	90	1
674	336	39975	90116		Thñy TÆc	90	1
674	336	40691	90952		Thñy TÆc	90	1
674	336	41039	90516		Thñy TÆc	90	1
674	336	41592	90747		Thñy TÆc	90	1
674	336	41803	90337		Thñy TÆc	90	1
674	336	42005	90703		Thñy TÆc	90	1
674	336	42457	90834		Thñy TÆc	90	1
674	336	42871	90790		Thñy TÆc	90	1
674	336	42669	90424		Thñy TÆc	90	1
674	336	43401	91054		Thñy TÆc	90	1
674	336	43201	90638		Thñy TÆc	90	1
674	336	43412	90228		Thñy TÆc	90	1
674	336	43979	90820		Thñy TÆc	90	1
674	336	43614	90594		Thñy TÆc	90	1
674	336	44392	90776		Thñy TÆc	90	1
674	336	44191	90410		Thñy TÆc	90	1
674	336	35129	91584		Thñy TÆc	90	1
674	336	35543	91539		Thñy TÆc	90	1
674	336	35330	92000		Thñy TÆc	90	1
674	336	35341	91174		Thñy TÆc	90	1
674	336	36041	92030		Thñy TÆc	90	1
674	336	36253	91620		Thñy TÆc	90	1
674	336	36454	91986		Thñy TÆc	90	1
674	336	36912	91297		Thñy TÆc	90	1
674	336	38341	91406		Thñy TÆc	90	1
674	336	38129	91867		Thñy TÆc	90	1
674	336	37928	91450		Thñy TÆc	90	1
674	336	38918	92062		Thñy TÆc	90	1
674	336	39766	92144		Thñy TÆc	90	1
674	336	39565	91728		Thñy TÆc	90	1
674	336	39777	91318		Thñy TÆc	90	1
674	336	39978	91684		Thñy TÆc	90	1
674	336	40892	91318		Thñy TÆc	90	1
674	336	40680	91778		Thñy TÆc	90	1
674	336	40479	91362		Thñy TÆc	90	1
674	336	41793	91164		Thñy TÆc	90	1
674	336	42658	91250		Thñy TÆc	90	1
674	336	44180	91236		Thñy TÆc	90	1
708	336	47047	92009		L·nh Th­¬ng	90	1
707	336	47368	92068		ThÇn Tý 	90	1
707	336	47219	91756		ThÇn Tý 	90	1
707	336	47735	92129		ThÇn Tý 	90	1
708	336	48229	91939		L·nh Th­¬ng	90	1
707	336	48550	91997		ThÇn Tý 	90	1
707	336	48401	91686		ThÇn Tý 	90	1
708	336	48735	91538		L·nh Th­¬ng	90	1
708	336	48884	91850		L·nh Th­¬ng	90	1
707	336	49056	91597		ThÇn Tý 	90	1
707	336	48907	91285		ThÇn Tý 	90	1
708	336	49882	92039		L·nh Th­¬ng	90	1
707	336	50054	91786		ThÇn Tý 	90	1
708	336	50554	92139		L·nh Th­¬ng	90	1
707	336	50203	92097		ThÇn Tý 	90	1
707	336	50726	91886		ThÇn Tý 	90	1
674	336	35304	92837		Thñy TÆc	90	1
674	336	36242	92446		Thñy TÆc	90	1
674	336	36786	92979		Thñy TÆc	90	1
674	336	37199	92935		Thñy TÆc	90	1
674	336	36997	92569		Thñy TÆc	90	1
674	336	38369	92778		Thñy TÆc	90	1
674	336	37956	92822		Thñy TÆc	90	1
674	336	38168	92412		Thñy TÆc	90	1
674	336	38907	92888		Thñy TÆc	90	1
674	336	38706	92472		Thñy TÆc	90	1
674	336	39119	92428		Thñy TÆc	90	1
708	336	45867	92920		L·nh Th­¬ng	90	1
707	336	46039	92667		ThÇn Tý 	90	1
707	336	46188	92978		ThÇn Tý 	90	1
707	336	46504	92991		ThÇn Tý 	90	1
708	336	47196	92321		L·nh Th­¬ng	90	1
708	336	47563	92382		L·nh Th­¬ng	90	1
708	336	47712	92693		L·nh Th­¬ng	90	1
707	336	47884	92440		ThÇn Tý 	90	1
708	336	47874	93123		L·nh Th­¬ng	90	1
707	336	48046	92870		ThÇn Tý 	90	1
707	336	48195	93182		ThÇn Tý 	90	1
708	336	48577	93159		L·nh Th­¬ng	90	1
708	336	48379	92251		L·nh Th­¬ng	90	1
707	336	48749	92905		ThÇn Tý 	90	1
708	336	49139	92956		L·nh Th­¬ng	90	1
707	336	49460	93014		ThÇn Tý 	90	1
707	336	49311	92702		ThÇn Tý 	90	1
708	336	50031	92350		L·nh Th­¬ng	90	1
707	336	50589	92942		ThÇn Tý 	90	1
708	336	50703	92450		L·nh Th­¬ng	90	1
707	336	50875	92197		ThÇn Tý 	90	1
674	336	35293	93663		Thñy TÆc	90	1
674	336	35092	93247		Thñy TÆc	90	1
674	336	35432	94181		Thñy TÆc	90	1
674	336	35644	93771		Thñy TÆc	90	1
674	336	35505	93202		Thñy TÆc	90	1
674	336	35846	94137		Thñy TÆc	90	1
674	336	36557	93975		Thñy TÆc	90	1
674	336	36355	93609		Thñy TÆc	90	1
674	336	37037	93885		Thñy TÆc	90	1
674	336	36986	93395		Thñy TÆc	90	1
674	336	37703	94106		Thñy TÆc	90	1
674	336	38116	94062		Thñy TÆc	90	1
674	336	37914	93696		Thñy TÆc	90	1
674	336	38157	93239		Thñy TÆc	90	1
707	336	44182	93956		ThÇn Tý 	90	1
708	336	44615	93638		L·nh Th­¬ng	90	1
708	336	44764	93950		L·nh Th­¬ng	90	1
707	336	44936	93697		ThÇn Tý 	90	1
707	336	44787	93385		ThÇn Tý 	90	1
708	336	45251	93979		L·nh Th­¬ng	90	1
707	336	45422	93726		ThÇn Tý 	90	1
707	336	45572	94037		ThÇn Tý 	90	1
708	336	46016	93232		L·nh Th­¬ng	90	1
708	336	45909	94111		L·nh Th­¬ng	90	1
708	336	46332	93244		L·nh Th­¬ng	90	1
708	336	46481	93555		L·nh Th­¬ng	90	1
707	336	46230	94169		ThÇn Tý 	90	1
707	336	46081	93857		ThÇn Tý 	90	1
707	336	46653	93302		ThÇn Tý 	90	1
707	336	46670	94010		ThÇn Tý 	90	1
708	336	46939	93708		L·nh Th­¬ng	90	1
708	336	47089	94019		L·nh Th­¬ng	90	1
707	336	47260	93766		ThÇn Tý 	90	1
707	336	47111	93454		ThÇn Tý 	90	1
708	336	47605	93996		L·nh Th­¬ng	90	1
708	336	48023	93435		L·nh Th­¬ng	90	1
707	336	47926	94055		ThÇn Tý 	90	1
707	336	47777	93743		ThÇn Tý 	90	1
707	336	48386	94101		ThÇn Tý 	90	1
708	336	48726	93470		L·nh Th­¬ng	90	1
707	336	48898	93217		ThÇn Tý 	90	1
708	336	49288	93267		L·nh Th­¬ng	90	1
708	336	49961	93480		L·nh Th­¬ng	90	1
708	336	50110	93792		L·nh Th­¬ng	90	1
707	336	50133	93227		ThÇn Tý 	90	1
707	336	50282	93538		ThÇn Tý 	90	1
708	336	50417	93195		L·nh Th­¬ng	90	1
708	336	50566	93507		L·nh Th­¬ng	90	1
707	336	50738	93254		ThÇn Tý 	90	1
674	336	35633	94597		Thñy TÆc	90	1
674	336	36065	94942		Thñy TÆc	90	1
674	336	36277	94532		Thñy TÆc	90	1
674	336	36479	94898		Thñy TÆc	90	1
674	336	36889	94457		Thñy TÆc	90	1
674	336	37904	94522		Thñy TÆc	90	1
707	336	39313	95042		ThÇn Tý 	90	1
707	336	40044	95194		ThÇn Tý 	90	1
708	336	39970	94547		L·nh Th­¬ng	90	1
708	336	40119	94858		L·nh Th­¬ng	90	1
707	336	40291	94605		ThÇn Tý 	90	1
707	336	40141	94294		ThÇn Tý 	90	1
708	336	41506	94887		L·nh Th­¬ng	90	1
708	336	41655	95198		L·nh Th­¬ng	90	1
707	336	41827	94945		ThÇn Tý 	90	1
707	336	41677	94634		ThÇn Tý 	90	1
708	336	42158	94947		L·nh Th­¬ng	90	1
707	336	42479	95005		ThÇn Tý 	90	1
707	336	42330	94694		ThÇn Tý 	90	1
708	336	42814	94482		L·nh Th­¬ng	90	1
708	336	42963	94794		L·nh Th­¬ng	90	1
707	336	42986	94229		ThÇn Tý 	90	1
707	336	43135	94541		ThÇn Tý 	90	1
708	336	44010	94209		L·nh Th­¬ng	90	1
708	336	43635	94614		L·nh Th­¬ng	90	1
708	336	43784	94926		L·nh Th­¬ng	90	1
707	336	43956	94673		ThÇn Tý 	90	1
707	336	43807	94361		ThÇn Tý 	90	1
708	336	44159	94520		L·nh Th­¬ng	90	1
707	336	44331	94267		ThÇn Tý 	90	1
708	336	44806	95145		L·nh Th­¬ng	90	1
707	336	44978	94892		ThÇn Tý 	90	1
707	336	45127	95203		ThÇn Tý 	90	1
708	336	45400	94291		L·nh Th­¬ng	90	1
708	336	46058	94422		L·nh Th­¬ng	90	1
708	336	46498	94263		L·nh Th­¬ng	90	1
708	336	46648	94575		L·nh Th­¬ng	90	1
707	336	46819	94322		ThÇn Tý 	90	1
708	336	46933	95065		L·nh Th­¬ng	90	1
707	336	47254	95123		ThÇn Tý 	90	1
707	336	47105	94812		ThÇn Tý 	90	1
708	336	47754	94308		L·nh Th­¬ng	90	1
708	336	48214	94354		L·nh Th­¬ng	90	1
708	336	48363	94666		L·nh Th­¬ng	90	1
707	336	48535	94413		ThÇn Tý 	90	1
707	336	48559	95110		ThÇn Tý 	90	1
708	336	49219	94759		L·nh Th­¬ng	90	1
708	336	49368	95071		L·nh Th­¬ng	90	1
707	336	49540	94818		ThÇn Tý 	90	1
707	336	49391	94506		ThÇn Tý 	90	1
708	336	49990	94721		L·nh Th­¬ng	90	1
708	336	50139	95032		L·nh Th­¬ng	90	1
707	336	50162	94468		ThÇn Tý 	90	1
707	336	50662	95118		ThÇn Tý 	90	1
707	336	50311	94779		ThÇn Tý 	90	1
708	336	50680	94466		L·nh Th­¬ng	90	1
708	336	50829	94778		L·nh Th­¬ng	90	1
707	336	51000	94524		ThÇn Tý 	90	1
707	336	50851	94213		ThÇn Tý 	90	1
674	336	35323	96166		Thñy TÆc	90	1
674	336	35122	95750		Thñy TÆc	90	1
674	336	35536	95705		Thñy TÆc	90	1
674	336	35334	95340		Thñy TÆc	90	1
674	336	36266	95358		Thñy TÆc	90	1
708	336	39141	95295		L·nh Th­¬ng	90	1
708	336	39291	95607		L·nh Th­¬ng	90	1
707	336	39462	95353		ThÇn Tý 	90	1
707	336	39464	96158		ThÇn Tý 	90	1
708	336	39872	95448		L·nh Th­¬ng	90	1
708	336	40021	95759		L·nh Th­¬ng	90	1
707	336	40193	95506		ThÇn Tý 	90	1
707	336	40664	96006		ThÇn Tý 	90	1
708	336	41490	95882		L·nh Th­¬ng	90	1
708	336	41639	96194		L·nh Th­¬ng	90	1
707	336	41811	95941		ThÇn Tý 	90	1
707	336	41662	95629		ThÇn Tý 	90	1
708	336	42307	95259		L·nh Th­¬ng	90	1
708	336	42381	95796		L·nh Th­¬ng	90	1
708	336	42531	96107		L·nh Th­¬ng	90	1
707	336	42702	95854		ThÇn Tý 	90	1
707	336	42553	95543		ThÇn Tý 	90	1
707	336	43007	96189		ThÇn Tý 	90	1
708	336	43463	96191		L·nh Th­¬ng	90	1
707	336	43784	96249		ThÇn Tý 	90	1
707	336	43635	95938		ThÇn Tý 	90	1
708	336	44049	95674		L·nh Th­¬ng	90	1
708	336	44199	95986		L·nh Th­¬ng	90	1
707	336	44370	95733		ThÇn Tý 	90	1
707	336	44221	95421		ThÇn Tý 	90	1
708	336	44955	95456		L·nh Th­¬ng	90	1
708	336	47082	95376		L·nh Th­¬ng	90	1
708	336	47403	95751		L·nh Th­¬ng	90	1
708	336	47552	96062		L·nh Th­¬ng	90	1
707	336	47575	95498		ThÇn Tý 	90	1
707	336	47934	96008		ThÇn Tý 	90	1
707	336	47724	95809		ThÇn Tý 	90	1
708	336	48387	95363		L·nh Th­¬ng	90	1
708	336	48536	95674		L·nh Th­¬ng	90	1
707	336	48708	95421		ThÇn Tý 	90	1
708	336	50119	96096		L·nh Th­¬ng	90	1
708	336	50606	96211		L·nh Th­¬ng	90	1
707	336	50440	96155		ThÇn Tý 	90	1
707	336	50291	95843		ThÇn Tý 	90	1
708	336	50490	95371		L·nh Th­¬ng	90	1
708	336	50639	95683		L·nh Th­¬ng	90	1
707	336	50778	95958		ThÇn Tý 	90	1
707	336	50811	95430		ThÇn Tý 	90	1
674	336	35248	97070		Thñy TÆc	90	1
674	336	35662	97026		Thñy TÆc	90	1
674	336	35460	96660		Thñy TÆc	90	1
707	336	37977	97272		ThÇn Tý 	90	1
708	336	38518	96770		L·nh Th­¬ng	90	1
708	336	38667	97081		L·nh Th­¬ng	90	1
707	336	38839	96828		ThÇn Tý 	90	1
707	336	38690	96516		ThÇn Tý 	90	1
708	336	39292	96411		L·nh Th­¬ng	90	1
708	336	39441	96723		L·nh Th­¬ng	90	1
707	336	39613	96470		ThÇn Tý 	90	1
707	336	39552	97271		ThÇn Tý 	90	1
708	336	39811	96861		L·nh Th­¬ng	90	1
707	336	40295	97099		ThÇn Tý 	90	1
708	336	39960	97172		L·nh Th­¬ng	90	1
707	336	40132	96919		ThÇn Tý 	90	1
707	336	39983	96608		ThÇn Tý 	90	1
708	336	40492	96260		L·nh Th­¬ng	90	1
708	336	40641	96571		L·nh Th­¬ng	90	1
707	336	40813	96318		ThÇn Tý 	90	1
708	336	42135	96874		L·nh Th­¬ng	90	1
708	336	42284	97186		L·nh Th­¬ng	90	1
707	336	42456	96933		ThÇn Tý 	90	1
707	336	42306	96621		ThÇn Tý 	90	1
708	336	42835	96442		L·nh Th­¬ng	90	1
708	336	42984	96754		L·nh Th­¬ng	90	1
707	336	43156	96500		ThÇn Tý 	90	1
708	336	43299	97219		L·nh Th­¬ng	90	1
707	336	43471	96966		ThÇn Tý 	90	1
707	336	43620	97278		ThÇn Tý 	90	1
708	336	43863	97099		L·nh Th­¬ng	90	1
708	336	43612	96502		L·nh Th­¬ng	90	1
707	336	44184	97157		ThÇn Tý 	90	1
707	336	44035	96846		ThÇn Tý 	90	1
708	336	44611	97030		L·nh Th­¬ng	90	1
707	336	44932	97088		ThÇn Tý 	90	1
707	336	44783	96777		ThÇn Tý 	90	1
708	336	46404	96963		L·nh Th­¬ng	90	1
708	336	46554	97275		L·nh Th­¬ng	90	1
707	336	46576	96710		ThÇn Tý 	90	1
707	336	46725	97022		ThÇn Tý 	90	1
708	336	47762	96261		L·nh Th­¬ng	90	1
708	336	47911	96573		L·nh Th­¬ng	90	1
707	336	48083	96320		ThÇn Tý 	90	1
708	336	48552	96605		L·nh Th­¬ng	90	1
708	336	48702	96917		L·nh Th­¬ng	90	1
707	336	48873	96664		ThÇn Tý 	90	1
707	336	48724	96352		ThÇn Tý 	90	1
708	336	49510	96704		L·nh Th­¬ng	90	1
708	336	49660	97016		L·nh Th­¬ng	90	1
707	336	49831	96763		ThÇn Tý 	90	1
707	336	49682	96451		ThÇn Tý 	90	1
707	336	50309	97187		ThÇn Tý 	90	1
708	336	50598	97035		L·nh Th­¬ng	90	1
708	336	50268	96408		L·nh Th­¬ng	90	1
707	336	50919	97093		ThÇn Tý 	90	1
707	336	50770	96782		ThÇn Tý 	90	1
708	336	50755	96523		L·nh Th­¬ng	90	1
707	336	50927	96270		ThÇn Tý 	90	1
674	336	35449	97486		Thñy TÆc	90	1
708	336	37805	97525		L·nh Th­¬ng	90	1
708	336	37954	97837		L·nh Th­¬ng	90	1
707	336	38126	97583		ThÇn Tý 	90	1
707	336	38343	98181		ThÇn Tý 	90	1
707	336	38977	98094		ThÇn Tý 	90	1
708	336	39381	97524		L·nh Th­¬ng	90	1
708	336	39530	97835		L·nh Th­¬ng	90	1
707	336	39701	97582		ThÇn Tý 	90	1
707	336	39480	98245		ThÇn Tý 	90	1
708	336	40123	97352		L·nh Th­¬ng	90	1
708	336	40273	97664		L·nh Th­¬ng	90	1
707	336	40444	97411		ThÇn Tý 	90	1
708	336	41551	97793		L·nh Th­¬ng	90	1
708	336	41700	98104		L·nh Th­¬ng	90	1
707	336	41872	97851		ThÇn Tý 	90	1
707	336	41723	97540		ThÇn Tý 	90	1
707	336	42174	98295		ThÇn Tý 	90	1
707	336	43512	98245		ThÇn Tý 	90	1
708	336	43448	97531		L·nh Th­¬ng	90	1
708	336	44012	97410		L·nh Th­¬ng	90	1
708	336	44760	97341		L·nh Th­¬ng	90	1
708	336	45934	97772		L·nh Th­¬ng	90	1
708	336	46083	98083		L·nh Th­¬ng	90	1
707	336	46255	97830		ThÇn Tý 	90	1
707	336	46106	97519		ThÇn Tý 	90	1
708	336	46595	98162		L·nh Th­¬ng	90	1
707	336	46916	98220		ThÇn Tý 	90	1
707	336	46767	97908		ThÇn Tý 	90	1
708	336	47834	98282		L·nh Th­¬ng	90	1
707	336	48006	98029		ThÇn Tý 	90	1
708	336	48214	97579		L·nh Th­¬ng	90	1
708	336	48363	97891		L·nh Th­¬ng	90	1
707	336	48535	97638		ThÇn Tý 	90	1
707	336	48386	97326		ThÇn Tý 	90	1
708	336	49017	97589		L·nh Th­¬ng	90	1
708	336	49167	97901		L·nh Th­¬ng	90	1
707	336	49338	97647		ThÇn Tý 	90	1
707	336	49189	97336		ThÇn Tý 	90	1
707	336	50135	98139		ThÇn Tý 	90	1
708	336	50137	97440		L·nh Th­¬ng	90	1
708	336	50287	97751		L·nh Th­¬ng	90	1
707	336	50458	97498		ThÇn Tý 	90	1
708	336	50747	97346		L·nh Th­¬ng	90	1
708	336	35767	99222		L·nh Th­¬ng	90	1
707	336	36088	99280		ThÇn Tý 	90	1
707	336	35939	98969		ThÇn Tý 	90	1
708	336	36416	98836		L·nh Th­¬ng	90	1
708	336	36565	99147		L·nh Th­¬ng	90	1
707	336	36737	98894		ThÇn Tý 	90	1
707	336	36588	98582		ThÇn Tý 	90	1
708	336	37224	98960		L·nh Th­¬ng	90	1
708	336	37373	99271		L·nh Th­¬ng	90	1
707	336	37545	99018		ThÇn Tý 	90	1
707	336	37396	98706		ThÇn Tý 	90	1
708	336	38171	98434		L·nh Th­¬ng	90	1
708	336	38320	98746		L·nh Th­¬ng	90	1
707	336	38492	98492		ThÇn Tý 	90	1
708	336	38805	98347		L·nh Th­¬ng	90	1
708	336	38954	98659		L·nh Th­¬ng	90	1
707	336	39126	98406		ThÇn Tý 	90	1
708	336	39308	98499		L·nh Th­¬ng	90	1
708	336	39457	98810		L·nh Th­¬ng	90	1
707	336	39629	98557		ThÇn Tý 	90	1
707	336	39827	99310		ThÇn Tý 	90	1
708	336	40636	99090		L·nh Th­¬ng	90	1
707	336	40957	99149		ThÇn Tý 	90	1
707	336	40808	98837		ThÇn Tý 	90	1
708	336	41391	98711		L·nh Th­¬ng	90	1
708	336	41540	99022		L·nh Th­¬ng	90	1
707	336	41712	98769		ThÇn Tý 	90	1
707	336	41563	98458		ThÇn Tý 	90	1
708	336	42441	99033		L·nh Th­¬ng	90	1
708	336	42002	98548		L·nh Th­¬ng	90	1
708	336	42151	98860		L·nh Th­¬ng	90	1
707	336	42323	98607		ThÇn Tý 	90	1
707	336	42762	99092		ThÇn Tý 	90	1
707	336	42613	98780		ThÇn Tý 	90	1
708	336	42920	98834		L·nh Th­¬ng	90	1
708	336	43340	98499		L·nh Th­¬ng	90	1
708	336	43489	98810		L·nh Th­¬ng	90	1
708	336	43069	99146		L·nh Th­¬ng	90	1
707	336	43241	98893		ThÇn Tý 	90	1
707	336	43092	98581		ThÇn Tý 	90	1
707	336	43661	98557		ThÇn Tý 	90	1
707	336	43657	99252		ThÇn Tý 	90	1
708	336	44156	99245		L·nh Th­¬ng	90	1
707	336	44477	99304		ThÇn Tý 	90	1
707	336	44328	98992		ThÇn Tý 	90	1
708	336	44889	99289		L·nh Th­¬ng	90	1
707	336	45060	99036		ThÇn Tý 	90	1
708	336	45199	98715		L·nh Th­¬ng	90	1
708	336	45348	99027		L·nh Th­¬ng	90	1
707	336	45520	98774		ThÇn Tý 	90	1
707	336	45370	98462		ThÇn Tý 	90	1
708	336	45828	99096		L·nh Th­¬ng	90	1
707	336	46000	98842		ThÇn Tý 	90	1
707	336	46149	99154		ThÇn Tý 	90	1
708	336	46745	98473		L·nh Th­¬ng	90	1
708	336	47328	99115		L·nh Th­¬ng	90	1
707	336	47499	98862		ThÇn Tý 	90	1
707	336	47649	99174		ThÇn Tý 	90	1
708	336	47983	98593		L·nh Th­¬ng	90	1
707	336	48155	98340		ThÇn Tý 	90	1
708	336	48409	98576		L·nh Th­¬ng	90	1
708	336	48558	98887		L·nh Th­¬ng	90	1
707	336	48581	98322		ThÇn Tý 	90	1
707	336	48730	98634		ThÇn Tý 	90	1
708	336	49963	98392		L·nh Th­¬ng	90	1
708	336	50112	98704		L·nh Th­¬ng	90	1
708	336	50471	98576		L·nh Th­¬ng	90	1
708	336	50620	98887		L·nh Th­¬ng	90	1
707	336	50643	98323		ThÇn Tý 	90	1
707	336	50284	98451		ThÇn Tý 	90	1
707	336	50792	98634		ThÇn Tý 	90	1
708	336	35288	99634		L·nh Th­¬ng	90	1
708	336	35437	99946		L·nh Th­¬ng	90	1
707	336	35609	99693		ThÇn Tý 	90	1
707	336	35460	99381		ThÇn Tý 	90	1
708	336	35444	100331		L·nh Th­¬ng	90	1
707	336	35616	100077		ThÇn Tý 	90	1
707	336	36106	100099		ThÇn Tý 	90	1
708	336	35916	99533		L·nh Th­¬ng	90	1
708	336	36841	99676		L·nh Th­¬ng	90	1
708	336	36990	99988		L·nh Th­¬ng	90	1
707	336	37162	99734		ThÇn Tý 	90	1
707	336	37013	99423		ThÇn Tý 	90	1
708	336	38881	99771		L·nh Th­¬ng	90	1
707	336	38832	100225		ThÇn Tý 	90	1
708	336	39030	100083		L·nh Th­¬ng	90	1
707	336	39202	99829		ThÇn Tý 	90	1
707	336	39053	99518		ThÇn Tý 	90	1
708	336	39655	99563		L·nh Th­¬ng	90	1
708	336	39805	99875		L·nh Th­¬ng	90	1
708	336	40320	99677		L·nh Th­¬ng	90	1
707	336	39976	99622		ThÇn Tý 	90	1
707	336	40857	100101		ThÇn Tý 	90	1
708	336	40786	99402		L·nh Th­¬ng	90	1
708	336	40469	99988		L·nh Th­¬ng	90	1
707	336	40641	99735		ThÇn Tý 	90	1
707	336	40492	99424		ThÇn Tý 	90	1
708	336	41201	100251		L·nh Th­¬ng	90	1
707	336	41373	99997		ThÇn Tý 	90	1
708	336	41626	99728		L·nh Th­¬ng	90	1
708	336	41775	100039		L·nh Th­¬ng	90	1
707	336	41947	99786		ThÇn Tý 	90	1
707	336	41798	99474		ThÇn Tý 	90	1
707	336	41522	100309		ThÇn Tý 	90	1
708	336	42590	99345		L·nh Th­¬ng	90	1
707	336	42527	100195		ThÇn Tý 	90	1
708	336	43486	99506		L·nh Th­¬ng	90	1
707	336	43325	100108		ThÇn Tý 	90	1
708	336	43635	99817		L·nh Th­¬ng	90	1
707	336	43807	99564		ThÇn Tý 	90	1
708	336	44305	99557		L·nh Th­¬ng	90	1
708	336	44681	100350		L·nh Th­¬ng	90	1
707	336	44853	100097		ThÇn Tý 	90	1
708	336	45038	99601		L·nh Th­¬ng	90	1
708	336	45179	99904		L·nh Th­¬ng	90	1
708	336	45328	100216		L·nh Th­¬ng	90	1
707	336	45500	99962		ThÇn Tý 	90	1
707	336	45351	99651		ThÇn Tý 	90	1
707	336	45210	99348		ThÇn Tý 	90	1
708	336	45605	100243		L·nh Th­¬ng	90	1
707	336	45926	100302		ThÇn Tý 	90	1
707	336	45777	99990		ThÇn Tý 	90	1
708	336	45977	99407		L·nh Th­¬ng	90	1
708	336	46718	99644		L·nh Th­¬ng	90	1
708	336	46867	99955		L·nh Th­¬ng	90	1
707	336	47039	99702		ThÇn Tý 	90	1
707	336	46890	99391		ThÇn Tý 	90	1
708	336	47477	99427		L·nh Th­¬ng	90	1
708	336	48327	99767		L·nh Th­¬ng	90	1
708	336	48476	100078		L·nh Th­¬ng	90	1
707	336	48499	99514		ThÇn Tý 	90	1
707	336	48648	99825		ThÇn Tý 	90	1
708	336	49282	99645		L·nh Th­¬ng	90	1
708	336	49431	99957		L·nh Th­¬ng	90	1
707	336	49603	99703		ThÇn Tý 	90	1
707	336	49454	99392		ThÇn Tý 	90	1
708	336	50182	99893		L·nh Th­¬ng	90	1
708	336	50331	100205		L·nh Th­¬ng	90	1
707	336	50503	99951		ThÇn Tý 	90	1
707	336	50353	99640		ThÇn Tý 	90	1
708	336	50589	99717		L·nh Th­¬ng	90	1
708	336	50738	100029		L·nh Th­¬ng	90	1
707	336	50910	99775		ThÇn Tý 	90	1
707	336	50761	99464		ThÇn Tý 	90	1
708	336	35594	100642		L·nh Th­¬ng	90	1
707	336	35765	100389		ThÇn Tý 	90	1
708	336	35934	100352		L·nh Th­¬ng	90	1
708	336	36083	100663		L·nh Th­¬ng	90	1
707	336	36255	100410		ThÇn Tý 	90	1
707	336	36425	101236		ThÇn Tý 	90	1
707	336	37001	101265		ThÇn Tý 	90	1
707	336	37970	101314		ThÇn Tý 	90	1
708	336	38660	100478		L·nh Th­¬ng	90	1
708	336	38809	100790		L·nh Th­¬ng	90	1
707	336	38989	101362		ThÇn Tý 	90	1
707	336	38981	100537		ThÇn Tý 	90	1
707	336	39997	101184		ThÇn Tý 	90	1
708	336	40686	100354		L·nh Th­¬ng	90	1
708	336	40835	100665		L·nh Th­¬ng	90	1
707	336	41007	100412		ThÇn Tý 	90	1
708	336	41350	100562		L·nh Th­¬ng	90	1
707	336	42141	101340		ThÇn Tý 	90	1
708	336	42355	100448		L·nh Th­¬ng	90	1
708	336	42504	100760		L·nh Th­¬ng	90	1
707	336	42676	100507		ThÇn Tý 	90	1
708	336	43153	100362		L·nh Th­¬ng	90	1
708	336	43302	100673		L·nh Th­¬ng	90	1
707	336	43474	100420		ThÇn Tý 	90	1
708	336	43897	100791		L·nh Th­¬ng	90	1
708	336	44046	101102		L·nh Th­¬ng	90	1
707	336	44218	100849		ThÇn Tý 	90	1
707	336	44069	100538		ThÇn Tý 	90	1
708	336	44830	100661		L·nh Th­¬ng	90	1
707	336	45002	100408		ThÇn Tý 	90	1
708	336	45238	100819		L·nh Th­¬ng	90	1
708	336	45387	101131		L·nh Th­¬ng	90	1
707	336	45559	100878		ThÇn Tý 	90	1
707	336	45409	100566		ThÇn Tý 	90	1
708	336	45754	100555		L·nh Th­¬ng	90	1
708	336	48684	100719		L·nh Th­¬ng	90	1
708	336	48833	101030		L·nh Th­¬ng	90	1
707	336	49005	100777		ThÇn Tý 	90	1
707	336	48856	100466		ThÇn Tý 	90	1
708	336	49254	100978		L·nh Th­¬ng	90	1
708	336	49403	101289		L·nh Th­¬ng	90	1
707	336	49575	101036		ThÇn Tý 	90	1
707	336	49425	100724		ThÇn Tý 	90	1
708	336	49920	101064		L·nh Th­¬ng	90	1
708	336	50069	101375		L·nh Th­¬ng	90	1
707	336	50092	100811		ThÇn Tý 	90	1
707	336	50241	101122		ThÇn Tý 	90	1
708	336	50648	101163		L·nh Th­¬ng	90	1
707	336	50969	101221		ThÇn Tý 	90	1
707	336	50820	100910		ThÇn Tý 	90	1
708	336	36253	101489		L·nh Th­¬ng	90	1
708	336	36403	101800		L·nh Th­¬ng	90	1
707	336	36574	101547		ThÇn Tý 	90	1
708	336	36830	101518		L·nh Th­¬ng	90	1
708	336	36979	101829		L·nh Th­¬ng	90	1
707	336	37151	101576		ThÇn Tý 	90	1
708	336	37798	101567		L·nh Th­¬ng	90	1
708	336	37947	101878		L·nh Th­¬ng	90	1
707	336	38119	101625		ThÇn Tý 	90	1
708	336	38817	101616		L·nh Th­¬ng	90	1
708	336	38966	101927		L·nh Th­¬ng	90	1
707	336	39138	101674		ThÇn Tý 	90	1
708	336	39825	101437		L·nh Th­¬ng	90	1
708	336	39974	101749		L·nh Th­¬ng	90	1
707	336	40146	101495		ThÇn Tý 	90	1
708	336	40726	101860		L·nh Th­¬ng	90	1
708	336	40875	102172		L·nh Th­¬ng	90	1
707	336	40897	101607		ThÇn Tý 	90	1
707	336	41046	101919		ThÇn Tý 	90	1
708	336	41350	101873		L·nh Th­¬ng	90	1
708	336	41499	102184		L·nh Th­¬ng	90	1
707	336	41671	101931		ThÇn Tý 	90	1
707	336	41522	101620		ThÇn Tý 	90	1
708	336	41969	101593		L·nh Th­¬ng	90	1
708	336	42118	101905		L·nh Th­¬ng	90	1
707	336	42290	101652		ThÇn Tý 	90	1
708	336	42802	101876		L·nh Th­¬ng	90	1
708	336	42951	102187		L·nh Th­¬ng	90	1
707	336	42974	101623		ThÇn Tý 	90	1
707	336	43123	101934		ThÇn Tý 	90	1
708	336	43700	102057		L·nh Th­¬ng	90	1
708	336	43850	102369		L·nh Th­¬ng	90	1
707	336	44021	102115		ThÇn Tý 	90	1
707	336	43872	101804		ThÇn Tý 	90	1
708	336	44470	101858		L·nh Th­¬ng	90	1
708	336	44619	102170		L·nh Th­¬ng	90	1
707	336	44791	101917		ThÇn Tý 	90	1
707	336	44641	101605		ThÇn Tý 	90	1
708	336	45214	101919		L·nh Th­¬ng	90	1
708	336	45363	102231		L·nh Th­¬ng	90	1
707	336	45535	101978		ThÇn Tý 	90	1
707	336	45386	101666		ThÇn Tý 	90	1
708	336	45961	101752		L·nh Th­¬ng	90	1
708	336	46110	102063		L·nh Th­¬ng	90	1
707	336	46282	101810		ThÇn Tý 	90	1
707	336	46133	101499		ThÇn Tý 	90	1
708	336	46742	101646		L·nh Th­¬ng	90	1
708	336	46892	101957		L·nh Th­¬ng	90	1
707	336	47063	101704		ThÇn Tý 	90	1
707	336	46914	101393		ThÇn Tý 	90	1
708	336	50797	101475		L·nh Th­¬ng	90	1