NpcID	MapID	PosX	PosY	ScriptFile	NpcName	Level	IsLoad
706	340	40386	87953		M¹c TÆc	95	1
705	340	40440	87447		Sa §¹o	95	1
704	340	40263	87673		TÈu Th¹ch	95	1
703	340	40698	87705		Phi Sa	95	1
706	340	40613	87483		M¹c TÆc	95	1
705	340	40579	88050		Sa §¹o	95	1
704	340	40939	87402		TÈu Th¹ch	95	1
703	340	41374	87434		Phi Sa	95	1
706	340	41288	87212		M¹c TÆc	95	1
705	340	41254	87779		Sa §¹o	95	1
706	340	41062	87682		M¹c TÆc	95	1
705	340	41115	87176		Sa §¹o	95	1
706	340	41915	87180		M¹c TÆc	95	1
705	340	41881	87747		Sa §¹o	95	1
706	340	41689	87650		M¹c TÆc	95	1
705	340	41743	87144		Sa §¹o	95	1
704	340	41566	87370		TÈu Th¹ch	95	1
703	340	42001	87402		Phi Sa	95	1
706	340	42329	87756		M¹c TÆc	95	1
705	340	42383	87250		Sa §¹o	95	1
704	340	42206	87476		TÈu Th¹ch	95	1
703	340	42641	87508		Phi Sa	95	1
706	340	42556	87286		M¹c TÆc	95	1
705	340	42522	87853		Sa §¹o	95	1
704	340	42940	87750		TÈu Th¹ch	95	1
703	340	43375	87782		Phi Sa	95	1
706	340	43289	87560		M¹c TÆc	95	1
706	340	43063	88030		M¹c TÆc	95	1
705	340	43116	87524		Sa §¹o	95	1
704	340	43744	87955		TÈu Th¹ch	95	1
705	340	43898	87849		Sa §¹o	95	1
703	340	44179	87987		Phi Sa	95	1
706	340	44094	87765		M¹c TÆc	95	1
706	340	45057	88044		M¹c TÆc	95	1
703	340	53610	87927		Phi Sa	95	1
704	340	53320	87969		TÈu Th¹ch	95	1
704	340	54170	87917		TÈu Th¹ch	95	1
703	340	54469	88009		Phi Sa	95	1
703	340	59281	87654		Phi Sa	95	1
704	340	58992	87696		TÈu Th¹ch	95	1
706	340	59213	88008		M¹c TÆc	95	1
705	340	59076	87881		Sa §¹o	95	1
704	340	59651	88021		TÈu Th¹ch	95	1
703	340	59941	87978		Phi Sa	95	1
706	340	40954	88642		M¹c TÆc	95	1
704	340	40831	88362		TÈu Th¹ch	95	1
703	340	41266	88394		Phi Sa	95	1
706	340	41180	88172		M¹c TÆc	95	1
705	340	40972	88072		Sa §¹o	95	1
705	340	41172	88723		Sa §¹o	95	1
705	340	43255	88127		Sa §¹o	95	1
706	340	43867	88235		M¹c TÆc	95	1
705	340	44060	88332		Sa §¹o	95	1
706	340	44506	88684		M¹c TÆc	95	1
705	340	44334	88648		Sa §¹o	95	1
704	340	44157	88874		TÈu Th¹ch	95	1
703	340	44592	88906		Phi Sa	95	1
705	340	45023	88611		Sa §¹o	95	1
706	340	44830	88514		M¹c TÆc	95	1
704	340	44707	88234		TÈu Th¹ch	95	1
705	340	44851	88070		Sa §¹o	95	1
703	340	45142	88266		Phi Sa	95	1
706	340	45295	89000		M¹c TÆc	95	1
705	340	45123	88964		Sa §¹o	95	1
703	340	46024	88595		Phi Sa	95	1
705	340	45905	88940		Sa §¹o	95	1
706	340	45712	88843		M¹c TÆc	95	1
704	340	45589	88563		TÈu Th¹ch	95	1
706	340	45936	88415		M¹c TÆc	95	1
705	340	45735	88271		Sa §¹o	95	1
706	340	46538	89077		M¹c TÆc	95	1
705	340	46591	88571		Sa §¹o	95	1
704	340	46414	88797		TÈu Th¹ch	95	1
703	340	46850	88829		Phi Sa	95	1
706	340	46764	88607		M¹c TÆc	95	1
704	340	48037	89075		TÈu Th¹ch	95	1
706	340	48386	88885		M¹c TÆc	95	1
705	340	48213	88849		Sa §¹o	95	1
706	340	50820	89034		M¹c TÆc	95	1
705	340	50873	88528		Sa §¹o	95	1
704	340	50697	88754		TÈu Th¹ch	95	1
706	340	51034	88431		M¹c TÆc	95	1
703	340	51177	88954		Phi Sa	95	1
706	340	51608	88798		M¹c TÆc	95	1
704	340	51485	88518		TÈu Th¹ch	95	1
705	340	51630	88329		Sa §¹o	95	1
703	340	51920	88550		Phi Sa	95	1
706	340	51834	88328		M¹c TÆc	95	1
705	340	51800	88895		Sa §¹o	95	1
703	340	52680	88989		Phi Sa	95	1
706	340	52594	88767		M¹c TÆc	95	1
705	340	52421	88731		Sa §¹o	95	1
704	340	52245	88957		TÈu Th¹ch	95	1
704	340	52620	88380		TÈu Th¹ch	95	1
703	340	53056	88412		Phi Sa	95	1
706	340	52970	88190		M¹c TÆc	95	1
705	340	52936	88757		Sa §¹o	95	1
706	340	52744	88660		M¹c TÆc	95	1
705	340	52797	88154		Sa §¹o	95	1
704	340	53686	88369		TÈu Th¹ch	95	1
703	340	53283	88418		Phi Sa	95	1
706	340	53541	88281		M¹c TÆc	95	1
705	340	53404	88154		Sa §¹o	95	1
703	340	53652	88782		Phi Sa	95	1
704	340	53363	88824		TÈu Th¹ch	95	1
705	340	53447	89009		Sa §¹o	95	1
704	340	54248	88961		TÈu Th¹ch	95	1
703	340	54142	88500		Phi Sa	95	1
705	340	54257	88303		Sa §¹o	95	1
703	340	54538	88918		Phi Sa	95	1
704	340	54545	88451		TÈu Th¹ch	95	1
706	340	54400	88363		M¹c TÆc	95	1
703	340	55257	88768		Phi Sa	95	1
704	340	55293	88319		TÈu Th¹ch	95	1
706	340	54917	88365		M¹c TÆc	95	1
704	340	55659	88719		TÈu Th¹ch	95	1
703	340	55583	88277		Phi Sa	95	1
705	340	55378	88504		Sa §¹o	95	1
703	340	56086	89025		Phi Sa	95	1
704	340	56122	88577		TÈu Th¹ch	95	1
705	340	55954	88658		Sa §¹o	95	1
703	340	56412	88535		Phi Sa	95	1
706	340	56343	88889		M¹c TÆc	95	1
704	340	57243	88885		TÈu Th¹ch	95	1
703	340	56840	88933		Phi Sa	95	1
703	340	57167	88443		Phi Sa	95	1
704	340	56877	88485		TÈu Th¹ch	95	1
706	340	57098	88797		M¹c TÆc	95	1
705	340	56961	88670		Sa §¹o	95	1
703	340	57617	88865		Phi Sa	95	1
704	340	57654	88416		TÈu Th¹ch	95	1
705	340	57738	88601		Sa §¹o	95	1
704	340	58020	88816		TÈu Th¹ch	95	1
703	340	57944	88374		Phi Sa	95	1
706	340	57875	88728		M¹c TÆc	95	1
703	340	58240	88674		Phi Sa	95	1
704	340	58276	88225		TÈu Th¹ch	95	1
705	340	58361	88410		Sa §¹o	95	1
704	340	58812	88778		TÈu Th¹ch	95	1
704	340	58642	88625		TÈu Th¹ch	95	1
703	340	58566	88183		Phi Sa	95	1
706	340	58498	88537		M¹c TÆc	95	1
705	340	58897	88963		Sa §¹o	95	1
703	340	59102	88736		Phi Sa	95	1
704	340	59357	88096		TÈu Th¹ch	95	1
703	340	58955	88145		Phi Sa	95	1
703	340	59614	88469		Phi Sa	95	1
706	340	59872	88333		M¹c TÆc	95	1
705	340	59735	88205		Sa §¹o	95	1
704	340	60017	88420		TÈu Th¹ch	95	1
705	340	40217	89920		Sa §¹o	95	1
706	340	40390	89956		M¹c TÆc	95	1
705	340	41314	89749		Sa §¹o	95	1
704	340	41138	89975		TÈu Th¹ch	95	1
703	340	41573	90007		Phi Sa	95	1
706	340	41487	89785		M¹c TÆc	95	1
705	340	42324	89983		Sa §¹o	95	1
703	340	42444	89638		Phi Sa	95	1
706	340	42132	89886		M¹c TÆc	95	1
705	340	42186	89380		Sa §¹o	95	1
706	340	42358	89416		M¹c TÆc	95	1
704	340	42009	89606		TÈu Th¹ch	95	1
705	340	42956	89798		Sa §¹o	95	1
706	340	42764	89701		M¹c TÆc	95	1
705	340	42817	89195		Sa §¹o	95	1
706	340	42990	89231		M¹c TÆc	95	1
704	340	42641	89421		TÈu Th¹ch	95	1
703	340	43076	89453		Phi Sa	95	1
705	340	43271	89652		Sa §¹o	95	1
706	340	43444	89688		M¹c TÆc	95	1
704	340	43095	89878		TÈu Th¹ch	95	1
703	340	43530	89910		Phi Sa	95	1
705	340	44472	89251		Sa §¹o	95	1
706	340	44280	89154		M¹c TÆc	95	1
704	340	44946	89190		TÈu Th¹ch	95	1
703	340	45381	89222		Phi Sa	95	1
705	340	45261	89568		Sa §¹o	95	1
706	340	45069	89470		M¹c TÆc	95	1
704	340	45466	89610		TÈu Th¹ch	95	1
703	340	45901	89643		Phi Sa	95	1
706	340	45815	89421		M¹c TÆc	95	1
705	340	45781	89988		Sa §¹o	95	1
706	340	45589	89890		M¹c TÆc	95	1
705	340	45643	89385		Sa §¹o	95	1
705	340	46563	90071		Sa §¹o	95	1
706	340	46370	89974		M¹c TÆc	95	1
705	340	46424	89468		Sa §¹o	95	1
704	340	46247	89694		TÈu Th¹ch	95	1
705	340	46730	89175		Sa §¹o	95	1
703	340	46682	89726		Phi Sa	95	1
706	340	46597	89504		M¹c TÆc	95	1
706	340	47425	89881		M¹c TÆc	95	1
705	340	47478	89375		Sa §¹o	95	1
704	340	47302	89601		TÈu Th¹ch	95	1
703	340	47737	89633		Phi Sa	95	1
706	340	47651	89411		M¹c TÆc	95	1
705	340	47617	89978		Sa §¹o	95	1
704	340	48127	90067		TÈu Th¹ch	95	1
703	340	48472	89107		Phi Sa	95	1
705	340	48352	89452		Sa §¹o	95	1
706	340	48160	89355		M¹c TÆc	95	1
703	340	48563	90099		Phi Sa	95	1
706	340	48477	89877		M¹c TÆc	95	1
705	340	48304	89841		Sa §¹o	95	1
706	340	49042	89831		M¹c TÆc	95	1
705	340	49095	89325		Sa §¹o	95	1
704	340	48919	89551		TÈu Th¹ch	95	1
703	340	49354	89583		Phi Sa	95	1
706	340	49268	89361		M¹c TÆc	95	1
705	340	49321	89948		Sa §¹o	95	1
706	340	50122	89851		M¹c TÆc	95	1
704	340	49999	89571		TÈu Th¹ch	95	1
703	340	50434	89603		Phi Sa	95	1
706	340	50348	89381		M¹c TÆc	95	1
705	340	50314	89948		Sa §¹o	95	1
705	340	50176	89345		Sa §¹o	95	1
706	340	51125	89358		M¹c TÆc	95	1
705	340	51091	89925		Sa §¹o	95	1
706	340	50899	89828		M¹c TÆc	95	1
705	340	50952	89322		Sa §¹o	95	1
704	340	50776	89548		TÈu Th¹ch	95	1
705	340	51012	89131		Sa §¹o	95	1
703	340	51211	89580		Phi Sa	95	1
706	340	51651	89645		M¹c TÆc	95	1
705	340	51704	89139		Sa §¹o	95	1
704	340	51503	89285		TÈu Th¹ch	95	1
703	340	51963	89397		Phi Sa	95	1
706	340	51877	89175		M¹c TÆc	95	1
705	340	51843	89743		Sa §¹o	95	1
705	340	52560	89334		Sa §¹o	95	1
706	340	52368	89237		M¹c TÆc	95	1
704	340	53728	89224		TÈu Th¹ch	95	1
703	340	53326	89273		Phi Sa	95	1
706	340	53584	89136		M¹c TÆc	95	1
704	340	53546	89696		TÈu Th¹ch	95	1
705	340	53630	89880		Sa §¹o	95	1
703	340	54212	89409		Phi Sa	95	1
704	340	53912	90095		TÈu Th¹ch	95	1
703	340	53836	89653		Phi Sa	95	1
706	340	53766	89907		M¹c TÆc	95	1
703	340	54682	89813		Phi Sa	95	1
704	340	54392	89855		TÈu Th¹ch	95	1
705	340	54476	90040		Sa §¹o	95	1
704	340	54614	89360		TÈu Th¹ch	95	1
705	340	54333	89145		Sa §¹o	95	1
706	340	54458	89408		M¹c TÆc	95	1
703	340	55280	89633		Phi Sa	95	1
704	340	55041	89567		TÈu Th¹ch	95	1
704	340	55682	89584		TÈu Th¹ch	95	1
703	340	55606	89142		Phi Sa	95	1
706	340	55538	89497		M¹c TÆc	95	1
705	340	55401	89369		Sa §¹o	95	1
703	340	56089	89946		Phi Sa	95	1
704	340	56126	89498		TÈu Th¹ch	95	1
705	340	56210	89682		Sa §¹o	95	1
704	340	56492	89897		TÈu Th¹ch	95	1
703	340	56416	89455		Phi Sa	95	1
706	340	56347	89810		M¹c TÆc	95	1
704	340	56646	89311		TÈu Th¹ch	95	1
704	340	57225	89701		TÈu Th¹ch	95	1
705	340	57309	89886		Sa §¹o	95	1
704	340	57591	90101		TÈu Th¹ch	95	1
703	340	57515	89659		Phi Sa	95	1
706	340	57446	90013		M¹c TÆc	95	1
703	340	58312	89934		Phi Sa	95	1
704	340	58022	89976		TÈu Th¹ch	95	1
704	340	58280	89580		TÈu Th¹ch	95	1
703	340	57878	89629		Phi Sa	95	1
703	340	58204	89138		Phi Sa	95	1
704	340	57914	89180		TÈu Th¹ch	95	1
706	340	58136	89492		M¹c TÆc	95	1
705	340	57999	89365		Sa §¹o	95	1
704	340	58833	89832		TÈu Th¹ch	95	1
703	340	58776	89227		Phi Sa	95	1
703	340	59123	89789		Phi Sa	95	1
705	340	58918	90016		Sa §¹o	95	1
704	340	59178	89178		TÈu Th¹ch	95	1
706	340	59034	89090		M¹c TÆc	95	1
705	340	59781	89707		Sa §¹o	95	1
704	340	59605	89933		TÈu Th¹ch	95	1
703	340	60040	89965		Phi Sa	95	1
706	340	59954	89743		M¹c TÆc	95	1
705	340	40210	90747		Sa §¹o	95	1
706	340	40383	90783		M¹c TÆc	95	1
704	340	40034	90973		TÈu Th¹ch	95	1
705	340	40356	90524		Sa §¹o	95	1
706	340	40163	90426		M¹c TÆc	95	1
704	340	40040	90146		TÈu Th¹ch	95	1
703	340	40469	91005		Phi Sa	95	1
703	340	40475	90178		Phi Sa	95	1
705	340	41057	90915		Sa §¹o	95	1
706	340	41230	90951		M¹c TÆc	95	1
705	340	41453	90352		Sa §¹o	95	1
706	340	41261	90255		M¹c TÆc	95	1
706	340	41930	90663		M¹c TÆc	95	1
705	340	41983	90157		Sa §¹o	95	1
704	340	41806	90383		TÈu Th¹ch	95	1
705	340	42122	90760		Sa §¹o	95	1
703	340	42242	90415		Phi Sa	95	1
706	340	42156	90193		M¹c TÆc	95	1
704	340	42430	90758		TÈu Th¹ch	95	1
705	340	42745	91135		Sa §¹o	95	1
703	340	42865	90790		Phi Sa	95	1
706	340	42553	91038		M¹c TÆc	95	1
705	340	42606	90532		Sa §¹o	95	1
706	340	42779	90568		M¹c TÆc	95	1
705	340	43410	90255		Sa §¹o	95	1
706	340	43218	90158		M¹c TÆc	95	1
706	340	43245	91041		M¹c TÆc	95	1
705	340	43299	90535		Sa §¹o	95	1
706	340	43471	90571		M¹c TÆc	95	1
704	340	43122	90761		TÈu Th¹ch	95	1
703	340	43557	90793		Phi Sa	95	1
703	340	44537	91057		Phi Sa	95	1
705	340	44279	90799		Sa §¹o	95	1
706	340	44452	90835		M¹c TÆc	95	1
704	340	44102	91025		TÈu Th¹ch	95	1
704	340	46986	90415		TÈu Th¹ch	95	1
703	340	47421	90447		Phi Sa	95	1
706	340	47336	90225		M¹c TÆc	95	1
705	340	47302	90792		Sa §¹o	95	1
706	340	47109	90695		M¹c TÆc	95	1
705	340	47163	90189		Sa §¹o	95	1
705	340	48443	90445		Sa §¹o	95	1
706	340	48251	90347		M¹c TÆc	95	1
706	340	48964	90847		M¹c TÆc	95	1
705	340	49017	90341		Sa §¹o	95	1
704	340	48840	90567		TÈu Th¹ch	95	1
703	340	49276	90599		Phi Sa	95	1
706	340	49190	90377		M¹c TÆc	95	1
705	340	49156	90945		Sa §¹o	95	1
703	340	53509	90144		Phi Sa	95	1
703	340	53947	91116		Phi Sa	95	1
704	340	54758	90255		TÈu Th¹ch	95	1
703	340	54355	90304		Phi Sa	95	1
706	340	54613	90167		M¹c TÆc	95	1
703	340	55221	90643		Phi Sa	95	1
704	340	55257	90195		TÈu Th¹ch	95	1
704	340	55623	90595		TÈu Th¹ch	95	1
703	340	55547	90153		Phi Sa	95	1
706	340	55478	90507		M¹c TÆc	95	1
705	340	55342	90380		Sa §¹o	95	1
703	340	56260	90899		Phi Sa	95	1
704	340	56715	90835		TÈu Th¹ch	95	1
703	340	56639	90393		Phi Sa	95	1
704	340	56349	90436		TÈu Th¹ch	95	1
706	340	56570	90748		M¹c TÆc	95	1
705	340	56434	90620		Sa §¹o	95	1
703	340	57331	91027		Phi Sa	95	1
704	340	57042	91070		TÈu Th¹ch	95	1
703	340	57188	90149		Phi Sa	95	1
703	340	57986	90425		Phi Sa	95	1
705	340	58107	90161		Sa §¹o	95	1
703	340	58184	90747		Phi Sa	95	1
704	340	57894	90790		TÈu Th¹ch	95	1
705	340	57979	90974		Sa §¹o	95	1
703	340	58797	90280		Phi Sa	95	1
704	340	58704	90535		TÈu Th¹ch	95	1
705	340	58609	91106		Sa §¹o	95	1
704	340	58485	90725		TÈu Th¹ch	95	1
706	340	58423	90440		M¹c TÆc	95	1
703	340	59286	91024		Phi Sa	95	1
704	340	59199	90231		TÈu Th¹ch	95	1
706	340	59054	90144		M¹c TÆc	95	1
704	340	59070	90934		TÈu Th¹ch	95	1
703	340	58994	90492		Phi Sa	95	1
706	340	58926	90847		M¹c TÆc	95	1
706	340	59728	90213		M¹c TÆc	95	1
703	340	59845	90845		Phi Sa	95	1
706	340	59759	90623		M¹c TÆc	95	1
705	340	59587	90587		Sa §¹o	95	1
704	340	59410	90813		TÈu Th¹ch	95	1
703	340	60336	90314		Phi Sa	95	1
706	340	60268	90669		M¹c TÆc	95	1
704	340	60046	90357		TÈu Th¹ch	95	1
705	340	60131	90541		Sa §¹o	95	1
703	340	60010	90805		Phi Sa	95	1
704	340	60412	90756		TÈu Th¹ch	95	1
705	340	59920	90310		Sa §¹o	95	1
705	340	40225	92115		Sa §¹o	95	1
706	340	40397	92151		M¹c TÆc	95	1
705	340	40349	91350		Sa §¹o	95	1
706	340	40157	91253		M¹c TÆc	95	1
705	340	40791	91733		Sa §¹o	95	1
704	340	40614	91959		TÈu Th¹ch	95	1
704	340	40881	91141		TÈu Th¹ch	95	1
703	340	41049	91991		Phi Sa	95	1
706	340	40963	91769		M¹c TÆc	95	1
705	340	41196	91518		Sa §¹o	95	1
703	340	41316	91173		Phi Sa	95	1
706	340	41004	91421		M¹c TÆc	95	1
705	340	41668	92130		Sa §¹o	95	1
706	340	42927	92022		M¹c TÆc	95	1
705	340	42981	91516		Sa §¹o	95	1
704	340	42804	91742		TÈu Th¹ch	95	1
705	340	43437	91138		Sa §¹o	95	1
705	340	43120	92119		Sa §¹o	95	1
703	340	43239	91774		Phi Sa	95	1
706	340	43154	91552		M¹c TÆc	95	1
704	340	43432	91654		TÈu Th¹ch	95	1
705	340	43747	92031		Sa §¹o	95	1
703	340	43867	91686		Phi Sa	95	1
706	340	43555	91934		M¹c TÆc	95	1
705	340	43608	91428		Sa §¹o	95	1
706	340	43781	91464		M¹c TÆc	95	1
705	340	44418	91402		Sa §¹o	95	1
706	340	44225	91305		M¹c TÆc	95	1
705	340	44450	91684		Sa §¹o	95	1
704	340	44274	91910		TÈu Th¹ch	95	1
704	340	45009	91936		TÈu Th¹ch	95	1
703	340	44709	91942		Phi Sa	95	1
706	340	44623	91720		M¹c TÆc	95	1
703	340	45444	91968		Phi Sa	95	1
705	340	45185	91710		Sa §¹o	95	1
706	340	45358	91746		M¹c TÆc	95	1
706	340	45817	92091		M¹c TÆc	95	1
705	340	45870	91585		Sa §¹o	95	1
706	340	46043	91621		M¹c TÆc	95	1
704	340	45693	91811		TÈu Th¹ch	95	1
703	340	46129	91843		Phi Sa	95	1
705	340	47257	92069		Sa §¹o	95	1
706	340	47430	92105		M¹c TÆc	95	1
704	340	48064	92101		TÈu Th¹ch	95	1
703	340	48499	92133		Phi Sa	95	1
705	340	48241	91875		Sa §¹o	95	1
706	340	48413	91911		M¹c TÆc	95	1
704	340	50149	91754		TÈu Th¹ch	95	1
705	340	50465	92131		Sa §¹o	95	1
703	340	50585	91786		Phi Sa	95	1
706	340	50273	92034		M¹c TÆc	95	1
705	340	50326	91528		Sa §¹o	95	1
706	340	50499	91564		M¹c TÆc	95	1
705	340	51063	91901		Sa §¹o	95	1
703	340	51182	91556		Phi Sa	95	1
706	340	50870	91804		M¹c TÆc	95	1
705	340	50924	91298		Sa §¹o	95	1
706	340	51097	91334		M¹c TÆc	95	1
704	340	50747	91524		TÈu Th¹ch	95	1
705	340	51687	91740		Sa §¹o	95	1
704	340	51511	91966		TÈu Th¹ch	95	1
703	340	51946	91998		Phi Sa	95	1
706	340	51860	91776		M¹c TÆc	95	1
704	340	52113	91647		TÈu Th¹ch	95	1
705	340	52428	92025		Sa §¹o	95	1
703	340	52548	91679		Phi Sa	95	1
706	340	52236	91927		M¹c TÆc	95	1
705	340	52289	91421		Sa §¹o	95	1
706	340	52462	91457		M¹c TÆc	95	1
704	340	53146	91990		TÈu Th¹ch	95	1
703	340	52743	92039		Phi Sa	95	1
703	340	53070	91548		Phi Sa	95	1
704	340	52780	91591		TÈu Th¹ch	95	1
706	340	53001	91903		M¹c TÆc	95	1
705	340	52864	91775		Sa §¹o	95	1
704	340	53748	92121		TÈu Th¹ch	95	1
703	340	53621	91607		Phi Sa	95	1
704	340	53658	91158		TÈu Th¹ch	95	1
705	340	53742	91343		Sa §¹o	95	1
703	340	54038	92078		Phi Sa	95	1
704	340	54024	91558		TÈu Th¹ch	95	1
706	340	53879	91470		M¹c TÆc	95	1
704	340	55697	91756		TÈu Th¹ch	95	1
705	340	55782	91941		Sa §¹o	95	1
703	340	55987	91714		Phi Sa	95	1
706	340	55919	92068		M¹c TÆc	95	1
703	340	57005	91518		Phi Sa	95	1
705	340	57126	91254		Sa §¹o	95	1
706	340	57280	91474		M¹c TÆc	95	1
704	340	57439	91631		TÈu Th¹ch	95	1
703	340	57858	91238		Phi Sa	95	1
704	340	58317	91787		TÈu Th¹ch	95	1
706	340	58082	91706		M¹c TÆc	95	1
703	340	58435	91308		Phi Sa	95	1
703	340	58695	91597		Phi Sa	95	1
703	340	58960	91515		Phi Sa	95	1
705	340	59081	91251		Sa §¹o	95	1
704	340	59328	92079		TÈu Th¹ch	95	1
703	340	59894	92030		Phi Sa	95	1
704	340	59547	91941		TÈu Th¹ch	95	1
705	340	59457	91706		Sa §¹o	95	1
706	340	59822	91363		M¹c TÆc	95	1
703	340	60220	91539		Phi Sa	95	1
704	340	59930	91582		TÈu Th¹ch	95	1
704	340	60296	91981		TÈu Th¹ch	95	1
706	340	60151	91894		M¹c TÆc	95	1
704	340	60773	91349		TÈu Th¹ch	95	1
703	340	60736	91797		Phi Sa	95	1
705	340	60857	91533		Sa §¹o	95	1
703	340	60498	91228		Phi Sa	95	1
704	340	60550	91866		TÈu Th¹ch	95	1
705	340	40384	92954		Sa §¹o	95	1
704	340	40207	93179		TÈu Th¹ch	95	1
705	340	40363	92718		Sa §¹o	95	1
706	340	40171	92621		M¹c TÆc	95	1
704	340	40048	92341		TÈu Th¹ch	95	1
706	340	40557	92990		M¹c TÆc	95	1
705	340	40930	92337		Sa §¹o	95	1
706	340	40737	92239		M¹c TÆc	95	1
703	340	40483	92373		Phi Sa	95	1
705	340	41236	92996		Sa §¹o	95	1
706	340	41409	93032		M¹c TÆc	95	1
705	340	41807	92734		Sa §¹o	95	1
703	340	41926	92388		Phi Sa	95	1
706	340	41614	92636		M¹c TÆc	95	1
706	340	41841	92166		M¹c TÆc	95	1
704	340	41491	92356		TÈu Th¹ch	95	1
705	340	42413	92865		Sa §¹o	95	1
706	340	42220	92768		M¹c TÆc	95	1
705	340	42274	92262		Sa §¹o	95	1
706	340	42447	92298		M¹c TÆc	95	1
704	340	42097	92488		TÈu Th¹ch	95	1
705	340	42296	93131		Sa §¹o	95	1
706	340	42469	93167		M¹c TÆc	95	1
703	340	42532	92520		Phi Sa	95	1
705	340	43006	93155		Sa §¹o	95	1
706	340	42813	93058		M¹c TÆc	95	1
705	340	42867	92552		Sa §¹o	95	1
704	340	42690	92778		TÈu Th¹ch	95	1
703	340	43125	92810		Phi Sa	95	1
706	340	43040	92588		M¹c TÆc	95	1
706	340	44397	92190		M¹c TÆc	95	1
705	340	44589	92287		Sa §¹o	95	1
703	340	45022	92990		Phi Sa	95	1
705	340	44763	92732		Sa §¹o	95	1
706	340	44936	92768		M¹c TÆc	95	1
704	340	44587	92958		TÈu Th¹ch	95	1
705	340	45324	92313		Sa §¹o	95	1
706	340	45132	92216		M¹c TÆc	95	1
705	340	46009	92188		Sa §¹o	95	1
706	340	46509	92786		M¹c TÆc	95	1
705	340	46563	92280		Sa §¹o	95	1
704	340	46386	92506		TÈu Th¹ch	95	1
705	340	47095	93009		Sa §¹o	95	1
704	340	47081	92295		TÈu Th¹ch	95	1
705	340	46702	92883		Sa §¹o	95	1
703	340	46822	92538		Phi Sa	95	1
706	340	46736	92316		M¹c TÆc	95	1
706	340	47267	93045		M¹c TÆc	95	1
705	340	47396	92672		Sa §¹o	95	1
703	340	47516	92327		Phi Sa	95	1
706	340	47204	92575		M¹c TÆc	95	1
703	340	48120	93161		Phi Sa	95	1
705	340	47861	92903		Sa §¹o	95	1
706	340	48034	92939		M¹c TÆc	95	1
704	340	47684	93129		TÈu Th¹ch	95	1
705	340	48626	93125		Sa §¹o	95	1
705	340	48379	92478		Sa §¹o	95	1
706	340	48187	92381		M¹c TÆc	95	1
706	340	48799	93161		M¹c TÆc	95	1
705	340	49022	92899		Sa §¹o	95	1
703	340	49142	92554		Phi Sa	95	1
706	340	48830	92802		M¹c TÆc	95	1
705	340	48883	92296		Sa §¹o	95	1
706	340	49056	92332		M¹c TÆc	95	1
704	340	48707	92522		TÈu Th¹ch	95	1
705	340	49388	93084		Sa §¹o	95	1
706	340	49560	93120		M¹c TÆc	95	1
706	340	50137	92888		M¹c TÆc	95	1
704	340	50014	92608		TÈu Th¹ch	95	1
704	340	50677	92906		TÈu Th¹ch	95	1
705	340	50329	92986		Sa §¹o	95	1
703	340	50449	92640		Phi Sa	95	1
705	340	50190	92382		Sa §¹o	95	1
706	340	50363	92419		M¹c TÆc	95	1
703	340	51112	92938		Phi Sa	95	1
705	340	50853	92680		Sa §¹o	95	1
706	340	51026	92716		M¹c TÆc	95	1
706	340	51634	92246		M¹c TÆc	95	1
704	340	51589	92869		TÈu Th¹ch	95	1
705	340	51826	92343		Sa §¹o	95	1
703	340	52024	92901		Phi Sa	95	1
706	340	51712	93149		M¹c TÆc	95	1
705	340	51766	92643		Sa §¹o	95	1
706	340	51938	92679		M¹c TÆc	95	1
704	340	52676	92956		TÈu Th¹ch	95	1
703	340	52274	93004		Phi Sa	95	1
703	340	52600	92514		Phi Sa	95	1
704	340	52310	92556		TÈu Th¹ch	95	1
706	340	52531	92868		M¹c TÆc	95	1
705	340	52395	92740		Sa §¹o	95	1
704	340	52971	93158		TÈu Th¹ch	95	1
703	340	53261	93115		Phi Sa	95	1
703	340	53712	92569		Phi Sa	95	1
703	340	54130	92848		Phi Sa	95	1
704	340	53841	92890		TÈu Th¹ch	95	1
705	340	53925	93075		Sa §¹o	95	1
704	340	54114	92520		TÈu Th¹ch	95	1
706	340	53969	92432		M¹c TÆc	95	1
705	340	53833	92305		Sa §¹o	95	1
704	340	54705	92825		TÈu Th¹ch	95	1
703	340	54995	92782		Phi Sa	95	1
706	340	54926	93137		M¹c TÆc	95	1
705	340	54790	93009		Sa §¹o	95	1
703	340	55661	92204		Phi Sa	95	1
703	340	55481	93090		Phi Sa	95	1
704	340	55518	92641		TÈu Th¹ch	95	1
706	340	55739	92953		M¹c TÆc	95	1
705	340	55602	92826		Sa §¹o	95	1
704	340	55884	93041		TÈu Th¹ch	95	1
703	340	55808	92599		Phi Sa	95	1
703	340	57216	92855		Phi Sa	95	1
704	340	56926	92898		TÈu Th¹ch	95	1
705	340	57010	93082		Sa §¹o	95	1
704	340	58321	92238		TÈu Th¹ch	95	1
705	340	58257	92635		Sa §¹o	95	1
703	340	58097	92231		Phi Sa	95	1
704	340	58464	92663		TÈu Th¹ch	95	1
706	340	58880	92206		M¹c TÆc	95	1
706	340	59854	92552		M¹c TÆc	95	1
705	340	60120	92644		Sa §¹o	95	1
706	340	60501	92327		M¹c TÆc	95	1
705	340	40339	93947		Sa §¹o	95	1
704	340	40162	94173		TÈu Th¹ch	95	1
706	340	40331	93460		M¹c TÆc	95	1
703	340	40597	94205		Phi Sa	95	1
706	340	40512	93983		M¹c TÆc	95	1
705	340	40523	93557		Sa §¹o	95	1
703	340	40643	93212		Phi Sa	95	1
705	340	41375	93599		Sa §¹o	95	1
706	340	41182	93502		M¹c TÆc	95	1
704	340	41059	93222		TÈu Th¹ch	95	1
703	340	41495	93254		Phi Sa	95	1
706	340	41687	94157		M¹c TÆc	95	1
705	340	41740	93651		Sa §¹o	95	1
706	340	41913	93687		M¹c TÆc	95	1
704	340	41563	93877		TÈu Th¹ch	95	1
703	340	41999	93909		Phi Sa	95	1
705	340	42435	93735		Sa §¹o	95	1
706	340	42242	93637		M¹c TÆc	95	1
704	340	42119	93357		TÈu Th¹ch	95	1
703	340	42554	93389		Phi Sa	95	1
706	340	42903	93972		M¹c TÆc	95	1
705	340	42956	93466		Sa §¹o	95	1
704	340	42779	93691		TÈu Th¹ch	95	1
705	340	42560	94004		Sa §¹o	95	1
706	340	42733	94040		M¹c TÆc	95	1
705	340	43095	94069		Sa §¹o	95	1
703	340	43215	93724		Phi Sa	95	1
706	340	43129	93502		M¹c TÆc	95	1
706	340	43945	93986		M¹c TÆc	95	1
705	340	43999	93480		Sa §¹o	95	1
704	340	43822	93706		TÈu Th¹ch	95	1
706	340	44534	93969		M¹c TÆc	95	1
704	340	44411	93689		TÈu Th¹ch	95	1
705	340	44138	94083		Sa §¹o	95	1
703	340	44257	93738		Phi Sa	95	1
706	340	44172	93516		M¹c TÆc	95	1
705	340	44726	94067		Sa §¹o	95	1
703	340	44846	93722		Phi Sa	95	1
705	340	44588	93464		Sa §¹o	95	1
706	340	44760	93500		M¹c TÆc	95	1
705	340	44902	93336		Sa §¹o	95	1
706	340	44710	93238		M¹c TÆc	95	1
706	340	45451	94102		M¹c TÆc	95	1
705	340	45505	93596		Sa §¹o	95	1
704	340	45328	93822		TÈu Th¹ch	95	1
705	340	45644	94199		Sa §¹o	95	1
703	340	45763	93854		Phi Sa	95	1
706	340	45678	93632		M¹c TÆc	95	1
705	340	46560	93970		Sa §¹o	95	1
704	340	46383	94196		TÈu Th¹ch	95	1
706	340	46733	94006		M¹c TÆc	95	1
706	340	47041	93515		M¹c TÆc	95	1
704	340	46918	93235		TÈu Th¹ch	95	1
705	340	47303	94146		Sa §¹o	95	1
706	340	47476	94182		M¹c TÆc	95	1
705	340	47233	93612		Sa §¹o	95	1
703	340	47353	93267		Phi Sa	95	1
705	340	48050	93939		Sa §¹o	95	1
704	340	47874	94165		TÈu Th¹ch	95	1
705	340	48000	93506		Sa §¹o	95	1
706	340	47808	93409		M¹c TÆc	95	1
703	340	48309	94197		Phi Sa	95	1
706	340	48223	93975		M¹c TÆc	95	1
706	340	48573	93631		M¹c TÆc	95	1
704	340	48450	93351		TÈu Th¹ch	95	1
705	340	48765	93729		Sa §¹o	95	1
703	340	48885	93383		Phi Sa	95	1
705	340	49527	93687		Sa §¹o	95	1
703	340	49646	93342		Phi Sa	95	1
706	340	49334	93590		M¹c TÆc	95	1
704	340	49211	93310		TÈu Th¹ch	95	1
704	340	50142	93776		TÈu Th¹ch	95	1
705	340	50457	94154		Sa §¹o	95	1
703	340	50577	93809		Phi Sa	95	1
706	340	50265	94056		M¹c TÆc	95	1
705	340	50318	93551		Sa §¹o	95	1
706	340	50491	93587		M¹c TÆc	95	1
706	340	51018	94168		M¹c TÆc	95	1
705	340	51072	93662		Sa §¹o	95	1
704	340	50895	93888		TÈu Th¹ch	95	1
705	340	50992	93284		Sa §¹o	95	1
706	340	50800	93186		M¹c TÆc	95	1
706	340	51696	94160		M¹c TÆc	95	1
704	340	51573	93880		TÈu Th¹ch	95	1
703	340	51330	93920		Phi Sa	95	1
706	340	51245	93699		M¹c TÆc	95	1
703	340	52008	93912		Phi Sa	95	1
705	340	51749	93654		Sa §¹o	95	1
706	340	51922	93690		M¹c TÆc	95	1
705	340	51905	93246		Sa §¹o	95	1
703	340	53030	94030		Phi Sa	95	1
704	340	52740	94073		TÈu Th¹ch	95	1
703	340	52934	93606		Phi Sa	95	1
706	340	53192	93470		M¹c TÆc	95	1
705	340	53055	93342		Sa §¹o	95	1
704	340	53519	94093		TÈu Th¹ch	95	1
704	340	53337	93557		TÈu Th¹ch	95	1
703	340	53809	94051		Phi Sa	95	1
704	340	54206	93290		TÈu Th¹ch	95	1
703	340	53804	93339		Phi Sa	95	1
706	340	54062	93202		M¹c TÆc	95	1
703	340	54669	93273		Phi Sa	95	1
704	340	55071	93225		TÈu Th¹ch	95	1
704	340	55190	94155		TÈu Th¹ch	95	1
703	340	54787	94204		Phi Sa	95	1
703	340	55114	93713		Phi Sa	95	1
704	340	54824	93756		TÈu Th¹ch	95	1
706	340	55045	94068		M¹c TÆc	95	1
705	340	54908	93940		Sa §¹o	95	1
703	340	55501	94056		Phi Sa	95	1
704	340	55537	93607		TÈu Th¹ch	95	1
706	340	55758	93919		M¹c TÆc	95	1
705	340	55622	93792		Sa §¹o	95	1
703	340	56198	93980		Phi Sa	95	1
704	340	56235	93531		TÈu Th¹ch	95	1
705	340	56319	93716		Sa §¹o	95	1
704	340	55903	94007		TÈu Th¹ch	95	1
703	340	55827	93565		Phi Sa	95	1
704	340	56601	93931		TÈu Th¹ch	95	1
703	340	56524	93489		Phi Sa	95	1
706	340	56456	93843		M¹c TÆc	95	1
704	340	57292	93297		TÈu Th¹ch	95	1
703	340	56889	93346		Phi Sa	95	1
706	340	57147	93210		M¹c TÆc	95	1
703	340	57781	94131		Phi Sa	95	1
704	340	57817	93683		TÈu Th¹ch	95	1
704	340	58183	94083		TÈu Th¹ch	95	1
703	340	58107	93640		Phi Sa	95	1
706	340	58038	93995		M¹c TÆc	95	1
705	340	57902	93867		Sa §¹o	95	1
703	340	58807	93818		Phi Sa	95	1
704	340	58518	93860		TÈu Th¹ch	95	1
706	340	58739	94172		M¹c TÆc	95	1
705	340	58602	94045		Sa §¹o	95	1
704	340	59353	93860		TÈu Th¹ch	95	1
703	340	59643	93818		Phi Sa	95	1
706	340	59574	94172		M¹c TÆc	95	1
705	340	59437	94045		Sa §¹o	95	1
703	340	60237	93965		Phi Sa	95	1
704	340	59947	94007		TÈu Th¹ch	95	1
705	340	60032	94192		Sa §¹o	95	1
705	340	40328	95092		Sa §¹o	95	1
706	340	40285	94453		M¹c TÆc	95	1
706	340	40501	95128		M¹c TÆc	95	1
705	340	40478	94550		Sa §¹o	95	1
706	340	41377	95058		M¹c TÆc	95	1
705	340	41431	94552		Sa §¹o	95	1
704	340	41254	94778		TÈu Th¹ch	95	1
705	340	41570	95155		Sa §¹o	95	1
703	340	41689	94810		Phi Sa	95	1
706	340	41604	94588		M¹c TÆc	95	1
705	340	41879	94254		Sa §¹o	95	1
705	340	42313	95183		Sa §¹o	95	1
703	340	42433	94838		Phi Sa	95	1
706	340	42121	95086		M¹c TÆc	95	1
705	340	42175	94580		Sa §¹o	95	1
706	340	42347	94616		M¹c TÆc	95	1
704	340	41998	94806		TÈu Th¹ch	95	1
704	340	42384	94230		TÈu Th¹ch	95	1
706	340	42851	95209		M¹c TÆc	95	1
705	340	42905	94703		Sa §¹o	95	1
704	340	42728	94929		TÈu Th¹ch	95	1
705	340	42699	94607		Sa §¹o	95	1
703	340	42819	94262		Phi Sa	95	1
706	340	42507	94510		M¹c TÆc	95	1
703	340	43163	94961		Phi Sa	95	1
706	340	43077	94739		M¹c TÆc	95	1
706	340	43859	95022		M¹c TÆc	95	1
705	340	43912	94516		Sa §¹o	95	1
704	340	43736	94742		TÈu Th¹ch	95	1
705	340	44051	95119		Sa §¹o	95	1
706	340	44085	94552		M¹c TÆc	95	1
705	340	44538	94808		Sa §¹o	95	1
704	340	44362	95034		TÈu Th¹ch	95	1
703	340	44227	94695		Phi Sa	95	1
704	340	44967	94994		TÈu Th¹ch	95	1
703	340	44797	95066		Phi Sa	95	1
706	340	44711	94844		M¹c TÆc	95	1
703	340	45402	95026		Phi Sa	95	1
705	340	45144	94768		Sa §¹o	95	1
706	340	45316	94804		M¹c TÆc	95	1
705	340	45920	94731		Sa §¹o	95	1
704	340	45743	94957		TÈu Th¹ch	95	1
706	340	46506	94476		M¹c TÆc	95	1
703	340	46178	94989		Phi Sa	95	1
706	340	46092	94767		M¹c TÆc	95	1
705	340	46699	94573		Sa §¹o	95	1
703	340	46818	94228		Phi Sa	95	1
705	340	47442	94749		Sa §¹o	95	1
703	340	47562	94404		Phi Sa	95	1
706	340	47250	94652		M¹c TÆc	95	1
704	340	47127	94372		TÈu Th¹ch	95	1
706	340	47997	94445		M¹c TÆc	95	1
704	340	48576	94640		TÈu Th¹ch	95	1
705	340	48189	94542		Sa §¹o	95	1
705	340	48891	95017		Sa §¹o	95	1
703	340	49011	94672		Phi Sa	95	1
706	340	48699	94920		M¹c TÆc	95	1
705	340	48752	94414		Sa §¹o	95	1
706	340	48925	94450		M¹c TÆc	95	1
706	340	49626	94795		M¹c TÆc	95	1
704	340	49503	94515		TÈu Th¹ch	95	1
705	340	49818	94892		Sa §¹o	95	1
703	340	49938	94547		Phi Sa	95	1
705	340	49680	94289		Sa §¹o	95	1
706	340	49852	94325		M¹c TÆc	95	1
705	340	51090	94784		Sa §¹o	95	1
704	340	50913	95010		TÈu Th¹ch	95	1
703	340	51349	95042		Phi Sa	95	1
706	340	51263	94820		M¹c TÆc	95	1
704	340	51651	94760		TÈu Th¹ch	95	1
705	340	51211	94266		Sa §¹o	95	1
705	340	51967	95138		Sa §¹o	95	1
703	340	52086	94792		Phi Sa	95	1
706	340	51774	95040		M¹c TÆc	95	1
705	340	51828	94534		Sa §¹o	95	1
706	340	52001	94570		M¹c TÆc	95	1
705	340	51888	94257		Sa §¹o	95	1
703	340	52703	94521		Phi Sa	95	1
703	340	53071	95164		Phi Sa	95	1
704	340	52781	95206		TÈu Th¹ch	95	1
704	340	53106	94472		TÈu Th¹ch	95	1
706	340	52961	94385		M¹c TÆc	95	1
705	340	52824	94257		Sa §¹o	95	1
704	340	53666	95225		TÈu Th¹ch	95	1
706	340	53740	94405		M¹c TÆc	95	1
705	340	53604	94278		Sa §¹o	95	1
703	340	53483	94541		Phi Sa	95	1
703	340	53956	95182		Phi Sa	95	1
704	340	53885	94493		TÈu Th¹ch	95	1
703	340	54344	95031		Phi Sa	95	1
704	340	54746	94982		TÈu Th¹ch	95	1
703	340	54670	94540		Phi Sa	95	1
704	340	54380	94583		TÈu Th¹ch	95	1
706	340	54601	94895		M¹c TÆc	95	1
705	340	54465	94767		Sa §¹o	95	1
703	340	55015	95142		Phi Sa	95	1
704	340	55051	94694		TÈu Th¹ch	95	1
706	340	55272	95006		M¹c TÆc	95	1
705	340	55136	94878		Sa §¹o	95	1
703	340	55668	95076		Phi Sa	95	1
704	340	55704	94627		TÈu Th¹ch	95	1
705	340	55789	94812		Sa §¹o	95	1
704	340	55417	95093		TÈu Th¹ch	95	1
703	340	55341	94651		Phi Sa	95	1
704	340	56070	95027		TÈu Th¹ch	95	1
703	340	55994	94585		Phi Sa	95	1
706	340	55926	94939		M¹c TÆc	95	1
703	340	56686	94854		Phi Sa	95	1
704	340	56396	94897		TÈu Th¹ch	95	1
706	340	56618	95209		M¹c TÆc	95	1
705	340	56481	95081		Sa §¹o	95	1
704	340	57107	94960		TÈu Th¹ch	95	1
705	340	57191	95145		Sa §¹o	95	1
703	340	57397	94918		Phi Sa	95	1
704	340	58145	94850		TÈu Th¹ch	95	1
706	340	58366	95162		M¹c TÆc	95	1
705	340	58230	95034		Sa §¹o	95	1
703	340	58435	94808		Phi Sa	95	1
703	340	58481	94308		Phi Sa	95	1
703	340	59316	94308		Phi Sa	95	1
704	340	58883	94260		TÈu Th¹ch	95	1
704	340	59643	94964		TÈu Th¹ch	95	1
705	340	59727	95149		Sa §¹o	95	1
704	340	59719	94260		TÈu Th¹ch	95	1
704	340	60217	95023		TÈu Th¹ch	95	1
705	340	60302	95207		Sa §¹o	95	1
703	340	59933	94922		Phi Sa	95	1
703	340	59910	94456		Phi Sa	95	1
704	340	60313	94407		TÈu Th¹ch	95	1
706	340	60168	94319		M¹c TÆc	95	1
703	340	60507	94980		Phi Sa	95	1
704	340	61439	95013		TÈu Th¹ch	95	1
703	340	61037	95062		Phi Sa	95	1
703	340	61363	94571		Phi Sa	95	1
704	340	61073	94613		TÈu Th¹ch	95	1
706	340	61295	94925		M¹c TÆc	95	1
705	340	61158	94798		Sa §¹o	95	1
706	340	40275	95598		M¹c TÆc	95	1
704	340	40152	95318		TÈu Th¹ch	95	1
705	340	40342	96036		Sa §¹o	95	1
705	340	40467	95695		Sa §¹o	95	1
703	340	40587	95350		Phi Sa	95	1
706	340	40514	96072		M¹c TÆc	95	1
705	340	41408	95926		Sa §¹o	95	1
706	340	41216	95829		M¹c TÆc	95	1
705	340	41270	95323		Sa §¹o	95	1
706	340	41442	95359		M¹c TÆc	95	1
704	340	41093	95549		TÈu Th¹ch	95	1
703	340	41924	96175		Phi Sa	95	1
705	340	41665	95917		Sa §¹o	95	1
706	340	41838	95953		M¹c TÆc	95	1
704	340	41488	96143		TÈu Th¹ch	95	1
703	340	41528	95581		Phi Sa	95	1
705	340	42366	95867		Sa §¹o	95	1
704	340	42189	96093		TÈu Th¹ch	95	1
703	340	42625	96125		Phi Sa	95	1
706	340	42539	95903		M¹c TÆc	95	1
704	340	42859	96196		TÈu Th¹ch	95	1
703	340	43294	96228		Phi Sa	95	1
705	340	43036	95970		Sa §¹o	95	1
706	340	43209	96007		M¹c TÆc	95	1
705	340	43044	95306		Sa §¹o	95	1
706	340	44485	95314		M¹c TÆc	95	1
705	340	44677	95411		Sa §¹o	95	1
705	340	45282	95371		Sa §¹o	95	1
706	340	45090	95274		M¹c TÆc	95	1
705	340	46021	96023		Sa §¹o	95	1
704	340	45844	96249		TÈu Th¹ch	95	1
705	340	46058	95335		Sa §¹o	95	1
706	340	45866	95237		M¹c TÆc	95	1
706	340	46194	96059		M¹c TÆc	95	1
705	340	48581	95943		Sa §¹o	95	1
706	340	48389	95846		M¹c TÆc	95	1
705	340	48442	95340		Sa §¹o	95	1
706	340	48615	95376		M¹c TÆc	95	1
704	340	48265	95566		TÈu Th¹ch	95	1
705	340	48969	96179		Sa §¹o	95	1
706	340	49142	96215		M¹c TÆc	95	1
703	340	48701	95598		Phi Sa	95	1
706	340	49574	95973		M¹c TÆc	95	1
705	340	49627	95467		Sa §¹o	95	1
704	340	49450	95693		TÈu Th¹ch	95	1
706	340	50147	96233		M¹c TÆc	95	1
704	340	50024	95953		TÈu Th¹ch	95	1
705	340	49766	96070		Sa §¹o	95	1
703	340	49886	95725		Phi Sa	95	1
706	340	49800	95503		M¹c TÆc	95	1
703	340	50459	95985		Phi Sa	95	1
705	340	50201	95727		Sa §¹o	95	1
706	340	50374	95763		M¹c TÆc	95	1
706	340	51037	95290		M¹c TÆc	95	1
705	340	51229	95387		Sa §¹o	95	1
703	340	52110	96188		Phi Sa	95	1
704	340	52146	95739		TÈu Th¹ch	95	1
704	340	52512	96139		TÈu Th¹ch	95	1
706	340	52367	96051		M¹c TÆc	95	1
705	340	52231	95924		Sa §¹o	95	1
703	340	52436	95697		Phi Sa	95	1
704	340	53147	95606		TÈu Th¹ch	95	1
706	340	53002	95518		M¹c TÆc	95	1
705	340	52866	95391		Sa §¹o	95	1
703	340	52745	95655		Phi Sa	95	1
703	340	53630	95673		Phi Sa	95	1
705	340	53751	95409		Sa §¹o	95	1
704	340	54032	95624		TÈu Th¹ch	95	1
706	340	53888	95537		M¹c TÆc	95	1
703	340	55400	96104		Phi Sa	95	1
704	340	55802	96055		TÈu Th¹ch	95	1
703	340	55726	95613		Phi Sa	95	1
704	340	55436	95656		TÈu Th¹ch	95	1
706	340	55657	95968		M¹c TÆc	95	1
705	340	55521	95840		Sa §¹o	95	1
703	340	56341	96223		Phi Sa	95	1
703	340	56360	95345		Phi Sa	95	1
704	340	56762	95297		TÈu Th¹ch	95	1
704	340	57225	96253		TÈu Th¹ch	95	1
703	340	57149	95810		Phi Sa	95	1
704	340	56859	95853		TÈu Th¹ch	95	1
706	340	57080	96165		M¹c TÆc	95	1
705	340	56943	96037		Sa §¹o	95	1
703	340	57070	95409		Phi Sa	95	1
706	340	57328	95272		M¹c TÆc	95	1
704	340	57473	95360		TÈu Th¹ch	95	1
703	340	58337	96075		Phi Sa	95	1
704	340	58047	96118		TÈu Th¹ch	95	1
703	340	58109	95298		Phi Sa	95	1
704	340	58511	95250		TÈu Th¹ch	95	1
703	340	58461	96062		Phi Sa	95	1
704	340	58863	96013		TÈu Th¹ch	95	1
703	340	58787	95571		Phi Sa	95	1
704	340	58497	95613		TÈu Th¹ch	95	1
706	340	58719	95925		M¹c TÆc	95	1
705	340	58582	95798		Sa §¹o	95	1
704	340	59301	96253		TÈu Th¹ch	95	1
703	340	59225	95811		Phi Sa	95	1
704	340	58935	95854		TÈu Th¹ch	95	1
706	340	59156	96166		M¹c TÆc	95	1
705	340	59019	96038		Sa §¹o	95	1
704	340	59781	95859		TÈu Th¹ch	95	1
705	340	59866	96044		Sa §¹o	95	1
703	340	59606	95413		Phi Sa	95	1
706	340	59864	95276		M¹c TÆc	95	1
703	340	60071	95817		Phi Sa	95	1
706	340	60003	96171		M¹c TÆc	95	1
703	340	60181	95471		Phi Sa	95	1
704	340	60009	95364		TÈu Th¹ch	95	1
704	340	60583	95423		TÈu Th¹ch	95	1
706	340	60438	95335		M¹c TÆc	95	1
703	340	61407	96009		Phi Sa	95	1
705	340	61202	96236		Sa §¹o	95	1
704	340	61086	95933		TÈu Th¹ch	95	1
706	340	40288	96542		M¹c TÆc	95	1
704	340	40165	96262		TÈu Th¹ch	95	1
705	340	40481	96639		Sa §¹o	95	1
703	340	40600	96294		Phi Sa	95	1
705	340	41342	97267		Sa §¹o	95	1
705	340	41946	96845		Sa §¹o	95	1
704	340	41769	97071		TÈu Th¹ch	95	1
705	340	41804	96520		Sa §¹o	95	1
706	340	41612	96423		M¹c TÆc	95	1
704	340	42336	97278		TÈu Th¹ch	95	1
703	340	42204	97103		Phi Sa	95	1
706	340	42118	96881		M¹c TÆc	95	1
706	340	42313	96373		M¹c TÆc	95	1
705	340	42512	97052		Sa §¹o	95	1
706	340	42685	97088		M¹c TÆc	95	1
705	340	42505	96470		Sa §¹o	95	1
706	340	42982	96476		M¹c TÆc	95	1
705	340	43287	97231		Sa §¹o	95	1
706	340	43460	97267		M¹c TÆc	95	1
705	340	43175	96574		Sa §¹o	95	1
706	340	43939	97207		M¹c TÆc	95	1
705	340	43992	96701		Sa §¹o	95	1
704	340	43816	96927		TÈu Th¹ch	95	1
703	340	44251	96959		Phi Sa	95	1
706	340	44165	96737		M¹c TÆc	95	1
706	340	44499	96785		M¹c TÆc	95	1
704	340	44376	96505		TÈu Th¹ch	95	1
705	340	44692	96883		Sa §¹o	95	1
703	340	44811	96537		Phi Sa	95	1
705	340	44553	96279		Sa §¹o	95	1
706	340	44726	96315		M¹c TÆc	95	1
705	340	45400	97090		Sa §¹o	95	1
703	340	45520	96745		Phi Sa	95	1
706	340	45208	96993		M¹c TÆc	95	1
705	340	45261	96487		Sa §¹o	95	1
706	340	45434	96523		M¹c TÆc	95	1
704	340	45085	96713		TÈu Th¹ch	95	1
705	340	46027	96852		Sa §¹o	95	1
704	340	45851	97078		TÈu Th¹ch	95	1
706	340	45968	96529		M¹c TÆc	95	1
703	340	46286	97110		Phi Sa	95	1
706	340	46200	96888		M¹c TÆc	95	1
704	340	46565	97082		TÈu Th¹ch	95	1
705	340	46160	96627		Sa §¹o	95	1
703	340	46280	96281		Phi Sa	95	1
703	340	47001	97114		Phi Sa	95	1
705	340	46742	96856		Sa §¹o	95	1
706	340	46915	96892		M¹c TÆc	95	1
705	340	47538	97067		Sa §¹o	95	1
706	340	47711	97103		M¹c TÆc	95	1
705	340	49108	96783		Sa §¹o	95	1
706	340	48916	96685		M¹c TÆc	95	1
704	340	48793	96405		TÈu Th¹ch	95	1
706	340	49548	96877		M¹c TÆc	95	1
705	340	49601	96371		Sa §¹o	95	1
704	340	49425	96597		TÈu Th¹ch	95	1
703	340	49228	96437		Phi Sa	95	1
705	340	49740	96974		Sa §¹o	95	1
703	340	49860	96629		Phi Sa	95	1
706	340	49774	96407		M¹c TÆc	95	1
705	340	50340	96330		Sa §¹o	95	1
705	340	52165	97223		Sa §¹o	95	1
706	340	52338	97259		M¹c TÆc	95	1
703	340	52899	97097		Phi Sa	95	1
703	340	53225	96606		Phi Sa	95	1
704	340	52935	96649		TÈu Th¹ch	95	1
706	340	53156	96961		M¹c TÆc	95	1
705	340	53020	96833		Sa §¹o	95	1
703	340	53545	97137		Phi Sa	95	1
704	340	53582	96689		TÈu Th¹ch	95	1
705	340	53666	96873		Sa §¹o	95	1
704	340	53301	97048		TÈu Th¹ch	95	1
703	340	54170	97155		Phi Sa	95	1
704	340	54207	96706		TÈu Th¹ch	95	1
704	340	53947	97088		TÈu Th¹ch	95	1
703	340	53871	96646		Phi Sa	95	1
706	340	53803	97001		M¹c TÆc	95	1
703	340	54710	97119		Phi Sa	95	1
704	340	54746	96671		TÈu Th¹ch	95	1
704	340	54573	97106		TÈu Th¹ch	95	1
703	340	54497	96664		Phi Sa	95	1
706	340	54428	97018		M¹c TÆc	95	1
705	340	54292	96891		Sa §¹o	95	1
703	340	55159	97277		Phi Sa	95	1
704	340	55112	97071		TÈu Th¹ch	95	1
703	340	55036	96628		Phi Sa	95	1
706	340	54967	96983		M¹c TÆc	95	1
705	340	54831	96855		Sa §¹o	95	1
703	340	55407	97221		Phi Sa	95	1
703	340	55733	96730		Phi Sa	95	1
704	340	55444	96772		TÈu Th¹ch	95	1
706	340	55665	97084		M¹c TÆc	95	1
705	340	55528	96957		Sa §¹o	95	1
704	340	55809	97172		TÈu Th¹ch	95	1
703	340	56015	96714		Phi Sa	95	1
704	340	56051	96265		TÈu Th¹ch	95	1
706	340	56273	96577		M¹c TÆc	95	1
705	340	56136	96450		Sa §¹o	95	1
704	340	56417	96665		TÈu Th¹ch	95	1
703	340	56822	96301		Phi Sa	95	1
703	340	58010	96566		Phi Sa	95	1
706	340	58268	96430		M¹c TÆc	95	1
705	340	58132	96302		Sa §¹o	95	1
704	340	58413	96518		TÈu Th¹ch	95	1
703	340	58898	96302		Phi Sa	95	1
703	340	59745	96308		Phi Sa	95	1
703	340	59884	96713		Phi Sa	95	1
703	340	59558	97204		Phi Sa	95	1
704	340	59594	96756		TÈu Th¹ch	95	1
706	340	59815	97068		M¹c TÆc	95	1
705	340	59679	96940		Sa §¹o	95	1
704	340	60147	96259		TÈu Th¹ch	95	1
704	340	59960	97155		TÈu Th¹ch	95	1
706	340	61338	96364		M¹c TÆc	95	1
703	340	61178	97057		Phi Sa	95	1
704	340	61238	96748		TÈu Th¹ch	95	1
703	340	61373	96685		Phi Sa	95	1
704	340	61483	96451		TÈu Th¹ch	95	1
704	340	40385	98297		TÈu Th¹ch	95	1
706	340	40320	97838		M¹c TÆc	95	1
705	340	40374	97332		Sa §¹o	95	1
704	340	40197	97558		TÈu Th¹ch	95	1
705	340	40562	98072		Sa §¹o	95	1
706	340	40734	98108		M¹c TÆc	95	1
705	340	40513	97935		Sa §¹o	95	1
703	340	40633	97590		Phi Sa	95	1
706	340	40547	97368		M¹c TÆc	95	1
706	340	41288	97773		M¹c TÆc	95	1
704	340	41165	97493		TÈu Th¹ch	95	1
705	340	41646	98188		Sa §¹o	95	1
706	340	41819	98224		M¹c TÆc	95	1
706	340	41892	97351		M¹c TÆc	95	1
705	340	41481	97870		Sa §¹o	95	1
703	340	41600	97525		Phi Sa	95	1
706	340	41515	97303		M¹c TÆc	95	1
705	340	42289	98138		Sa §¹o	95	1
706	340	42462	98174		M¹c TÆc	95	1
706	340	42459	97558		M¹c TÆc	95	1
705	340	42084	97448		Sa §¹o	95	1
705	340	42989	98019		Sa §¹o	95	1
704	340	42813	98245		TÈu Th¹ch	95	1
705	340	42651	97655		Sa §¹o	95	1
703	340	42771	97310		Phi Sa	95	1
703	340	43248	98277		Phi Sa	95	1
706	340	43162	98055		M¹c TÆc	95	1
705	340	43426	97835		Sa §¹o	95	1
706	340	43233	97737		M¹c TÆc	95	1
704	340	43110	97457		TÈu Th¹ch	95	1
703	340	43545	97489		Phi Sa	95	1
704	340	44428	97596		TÈu Th¹ch	95	1
705	340	44131	97305		Sa §¹o	95	1
705	340	44744	97973		Sa §¹o	95	1
703	340	44863	97628		Phi Sa	95	1
706	340	44551	97876		M¹c TÆc	95	1
705	340	44605	97370		Sa §¹o	95	1
706	340	44778	97406		M¹c TÆc	95	1
705	340	45453	97912		Sa §¹o	95	1
704	340	45276	98138		TÈu Th¹ch	95	1
703	340	45711	98170		Phi Sa	95	1
706	340	45625	97948		M¹c TÆc	95	1
706	340	45974	97358		M¹c TÆc	95	1
705	340	46166	97455		Sa §¹o	95	1
705	340	46881	97459		Sa §¹o	95	1
706	340	46689	97362		M¹c TÆc	95	1
706	340	47485	97573		M¹c TÆc	95	1
704	340	47362	97293		TÈu Th¹ch	95	1
704	340	47443	98297		TÈu Th¹ch	95	1
705	340	47677	97670		Sa §¹o	95	1
703	340	47797	97325		Phi Sa	95	1
705	340	47619	98072		Sa §¹o	95	1
706	340	47792	98108		M¹c TÆc	95	1
705	340	48350	98132		Sa §¹o	95	1
706	340	48522	98168		M¹c TÆc	95	1
706	340	49598	97888		M¹c TÆc	95	1
705	340	49652	97382		Sa §¹o	95	1
704	340	49475	97608		TÈu Th¹ch	95	1
705	340	49791	97985		Sa §¹o	95	1
703	340	49910	97640		Phi Sa	95	1
706	340	49824	97418		M¹c TÆc	95	1
705	340	50433	97573		Sa §¹o	95	1
704	340	50277	97914		TÈu Th¹ch	95	1
706	340	50768	97667		M¹c TÆc	95	1
703	340	50847	97990		Phi Sa	95	1
706	340	51115	98231		M¹c TÆc	95	1
705	340	51195	97474		Sa §¹o	95	1
704	340	51039	97814		TÈu Th¹ch	95	1
705	340	51489	98235		Sa §¹o	95	1
706	340	51530	97567		M¹c TÆc	95	1
703	340	51609	97890		Phi Sa	95	1
703	340	52163	98092		Phi Sa	95	1
704	340	51873	98135		TÈu Th¹ch	95	1
706	340	52112	97729		M¹c TÆc	95	1
704	340	51989	97449		TÈu Th¹ch	95	1
703	340	52597	97870		Phi Sa	95	1
704	340	52633	97422		TÈu Th¹ch	95	1
705	340	52718	97606		Sa §¹o	95	1
705	340	52304	97827		Sa §¹o	95	1
703	340	52424	97481		Phi Sa	95	1
704	340	52999	97821		TÈu Th¹ch	95	1
703	340	52923	97379		Phi Sa	95	1
706	340	52854	97734		M¹c TÆc	95	1
703	340	53384	97915		Phi Sa	95	1
703	340	53711	97424		Phi Sa	95	1
704	340	53421	97467		TÈu Th¹ch	95	1
706	340	53642	97779		M¹c TÆc	95	1
705	340	53505	97651		Sa §¹o	95	1
703	340	54186	97985		Phi Sa	95	1
704	340	54222	97537		TÈu Th¹ch	95	1
704	340	53787	97866		TÈu Th¹ch	95	1
704	340	54588	97937		TÈu Th¹ch	95	1
703	340	54512	97495		Phi Sa	95	1
706	340	54443	97849		M¹c TÆc	95	1
705	340	54307	97722		Sa §¹o	95	1
703	340	55081	97918		Phi Sa	95	1
704	340	54791	97961		TÈu Th¹ch	95	1
706	340	55012	98273		M¹c TÆc	95	1
705	340	54876	98145		Sa §¹o	95	1
703	340	54833	97768		Phi Sa	95	1
704	340	55235	97719		TÈu Th¹ch	95	1
704	340	54869	97319		TÈu Th¹ch	95	1
706	340	55090	97631		M¹c TÆc	95	1
705	340	54954	97504		Sa §¹o	95	1
703	340	57232	97899		Phi Sa	95	1
704	340	56942	97941		TÈu Th¹ch	95	1
706	340	57163	98253		M¹c TÆc	95	1
705	340	57026	98126		Sa §¹o	95	1
703	340	57814	97992		Phi Sa	95	1
704	340	57851	97544		TÈu Th¹ch	95	1
704	340	58217	97943		TÈu Th¹ch	95	1
703	340	58141	97501		Phi Sa	95	1
706	340	58072	97856		M¹c TÆc	95	1
705	340	57935	97728		Sa §¹o	95	1
703	340	58661	98004		Phi Sa	95	1
704	340	58697	97555		TÈu Th¹ch	95	1
705	340	58782	97740		Sa §¹o	95	1
704	340	59354	97954		TÈu Th¹ch	95	1
704	340	59063	97955		TÈu Th¹ch	95	1
703	340	58987	97513		Phi Sa	95	1
706	340	58918	97867		M¹c TÆc	95	1
703	340	59644	97911		Phi Sa	95	1
706	340	59575	98265		M¹c TÆc	95	1
705	340	59439	98138		Sa §¹o	95	1
703	340	60908	97770		Phi Sa	95	1
704	340	60795	98081		TÈu Th¹ch	95	1
704	340	61254	97499		TÈu Th¹ch	95	1
706	340	61109	97412		M¹c TÆc	95	1
705	340	60991	97478		Sa §¹o	95	1
705	340	40795	99241		Sa §¹o	95	1
705	340	40700	98675		Sa §¹o	95	1
703	340	40820	98330		Phi Sa	95	1
706	340	40508	98577		M¹c TÆc	95	1
706	340	40968	99277		M¹c TÆc	95	1
704	340	41470	98414		TÈu Th¹ch	95	1
705	340	41778	99166		Sa §¹o	95	1
706	340	41951	99202		M¹c TÆc	95	1
705	340	41785	98791		Sa §¹o	95	1
703	340	41905	98446		Phi Sa	95	1
706	340	41593	98694		M¹c TÆc	95	1
705	340	42462	99128		Sa §¹o	95	1
705	340	42428	98741		Sa §¹o	95	1
706	340	42236	98644		M¹c TÆc	95	1
704	340	42112	98363		TÈu Th¹ch	95	1
706	340	42634	99164		M¹c TÆc	95	1
703	340	42548	98396		Phi Sa	95	1
706	340	42936	98525		M¹c TÆc	95	1
705	340	43128	98622		Sa §¹o	95	1
704	340	43920	98619		TÈu Th¹ch	95	1
705	340	44236	98997		Sa §¹o	95	1
703	340	44355	98652		Phi Sa	95	1
706	340	44043	98900		M¹c TÆc	95	1
705	340	44097	98394		Sa §¹o	95	1
706	340	44270	98430		M¹c TÆc	95	1
705	340	44963	99005		Sa §¹o	95	1
706	340	44771	98908		M¹c TÆc	95	1
705	340	44825	98402		Sa §¹o	95	1
706	340	44997	98438		M¹c TÆc	95	1
704	340	44648	98628		TÈu Th¹ch	95	1
706	340	45399	98418		M¹c TÆc	95	1
703	340	45083	98660		Phi Sa	95	1
706	340	46041	98971		M¹c TÆc	95	1
704	340	45918	98691		TÈu Th¹ch	95	1
705	340	45591	98516		Sa §¹o	95	1
704	340	46537	99308		TÈu Th¹ch	95	1
705	340	46233	99068		Sa §¹o	95	1
703	340	46353	98723		Phi Sa	95	1
705	340	46094	98465		Sa §¹o	95	1
706	340	46267	98501		M¹c TÆc	95	1
705	340	46714	99082		Sa §¹o	95	1
706	340	46886	99118		M¹c TÆc	95	1
706	340	47566	98577		M¹c TÆc	95	1
705	340	47560	98947		Sa §¹o	95	1
704	340	47384	99173		TÈu Th¹ch	95	1
705	340	47758	98675		Sa §¹o	95	1
703	340	47878	98330		Phi Sa	95	1
703	340	47819	99205		Phi Sa	95	1
706	340	47733	98983		M¹c TÆc	95	1
705	340	48615	98878		Sa §¹o	95	1
704	340	48438	99104		TÈu Th¹ch	95	1
705	340	48488	98735		Sa §¹o	95	1
703	340	48608	98390		Phi Sa	95	1
706	340	48296	98638		M¹c TÆc	95	1
704	340	48173	98358		TÈu Th¹ch	95	1
703	340	48873	99136		Phi Sa	95	1
706	340	48787	98914		M¹c TÆc	95	1
705	340	50122	98583		Sa §¹o	95	1
704	340	49966	98923		TÈu Th¹ch	95	1
706	340	50354	98331		M¹c TÆc	95	1
706	340	50457	98676		M¹c TÆc	95	1
703	340	50536	98999		Phi Sa	95	1
704	340	51015	99311		TÈu Th¹ch	95	1
705	340	50727	98335		Sa §¹o	95	1
703	340	51657	99232		Phi Sa	95	1
704	340	51693	98783		TÈu Th¹ch	95	1
703	340	51305	99269		Phi Sa	95	1
704	340	52059	99183		TÈu Th¹ch	95	1
703	340	51983	98741		Phi Sa	95	1
706	340	51915	99095		M¹c TÆc	95	1
705	340	51778	98968		Sa §¹o	95	1
703	340	51837	98583		Phi Sa	95	1
706	340	52094	98447		M¹c TÆc	95	1
705	340	51958	98319		Sa §¹o	95	1
704	340	52239	98534		TÈu Th¹ch	95	1
704	340	53063	99035		TÈu Th¹ch	95	1
705	340	53148	99220		Sa §¹o	95	1
703	340	53353	98993		Phi Sa	95	1
703	340	54008	98812		Phi Sa	95	1
704	340	54045	98363		TÈu Th¹ch	95	1
706	340	54266	98675		M¹c TÆc	95	1
705	340	54130	98548		Sa §¹o	95	1
703	340	54657	99239		Phi Sa	95	1
704	340	54693	98791		TÈu Th¹ch	95	1
705	340	54778	98975		Sa §¹o	95	1
704	340	54411	98763		TÈu Th¹ch	95	1
703	340	54335	98321		Phi Sa	95	1
703	340	54755	98409		Phi Sa	95	1
704	340	55059	99191		TÈu Th¹ch	95	1
703	340	54983	98749		Phi Sa	95	1
706	340	54915	99103		M¹c TÆc	95	1
704	340	55157	98360		TÈu Th¹ch	95	1
704	340	57157	99047		TÈu Th¹ch	95	1
705	340	57241	99232		Sa §¹o	95	1
704	340	57308	98341		TÈu Th¹ch	95	1
703	340	56905	98390		Phi Sa	95	1
703	340	57447	99005		Phi Sa	95	1
704	340	58144	99059		TÈu Th¹ch	95	1
705	340	58229	99244		Sa §¹o	95	1
704	340	58829	98912		TÈu Th¹ch	95	1
703	340	58434	99017		Phi Sa	95	1
703	340	59318	98402		Phi Sa	95	1
704	340	59195	99311		TÈu Th¹ch	95	1
703	340	59119	98869		Phi Sa	95	1
706	340	59050	99224		M¹c TÆc	95	1
705	340	58914	99096		Sa §¹o	95	1
703	340	59862	99035		Phi Sa	95	1
704	340	59899	98587		TÈu Th¹ch	95	1
704	340	59720	98353		TÈu Th¹ch	95	1
704	340	60264	98986		TÈu Th¹ch	95	1
703	340	60188	98544		Phi Sa	95	1
706	340	60120	98899		M¹c TÆc	95	1
705	340	59983	98771		Sa §¹o	95	1
706	340	61088	98815		M¹c TÆc	95	1
705	340	60971	98880		Sa §¹o	95	1
704	340	61131	99283		TÈu Th¹ch	95	1
705	340	40777	100350		Sa §¹o	95	1
705	340	40934	99844		Sa §¹o	95	1
706	340	40741	99747		M¹c TÆc	95	1
704	340	40618	99467		TÈu Th¹ch	95	1
703	340	41053	99499		Phi Sa	95	1
705	340	41958	100064		Sa §¹o	95	1
704	340	41781	100290		TÈu Th¹ch	95	1
705	340	41917	99769		Sa §¹o	95	1
706	340	41724	99672		M¹c TÆc	95	1
704	340	41601	99392		TÈu Th¹ch	95	1
703	340	42217	100322		Phi Sa	95	1
706	340	42131	100100		M¹c TÆc	95	1
703	340	42036	99424		Phi Sa	95	1
706	340	42408	99634		M¹c TÆc	95	1
704	340	42285	99354		TÈu Th¹ch	95	1
705	340	42601	99731		Sa §¹o	95	1
703	340	42720	99386		Phi Sa	95	1
705	340	43326	99979		Sa §¹o	95	1
703	340	43445	99634		Phi Sa	95	1
706	340	43133	99882		M¹c TÆc	95	1
705	340	43187	99376		Sa §¹o	95	1
706	340	43360	99412		M¹c TÆc	95	1
704	340	43010	99602		TÈu Th¹ch	95	1
705	340	44432	100115		Sa §¹o	95	1
706	340	44240	100018		M¹c TÆc	95	1
705	340	44293	99512		Sa §¹o	95	1
706	340	44466	99548		M¹c TÆc	95	1
704	340	44117	99738		TÈu Th¹ch	95	1
706	340	44910	99962		M¹c TÆc	95	1
705	340	44964	99456		Sa §¹o	95	1
704	340	44787	99682		TÈu Th¹ch	95	1
703	340	44552	99770		Phi Sa	95	1
705	340	45103	100059		Sa §¹o	95	1
703	340	45222	99714		Phi Sa	95	1
706	340	45136	99492		M¹c TÆc	95	1
705	340	45412	100327		Sa §¹o	95	1
705	340	45887	99627		Sa §¹o	95	1
704	340	45732	99968		TÈu Th¹ch	95	1
706	340	46223	99721		M¹c TÆc	95	1
703	340	46238	100037		Phi Sa	95	1
706	340	47062	100303		M¹c TÆc	95	1
705	340	46726	100210		Sa §¹o	95	1
705	340	46852	99685		Sa §¹o	95	1
703	340	46972	99340		Phi Sa	95	1
706	340	46660	99588		M¹c TÆc	95	1
706	340	47507	99453		M¹c TÆc	95	1
706	340	47550	100308		M¹c TÆc	95	1
705	340	47603	99802		Sa §¹o	95	1
704	340	47427	100028		TÈu Th¹ch	95	1
705	340	47699	99551		Sa §¹o	95	1
703	340	47862	100060		Phi Sa	95	1
706	340	47776	99838		M¹c TÆc	95	1
706	340	48561	99384		M¹c TÆc	95	1
705	340	49038	99932		Sa §¹o	95	1
704	340	48861	100158		TÈu Th¹ch	95	1
705	340	48754	99481		Sa §¹o	95	1
703	340	49296	100190		Phi Sa	95	1
706	340	49210	99968		M¹c TÆc	95	1
706	340	50042	99340		M¹c TÆc	95	1
705	340	50416	99344		Sa §¹o	95	1
703	340	50978	99759		Phi Sa	95	1
705	340	51099	99496		Sa §¹o	95	1
704	340	51381	99711		TÈu Th¹ch	95	1
706	340	51236	99623		M¹c TÆc	95	1
703	340	52147	100247		Phi Sa	95	1
704	340	51858	100290		TÈu Th¹ch	95	1
703	340	52342	100247		Phi Sa	95	1
703	340	52668	99757		Phi Sa	95	1
704	340	52379	99799		TÈu Th¹ch	95	1
706	340	52600	100111		M¹c TÆc	95	1
705	340	52463	99983		Sa §¹o	95	1
704	340	52745	100199		TÈu Th¹ch	95	1
703	340	53027	99484		Phi Sa	95	1
704	340	53069	100048		TÈu Th¹ch	95	1
705	340	53154	100232		Sa §¹o	95	1
704	340	53429	99435		TÈu Th¹ch	95	1
706	340	53285	99347		M¹c TÆc	95	1
703	340	53359	100005		Phi Sa	95	1
703	340	54104	99930		Phi Sa	95	1
704	340	54141	99481		TÈu Th¹ch	95	1
705	340	54225	99666		Sa §¹o	95	1
704	340	54507	99881		TÈu Th¹ch	95	1
703	340	54431	99439		Phi Sa	95	1
706	340	54362	99793		M¹c TÆc	95	1
703	340	55225	99993		Phi Sa	95	1
704	340	54935	100036		TÈu Th¹ch	95	1
706	340	55156	100348		M¹c TÆc	95	1
705	340	55020	100220		Sa §¹o	95	1
704	340	55527	100105		TÈu Th¹ch	95	1
705	340	55612	100290		Sa §¹o	95	1
703	340	55817	100063		Phi Sa	95	1
703	340	57120	99495		Phi Sa	95	1
703	340	57854	100085		Phi Sa	95	1
704	340	57564	100127		TÈu Th¹ch	95	1
705	340	57649	100312		Sa §¹o	95	1
704	340	57523	99447		TÈu Th¹ch	95	1
706	340	57378	99359		M¹c TÆc	95	1
703	340	58108	99507		Phi Sa	95	1
706	340	58365	99371		M¹c TÆc	95	1
703	340	58793	99360		Phi Sa	95	1
704	340	59621	100268		TÈu Th¹ch	95	1
703	340	59839	99385		Phi Sa	95	1
703	340	59513	99876		Phi Sa	95	1
704	340	59549	99428		TÈu Th¹ch	95	1
706	340	59770	99740		M¹c TÆc	95	1
705	340	59634	99612		Sa §¹o	95	1
703	340	59910	100225		Phi Sa	95	1
704	340	59915	99827		TÈu Th¹ch	95	1
706	340	61130	99818		M¹c TÆc	95	1
705	340	61012	99884		Sa §¹o	95	1
703	340	60929	100177		Phi Sa	95	1
705	340	40916	100954		Sa §¹o	95	1
706	340	40724	100856		M¹c TÆc	95	1
706	340	40950	100386		M¹c TÆc	95	1
704	340	40601	100576		TÈu Th¹ch	95	1
705	340	40968	101260		Sa §¹o	95	1
706	340	41141	101296		M¹c TÆc	95	1
703	340	41036	100608		Phi Sa	95	1
706	340	41905	100570		M¹c TÆc	95	1
705	340	42075	101184		Sa §¹o	95	1
706	340	42248	101220		M¹c TÆc	95	1
704	340	42435	100784		TÈu Th¹ch	95	1
705	340	42097	100667		Sa §¹o	95	1
705	340	42751	101161		Sa §¹o	95	1
703	340	42870	100816		Phi Sa	95	1
706	340	42558	101064		M¹c TÆc	95	1
705	340	42612	100558		Sa §¹o	95	1
706	340	42785	100594		M¹c TÆc	95	1
706	340	43950	101084		M¹c TÆc	95	1
705	340	44004	100578		Sa §¹o	95	1
704	340	43827	100804		TÈu Th¹ch	95	1
704	340	44483	100677		TÈu Th¹ch	95	1
705	340	44143	101182		Sa §¹o	95	1
703	340	44262	100836		Phi Sa	95	1
706	340	44177	100614		M¹c TÆc	95	1
705	340	44799	101054		Sa §¹o	95	1
703	340	44918	100709		Phi Sa	95	1
706	340	44606	100957		M¹c TÆc	95	1
705	340	44660	100451		Sa §¹o	95	1
706	340	44833	100487		M¹c TÆc	95	1
705	340	45489	100713		Sa §¹o	95	1
704	340	45333	101053		TÈu Th¹ch	95	1
705	340	45551	100930		Sa §¹o	95	1
706	340	45359	100833		M¹c TÆc	95	1
704	340	45236	100553		TÈu Th¹ch	95	1
706	340	45824	100806		M¹c TÆc	95	1
703	340	45903	101129		Phi Sa	95	1
706	340	45808	100385		M¹c TÆc	95	1
703	340	45671	100585		Phi Sa	95	1
706	340	45585	100363		M¹c TÆc	95	1
705	340	46414	101151		Sa §¹o	95	1
704	340	46571	100550		TÈu Th¹ch	95	1
705	340	46182	100389		Sa §¹o	95	1
706	340	46750	101245		M¹c TÆc	95	1
705	340	47020	100971		Sa §¹o	95	1
706	340	46647	100967		M¹c TÆc	95	1
703	340	47140	100626		Phi Sa	95	1
705	340	47477	101164		Sa §¹o	95	1
705	340	47742	100405		Sa §¹o	95	1
706	340	47649	101200		M¹c TÆc	95	1
706	340	48091	101212		M¹c TÆc	95	1
704	340	47967	100932		TÈu Th¹ch	95	1
705	340	48283	101309		Sa §¹o	95	1
703	340	48403	100964		Phi Sa	95	1
705	340	48144	100706		Sa §¹o	95	1
706	340	48317	100742		M¹c TÆc	95	1
705	340	49108	100968		Sa §¹o	95	1
704	340	48953	101308		TÈu Th¹ch	95	1
706	340	48984	100438		M¹c TÆc	95	1
706	340	49444	101061		M¹c TÆc	95	1
705	340	49176	100536		Sa §¹o	95	1
703	340	50531	101049		Phi Sa	95	1
704	340	50241	101092		TÈu Th¹ch	95	1
705	340	50326	101276		Sa §¹o	95	1
703	340	51821	100738		Phi Sa	95	1
704	340	52223	100689		TÈu Th¹ch	95	1
706	340	52079	100602		M¹c TÆc	95	1
705	340	51942	100474		Sa §¹o	95	1
703	340	52526	101233		Phi Sa	95	1
704	340	52562	100785		TÈu Th¹ch	95	1
705	340	52647	100969		Sa §¹o	95	1
704	340	52928	101185		TÈu Th¹ch	95	1
703	340	52852	100742		Phi Sa	95	1
706	340	52783	101097		M¹c TÆc	95	1
703	340	53221	101352		Phi Sa	95	1
703	340	53033	100496		Phi Sa	95	1
704	340	53623	101303		TÈu Th¹ch	95	1
703	340	53547	100861		Phi Sa	95	1
704	340	53257	100903		TÈu Th¹ch	95	1
706	340	53479	101215		M¹c TÆc	95	1
705	340	53342	101088		Sa §¹o	95	1
704	340	53435	100447		TÈu Th¹ch	95	1
706	340	53290	100360		M¹c TÆc	95	1
704	340	54215	101087		TÈu Th¹ch	95	1
703	340	54505	101045		Phi Sa	95	1
705	340	54299	101272		Sa §¹o	95	1
704	340	55103	100977		TÈu Th¹ch	95	1
705	340	55188	101161		Sa §¹o	95	1
703	340	54899	100484		Phi Sa	95	1
703	340	55393	100934		Phi Sa	95	1
706	340	55325	101289		M¹c TÆc	95	1
703	340	55782	101297		Phi Sa	95	1
703	340	55491	100554		Phi Sa	95	1
706	340	55748	100417		M¹c TÆc	95	1
704	340	55301	100436		TÈu Th¹ch	95	1
704	340	56185	101248		TÈu Th¹ch	95	1
703	340	56109	100806		Phi Sa	95	1
704	340	55819	100848		TÈu Th¹ch	95	1
706	340	56040	101160		M¹c TÆc	95	1
705	340	55903	101033		Sa §¹o	95	1
704	340	55893	100505		TÈu Th¹ch	95	1
703	340	57286	100438		Phi Sa	95	1
703	340	56960	100929		Phi Sa	95	1
704	340	56996	100481		TÈu Th¹ch	95	1
706	340	57217	100793		M¹c TÆc	95	1
705	340	57081	100665		Sa §¹o	95	1
703	340	57528	100575		Phi Sa	95	1
706	340	57785	100439		M¹c TÆc	95	1
704	340	57362	100880		TÈu Th¹ch	95	1
703	340	58300	101157		Phi Sa	95	1
704	340	58336	100709		TÈu Th¹ch	95	1
704	340	57930	100527		TÈu Th¹ch	95	1
704	340	58702	101109		TÈu Th¹ch	95	1
703	340	58626	100667		Phi Sa	95	1
706	340	58558	101021		M¹c TÆc	95	1
705	340	58421	100894		Sa §¹o	95	1
703	340	59305	100957		Phi Sa	95	1
704	340	59016	101000		TÈu Th¹ch	95	1
706	340	59237	101312		M¹c TÆc	95	1
705	340	59100	101184		Sa §¹o	95	1
703	340	59584	100716		Phi Sa	95	1
706	340	59842	100580		M¹c TÆc	95	1
705	340	59705	100452		Sa §¹o	95	1
704	340	59986	100667		TÈu Th¹ch	95	1
704	340	60170	100523		TÈu Th¹ch	95	1
704	340	60697	101166		TÈu Th¹ch	95	1
705	340	60782	101350		Sa §¹o	95	1
703	340	60987	101123		Phi Sa	95	1
703	340	60983	100897		Phi Sa	95	1
706	340	40915	101766		M¹c TÆc	95	1
704	340	40791	101486		TÈu Th¹ch	95	1
703	340	41428	102262		Phi Sa	95	1
705	340	41170	102004		Sa §¹o	95	1
706	340	41342	102040		M¹c TÆc	95	1
704	340	40993	102230		TÈu Th¹ch	95	1
705	340	41107	101863		Sa §¹o	95	1
703	340	41227	101518		Phi Sa	95	1
704	340	41899	101410		TÈu Th¹ch	95	1
705	340	42361	102339		Sa §¹o	95	1
705	340	42214	101787		Sa §¹o	95	1
703	340	42334	101442		Phi Sa	95	1
706	340	42022	101690		M¹c TÆc	95	1
704	340	42952	101690		TÈu Th¹ch	95	1
705	340	43290	102285		Sa §¹o	95	1
705	340	43268	102067		Sa §¹o	95	1
703	340	43388	101722		Phi Sa	95	1
706	340	43076	101970		M¹c TÆc	95	1
705	340	43129	101464		Sa §¹o	95	1
706	340	43302	101500		M¹c TÆc	95	1
706	340	43625	102378		M¹c TÆc	95	1
706	340	43893	102194		M¹c TÆc	95	1
705	340	43946	101688		Sa §¹o	95	1
704	340	43770	101914		TÈu Th¹ch	95	1
705	340	44085	102292		Sa §¹o	95	1
703	340	44205	101946		Phi Sa	95	1
706	340	44119	101724		M¹c TÆc	95	1
706	340	44970	102243		M¹c TÆc	95	1
705	340	44634	102149		Sa §¹o	95	1
705	340	45556	101929		Sa §¹o	95	1
704	340	45400	102270		TÈu Th¹ch	95	1
706	340	45410	101471		M¹c TÆc	95	1
706	340	45891	102023		M¹c TÆc	95	1
703	340	45970	102345		Phi Sa	95	1
705	340	45783	101474		Sa §¹o	95	1
706	340	46335	101909		M¹c TÆc	95	1
704	340	46259	101492		TÈu Th¹ch	95	1
705	340	46708	101913		Sa §¹o	95	1
703	340	46828	101567		Phi Sa	95	1
705	340	47615	101767		Sa §¹o	95	1
706	340	47423	101670		M¹c TÆc	95	1
704	340	47300	101390		TÈu Th¹ch	95	1
706	340	48067	102231		M¹c TÆc	95	1
705	340	47732	102138		Sa §¹o	95	1
703	340	47735	101422		Phi Sa	95	1
706	340	49029	101725		M¹c TÆc	95	1
706	340	49034	102256		M¹c TÆc	95	1
705	340	48698	102162		Sa §¹o	95	1
705	340	49402	101729		Sa §¹o	95	1
703	340	49522	101384		Phi Sa	95	1
703	340	50103	102083		Phi Sa	95	1
704	340	49813	102125		TÈu Th¹ch	95	1
705	340	49898	102310		Sa §¹o	95	1
704	340	50591	102074		TÈu Th¹ch	95	1
705	340	50676	102258		Sa §¹o	95	1
703	340	50205	101540		Phi Sa	95	1
704	340	50607	101491		TÈu Th¹ch	95	1
706	340	50462	101404		M¹c TÆc	95	1
703	340	50881	102031		Phi Sa	95	1
706	340	50812	102386		M¹c TÆc	95	1
703	340	51938	102075		Phi Sa	95	1
704	340	51974	101627		TÈu Th¹ch	95	1
706	340	52196	101939		M¹c TÆc	95	1
705	340	52059	101812		Sa §¹o	95	1
704	340	52340	102027		TÈu Th¹ch	95	1
703	340	52264	101585		Phi Sa	95	1
703	340	52525	102190		Phi Sa	95	1
704	340	52561	101742		TÈu Th¹ch	95	1
705	340	52646	101927		Sa §¹o	95	1
704	340	53042	102017		TÈu Th¹ch	95	1
705	340	53127	102202		Sa §¹o	95	1
704	340	52927	102142		TÈu Th¹ch	95	1
703	340	52851	101700		Phi Sa	95	1
706	340	52782	102054		M¹c TÆc	95	1
704	340	53716	102026		TÈu Th¹ch	95	1
703	340	53332	101975		Phi Sa	95	1
706	340	53264	102329		M¹c TÆc	95	1
703	340	54006	101983		Phi Sa	95	1
706	340	53938	102338		M¹c TÆc	95	1
705	340	53801	102210		Sa §¹o	95	1
703	340	54178	101536		Phi Sa	95	1
704	340	54767	102388		TÈu Th¹ch	95	1
703	340	54691	101946		Phi Sa	95	1
704	340	54402	101989		TÈu Th¹ch	95	1
706	340	54623	102301		M¹c TÆc	95	1
705	340	54486	102173		Sa §¹o	95	1
704	340	54581	101487		TÈu Th¹ch	95	1
706	340	54436	101399		M¹c TÆc	95	1
703	340	55067	101425		Phi Sa	95	1
704	340	55469	101376		TÈu Th¹ch	95	1
703	340	56105	102111		Phi Sa	95	1
704	340	55815	102153		TÈu Th¹ch	95	1
705	340	55900	102338		Sa §¹o	95	1
703	340	56762	102169		Phi Sa	95	1
704	340	56472	102212		TÈu Th¹ch	95	1
705	340	56556	102396		Sa §¹o	95	1
703	340	57271	102055		Phi Sa	95	1
704	340	57308	101607		TÈu Th¹ch	95	1
704	340	57674	102007		TÈu Th¹ch	95	1
703	340	57598	101565		Phi Sa	95	1
706	340	57529	101919		M¹c TÆc	95	1
705	340	57392	101792		Sa §¹o	95	1
704	340	59381	101399		TÈu Th¹ch	95	1
703	340	58979	101448		Phi Sa	95	1
703	340	60272	102071		Phi Sa	95	1
704	340	59982	102113		TÈu Th¹ch	95	1
705	340	60067	102298		Sa §¹o	95	1
704	340	60891	102143		TÈu Th¹ch	95	1
703	340	60661	101614		Phi Sa	95	1
706	340	60919	101478		M¹c TÆc	95	1
703	340	61181	102101		Phi Sa	95	1
705	340	60976	102328		Sa §¹o	95	1
704	340	61063	101565		TÈu Th¹ch	95	1
706	340	40786	103242		M¹c TÆc	95	1
705	340	40840	102736		Sa §¹o	95	1
704	340	40663	102962		TÈu Th¹ch	95	1
705	340	40978	103339		Sa §¹o	95	1
703	340	41098	102994		Phi Sa	95	1
706	340	41012	102772		M¹c TÆc	95	1
705	340	41309	102607		Sa §¹o	95	1
706	340	41116	102510		M¹c TÆc	95	1
706	340	42282	103097		M¹c TÆc	95	1
704	340	42206	102680		TÈu Th¹ch	95	1
705	340	42655	103101		Sa §¹o	95	1
706	340	42697	102433		M¹c TÆc	95	1
703	340	42775	102756		Phi Sa	95	1
706	340	43210	103042		M¹c TÆc	95	1
704	340	43134	102625		TÈu Th¹ch	95	1
705	340	43584	103046		Sa §¹o	95	1
703	340	43704	102701		Phi Sa	95	1
705	340	43988	102830		Sa §¹o	95	1
704	340	43832	103170		TÈu Th¹ch	95	1
706	340	44323	102923		M¹c TÆc	95	1
703	340	44402	103246		Phi Sa	95	1
704	340	44479	102490		TÈu Th¹ch	95	1
705	340	44929	102911		Sa §¹o	95	1
703	340	45048	102565		Phi Sa	95	1
706	340	44555	102907		M¹c TÆc	95	1
706	340	45476	102687		M¹c TÆc	95	1
705	340	45366	103136		Sa §¹o	95	1
705	340	45850	102691		Sa §¹o	95	1
706	340	45702	103229		M¹c TÆc	95	1
706	340	46551	103359		M¹c TÆc	95	1
704	340	46474	102942		TÈu Th¹ch	95	1
705	340	46924	103363		Sa §¹o	95	1
706	340	46965	102695		M¹c TÆc	95	1
703	340	47044	103018		Phi Sa	95	1
705	340	46630	102602		Sa §¹o	95	1
704	340	47576	102478		TÈu Th¹ch	95	1
706	340	47577	103299		M¹c TÆc	95	1
705	340	47242	103205		Sa §¹o	95	1
705	340	48026	102899		Sa §¹o	95	1
706	340	47653	102895		M¹c TÆc	95	1
706	340	48619	102920		M¹c TÆc	95	1
704	340	48543	102503		TÈu Th¹ch	95	1
703	340	48146	102554		Phi Sa	95	1
705	340	48993	102924		Sa §¹o	95	1
703	340	49112	102579		Phi Sa	95	1
705	340	48897	102838		Sa §¹o	95	1
704	340	48742	103178		TÈu Th¹ch	95	1
704	340	49526	103286		TÈu Th¹ch	95	1
706	340	49233	102931		M¹c TÆc	95	1
703	340	49311	103254		Phi Sa	95	1
703	340	49816	103244		Phi Sa	95	1
703	340	49777	102573		Phi Sa	95	1
706	340	50035	102437		M¹c TÆc	95	1
704	340	50179	102525		TÈu Th¹ch	95	1
703	340	50554	102522		Phi Sa	95	1
704	340	50957	102473		TÈu Th¹ch	95	1
703	340	51053	103211		Phi Sa	95	1
704	340	51090	102762		TÈu Th¹ch	95	1
705	340	51174	102947		Sa §¹o	95	1
704	340	51456	103162		TÈu Th¹ch	95	1
703	340	51379	102720		Phi Sa	95	1
706	340	51311	103074		M¹c TÆc	95	1
703	340	52074	103186		Phi Sa	95	1
704	340	52110	102737		TÈu Th¹ch	95	1
705	340	52195	102922		Sa §¹o	95	1
704	340	52476	103137		TÈu Th¹ch	95	1
703	340	52400	102695		Phi Sa	95	1
706	340	52332	103049		M¹c TÆc	95	1
703	340	53006	102466		Phi Sa	95	1
703	340	52810	103285		Phi Sa	95	1
704	340	53212	103236		TÈu Th¹ch	95	1
703	340	53136	102794		Phi Sa	95	1
704	340	52847	102836		TÈu Th¹ch	95	1
706	340	53068	103148		M¹c TÆc	95	1
705	340	52931	103021		Sa §¹o	95	1
703	340	53680	102474		Phi Sa	95	1
704	340	53408	102417		TÈu Th¹ch	95	1
703	340	53495	103254		Phi Sa	95	1
704	340	53532	102805		TÈu Th¹ch	95	1
706	340	53753	103117		M¹c TÆc	95	1
705	340	53617	102990		Sa §¹o	95	1
703	340	54219	103403		Phi Sa	95	1
704	340	54255	102955		TÈu Th¹ch	95	1
704	340	54082	102425		TÈu Th¹ch	95	1
704	340	53898	103205		TÈu Th¹ch	95	1
703	340	53822	102763		Phi Sa	95	1
704	340	54621	103355		TÈu Th¹ch	95	1
703	340	54545	102913		Phi Sa	95	1
706	340	54476	103267		M¹c TÆc	95	1
705	340	54340	103139		Sa §¹o	95	1
703	340	54365	102437		Phi Sa	95	1
703	340	55145	103125		Phi Sa	95	1
704	340	55181	102677		TÈu Th¹ch	95	1
705	340	55266	102861		Sa §¹o	95	1
703	340	55779	102602		Phi Sa	95	1
704	340	55547	103076		TÈu Th¹ch	95	1
703	340	55471	102634		Phi Sa	95	1
706	340	55403	102989		M¹c TÆc	95	1
704	340	56181	102553		TÈu Th¹ch	95	1
706	340	56036	102465		M¹c TÆc	95	1
704	340	56714	103236		TÈu Th¹ch	95	1
705	340	56799	103420		Sa §¹o	95	1
703	340	56435	102660		Phi Sa	95	1
706	340	56693	102524		M¹c TÆc	95	1
703	340	57004	103193		Phi Sa	95	1
704	340	56838	102611		TÈu Th¹ch	95	1
703	340	57671	103377		Phi Sa	95	1
704	340	57381	103419		TÈu Th¹ch	95	1
704	340	58166	103418		TÈu Th¹ch	95	1
703	340	58456	103375		Phi Sa	95	1
703	340	58594	103295		Phi Sa	95	1
704	340	58631	102847		TÈu Th¹ch	95	1
706	340	58852	103159		M¹c TÆc	95	1
705	340	58715	103031		Sa §¹o	95	1
704	340	58996	103246		TÈu Th¹ch	95	1
703	340	58920	102804		Phi Sa	95	1
704	340	60348	102513		TÈu Th¹ch	95	1
703	340	59946	102562		Phi Sa	95	1
706	340	60203	102425		M¹c TÆc	95	1
704	340	60901	103377		TÈu Th¹ch	95	1
703	340	60855	102592		Phi Sa	95	1
703	340	61190	103334		Phi Sa	95	1
704	340	61257	102543		TÈu Th¹ch	95	1
706	340	61112	102455		M¹c TÆc	95	1
705	340	40367	104272		Sa §¹o	95	1
706	340	40540	104308		M¹c TÆc	95	1
705	340	41330	103696		Sa §¹o	95	1
704	340	41174	104037		TÈu Th¹ch	95	1
706	340	41665	103790		M¹c TÆc	95	1
703	340	41744	104113		Phi Sa	95	1
704	340	41905	103768		TÈu Th¹ch	95	1
704	340	42481	103845		TÈu Th¹ch	95	1
705	340	42221	104145		Sa §¹o	95	1
703	340	42340	103800		Phi Sa	95	1
706	340	42028	104048		M¹c TÆc	95	1
705	340	42082	103542		Sa §¹o	95	1
706	340	42255	103578		M¹c TÆc	95	1
705	340	42931	104266		Sa §¹o	95	1
706	340	42972	103598		M¹c TÆc	95	1
706	340	42558	104262		M¹c TÆc	95	1
705	340	42637	103504		Sa §¹o	95	1
704	340	43502	104191		TÈu Th¹ch	95	1
703	340	43051	103921		Phi Sa	95	1
706	340	43993	103944		M¹c TÆc	95	1
705	340	43658	103850		Sa §¹o	95	1
706	340	43908	103587		M¹c TÆc	95	1
703	340	44072	104267		Phi Sa	95	1
705	340	44282	103591		Sa §¹o	95	1
705	340	44417	103965		Sa §¹o	95	1
704	340	44261	104306		TÈu Th¹ch	95	1
705	340	45054	104186		Sa §¹o	95	1
706	340	44752	104059		M¹c TÆc	95	1
703	340	44831	104382		Phi Sa	95	1
706	340	45287	103893		M¹c TÆc	95	1
704	340	45211	103476		TÈu Th¹ch	95	1
706	340	45389	104279		M¹c TÆc	95	1
705	340	45660	103897		Sa §¹o	95	1
703	340	45780	103552		Phi Sa	95	1
706	340	46509	104227		M¹c TÆc	95	1
705	340	46174	104134		Sa §¹o	95	1
704	340	47086	103546		TÈu Th¹ch	95	1
705	340	47023	104300		Sa §¹o	95	1
705	340	47536	103967		Sa §¹o	95	1
706	340	47163	103963		M¹c TÆc	95	1
706	340	47358	104393		M¹c TÆc	95	1
703	340	47656	103622		Phi Sa	95	1
705	340	47888	103896		Sa §¹o	95	1
704	340	47732	104237		TÈu Th¹ch	95	1
703	340	48486	104331		Phi Sa	95	1
704	340	48523	103882		TÈu Th¹ch	95	1
705	340	48607	104067		Sa §¹o	95	1
706	340	48223	103990		M¹c TÆc	95	1
703	340	48302	104313		Phi Sa	95	1
704	340	48889	104282		TÈu Th¹ch	95	1
703	340	48813	103840		Phi Sa	95	1
706	340	48744	104194		M¹c TÆc	95	1
706	340	48818	103595		M¹c TÆc	95	1
703	340	49662	104052		Phi Sa	95	1
704	340	49373	104094		TÈu Th¹ch	95	1
706	340	49594	104406		M¹c TÆc	95	1
705	340	49457	104279		Sa §¹o	95	1
703	340	49490	103734		Phi Sa	95	1
705	340	49611	103471		Sa §¹o	95	1
705	340	49192	103599		Sa §¹o	95	1
703	340	50028	104416		Phi Sa	95	1
704	340	50064	103968		TÈu Th¹ch	95	1
705	340	50149	104152		Sa §¹o	95	1
704	340	49892	103686		TÈu Th¹ch	95	1
706	340	49748	103598		M¹c TÆc	95	1
704	340	50430	104368		TÈu Th¹ch	95	1
703	340	50354	103926		Phi Sa	95	1
706	340	50285	104280		M¹c TÆc	95	1
703	340	50868	104358		Phi Sa	95	1
703	340	51194	103867		Phi Sa	95	1
704	340	50904	103910		TÈu Th¹ch	95	1
706	340	51125	104222		M¹c TÆc	95	1
705	340	50989	104094		Sa §¹o	95	1
704	340	51270	104309		TÈu Th¹ch	95	1
703	340	52016	104421		Phi Sa	95	1
703	340	52863	104026		Phi Sa	95	1
703	340	53189	103535		Phi Sa	95	1
704	340	52899	103577		TÈu Th¹ch	95	1
706	340	53120	103889		M¹c TÆc	95	1
705	340	52984	103762		Sa §¹o	95	1
703	340	53070	104353		Phi Sa	95	1
704	340	52780	104396		TÈu Th¹ch	95	1
703	340	53543	103979		Phi Sa	95	1
704	340	53579	103530		TÈu Th¹ch	95	1
705	340	53664	103715		Sa §¹o	95	1
704	340	53265	103977		TÈu Th¹ch	95	1
704	340	53945	103930		TÈu Th¹ch	95	1
703	340	53869	103488		Phi Sa	95	1
706	340	53800	103842		M¹c TÆc	95	1
703	340	54692	104259		Phi Sa	95	1
704	340	54402	104301		TÈu Th¹ch	95	1
703	340	55276	103977		Phi Sa	95	1
704	340	55679	103928		TÈu Th¹ch	95	1
703	340	55603	103486		Phi Sa	95	1
704	340	55313	103529		TÈu Th¹ch	95	1
706	340	55534	103841		M¹c TÆc	95	1
705	340	55397	103713		Sa §¹o	95	1
704	340	56037	104028		TÈu Th¹ch	95	1
706	340	56259	104340		M¹c TÆc	95	1
705	340	56122	104213		Sa §¹o	95	1
704	340	56677	104135		TÈu Th¹ch	95	1
705	340	56762	104319		Sa §¹o	95	1
704	340	56403	104428		TÈu Th¹ch	95	1
703	340	56327	103986		Phi Sa	95	1
703	340	56678	103684		Phi Sa	95	1
703	340	56967	104092		Phi Sa	95	1
706	340	56898	104447		M¹c TÆc	95	1
704	340	57080	103635		TÈu Th¹ch	95	1
706	340	56935	103548		M¹c TÆc	95	1
703	340	57345	103867		Phi Sa	95	1
704	340	57747	103819		TÈu Th¹ch	95	1
706	340	57602	103731		M¹c TÆc	95	1
705	340	57466	103604		Sa §¹o	95	1
703	340	57764	104264		Phi Sa	95	1
704	340	57474	104306		TÈu Th¹ch	95	1
703	340	58130	103866		Phi Sa	95	1
705	340	58251	103602		Sa §¹o	95	1
704	340	58532	103817		TÈu Th¹ch	95	1
706	340	58388	103730		M¹c TÆc	95	1
703	340	59285	103968		Phi Sa	95	1
704	340	59321	103520		TÈu Th¹ch	95	1
704	340	59687	103919		TÈu Th¹ch	95	1
703	340	59611	103477		Phi Sa	95	1
706	340	59542	103832		M¹c TÆc	95	1
705	340	59406	103704		Sa §¹o	95	1
703	340	60118	103935		Phi Sa	95	1
704	340	60155	103486		TÈu Th¹ch	95	1
706	340	60376	103798		M¹c TÆc	95	1
705	340	60239	103671		Sa §¹o	95	1
704	340	60521	103886		TÈu Th¹ch	95	1
703	340	60445	103444		Phi Sa	95	1
703	340	60864	103825		Phi Sa	95	1
704	340	61266	103776		TÈu Th¹ch	95	1
706	340	61122	103689		M¹c TÆc	95	1
705	340	60985	103561		Sa §¹o	95	1
706	340	40313	104778		M¹c TÆc	95	1
704	340	40190	104498		TÈu Th¹ch	95	1
705	340	40506	104875		Sa §¹o	95	1
703	340	40625	104530		Phi Sa	95	1
705	340	41188	105137		Sa §¹o	95	1
706	340	41250	104454		M¹c TÆc	95	1
706	340	41905	105266		M¹c TÆc	95	1
704	340	41828	104849		TÈu Th¹ch	95	1
706	340	41523	105230		M¹c TÆc	95	1
705	340	41624	104458		Sa §¹o	95	1
705	340	42278	105270		Sa §¹o	95	1
706	340	42319	104602		M¹c TÆc	95	1
703	340	42398	104925		Phi Sa	95	1
705	340	41984	104509		Sa §¹o	95	1
705	340	42932	104718		Sa §¹o	95	1
704	340	42776	105059		TÈu Th¹ch	95	1
706	340	43267	104812		M¹c TÆc	95	1
703	340	43346	105135		Phi Sa	95	1
704	340	43901	105424		TÈu Th¹ch	95	1
705	340	43952	104612		Sa §¹o	95	1
706	340	43578	104608		M¹c TÆc	95	1
706	340	44392	105177		M¹c TÆc	95	1
705	340	44057	105084		Sa §¹o	95	1
706	340	44337	104723		M¹c TÆc	95	1
705	340	44982	105215		Sa §¹o	95	1
706	340	44974	104943		M¹c TÆc	95	1
704	340	44898	104526		TÈu Th¹ch	95	1
705	340	44711	104727		Sa §¹o	95	1
706	340	45318	105309		M¹c TÆc	95	1
705	340	45348	104947		Sa §¹o	95	1
703	340	45468	104602		Phi Sa	95	1
704	340	46018	104474		TÈu Th¹ch	95	1
705	340	46468	104895		Sa §¹o	95	1
703	340	46588	104550		Phi Sa	95	1
706	340	46094	104891		M¹c TÆc	95	1
706	340	46944	105057		M¹c TÆc	95	1
704	340	46867	104640		TÈu Th¹ch	95	1
705	340	47317	105061		Sa §¹o	95	1
703	340	47437	104716		Phi Sa	95	1
703	340	48052	105140		Phi Sa	95	1
704	340	47762	105183		TÈu Th¹ch	95	1
705	340	47847	105367		Sa §¹o	95	1
706	340	47809	104654		M¹c TÆc	95	1
703	340	48370	105298		Phi Sa	95	1
704	340	48407	104850		TÈu Th¹ch	95	1
706	340	48628	105162		M¹c TÆc	95	1
705	340	48491	105034		Sa §¹o	95	1
705	340	48182	104658		Sa §¹o	95	1
704	340	48773	105249		TÈu Th¹ch	95	1
703	340	48696	104807		Phi Sa	95	1
704	340	49589	105466		TÈu Th¹ch	95	1
703	340	49513	105024		Phi Sa	95	1
704	340	49224	105066		TÈu Th¹ch	95	1
706	340	49445	105378		M¹c TÆc	95	1
705	340	49308	105251		Sa §¹o	95	1
703	340	49336	104542		Phi Sa	95	1
704	340	49891	105025		TÈu Th¹ch	95	1
706	340	50113	105337		M¹c TÆc	95	1
705	340	49976	105210		Sa §¹o	95	1
704	340	49738	104494		TÈu Th¹ch	95	1
703	340	50506	105469		Phi Sa	95	1
704	340	50542	105021		TÈu Th¹ch	95	1
705	340	50627	105206		Sa §¹o	95	1
704	340	50257	105425		TÈu Th¹ch	95	1
703	340	50181	104983		Phi Sa	95	1
703	340	51193	105443		Phi Sa	95	1
704	340	50908	105421		TÈu Th¹ch	95	1
703	340	50832	104979		Phi Sa	95	1
706	340	50763	105333		M¹c TÆc	95	1
704	340	51595	105395		TÈu Th¹ch	95	1
703	340	51519	104953		Phi Sa	95	1
704	340	51229	104995		TÈu Th¹ch	95	1
706	340	51451	105307		M¹c TÆc	95	1
705	340	51314	105179		Sa §¹o	95	1
703	340	51689	104911		Phi Sa	95	1
704	340	52031	105099		TÈu Th¹ch	95	1
705	340	52115	105283		Sa §¹o	95	1
704	340	52092	104863		TÈu Th¹ch	95	1
704	340	51726	104463		TÈu Th¹ch	95	1
706	340	51947	104775		M¹c TÆc	95	1
705	340	51810	104648		Sa §¹o	95	1
703	340	52320	105056		Phi Sa	95	1
706	340	52252	105411		M¹c TÆc	95	1
703	340	52743	104844		Phi Sa	95	1
704	340	53146	104795		TÈu Th¹ch	95	1
706	340	53001	104708		M¹c TÆc	95	1
705	340	52864	104580		Sa §¹o	95	1
703	340	54237	105202		Phi Sa	95	1
704	340	53947	105244		TÈu Th¹ch	95	1
705	340	54032	105429		Sa §¹o	95	1
704	340	54629	105370		TÈu Th¹ch	95	1
703	340	54366	104749		Phi Sa	95	1
704	340	54768	104701		TÈu Th¹ch	95	1
706	340	54623	104613		M¹c TÆc	95	1
705	340	54487	104485		Sa §¹o	95	1
703	340	54919	105328		Phi Sa	95	1
703	340	55223	105422		Phi Sa	95	1
704	340	55260	104974		TÈu Th¹ch	95	1
704	340	55626	105373		TÈu Th¹ch	95	1
703	340	55550	104931		Phi Sa	95	1
706	340	55481	105286		M¹c TÆc	95	1
705	340	55344	105158		Sa §¹o	95	1
703	340	56001	104477		Phi Sa	95	1
703	340	56636	105471		Phi Sa	95	1
704	340	56673	105023		TÈu Th¹ch	95	1
705	340	56757	105207		Sa §¹o	95	1
703	340	56641	104583		Phi Sa	95	1
704	340	57039	105422		TÈu Th¹ch	95	1
703	340	56963	104980		Phi Sa	95	1
706	340	56894	105335		M¹c TÆc	95	1
704	340	57043	104534		TÈu Th¹ch	95	1
703	340	57438	104754		Phi Sa	95	1
704	340	57840	104706		TÈu Th¹ch	95	1
706	340	57695	104618		M¹c TÆc	95	1
705	340	57559	104491		Sa §¹o	95	1
703	340	59070	105054		Phi Sa	95	1
704	340	59106	104606		TÈu Th¹ch	95	1
706	340	59328	104918		M¹c TÆc	95	1
705	340	59191	104790		Sa §¹o	95	1
703	340	58917	105450		Phi Sa	95	1
703	340	59815	105140		Phi Sa	95	1
704	340	59851	104691		TÈu Th¹ch	95	1
704	340	59472	105005		TÈu Th¹ch	95	1
703	340	59396	104563		Phi Sa	95	1
704	340	60217	105091		TÈu Th¹ch	95	1
703	340	60141	104649		Phi Sa	95	1
706	340	60072	105003		M¹c TÆc	95	1
705	340	59936	104876		Sa §¹o	95	1
703	340	60674	105115		Phi Sa	95	1
704	340	60711	104667		TÈu Th¹ch	95	1
705	340	60795	104851		Sa §¹o	95	1
704	340	61076	105067		TÈu Th¹ch	95	1
703	340	61000	104625		Phi Sa	95	1
706	340	60932	104979		M¹c TÆc	95	1
705	340	40856	106132		Sa §¹o	95	1
704	340	40679	106358		TÈu Th¹ch	95	1
705	340	41341	106234		Sa §¹o	95	1
706	340	41108	105894		M¹c TÆc	95	1
704	340	41032	105477		TÈu Th¹ch	95	1
703	340	41115	106390		Phi Sa	95	1
706	340	41029	106168		M¹c TÆc	95	1
706	340	41874	106366		M¹c TÆc	95	1
705	340	41954	105608		Sa §¹o	95	1
704	340	41798	105948		TÈu Th¹ch	95	1
706	340	41676	106327		M¹c TÆc	95	1
705	340	41482	105898		Sa §¹o	95	1
703	340	41602	105553		Phi Sa	95	1
705	340	42248	106369		Sa §¹o	95	1
706	340	42289	105701		M¹c TÆc	95	1
703	340	42368	106024		Phi Sa	95	1
705	340	43004	105851		Sa §¹o	95	1
704	340	42848	106192		TÈu Th¹ch	95	1
706	340	42852	105476		M¹c TÆc	95	1
706	340	43339	105945		M¹c TÆc	95	1
703	340	43417	106268		Phi Sa	95	1
705	340	43226	105480		Sa §¹o	95	1
706	340	43978	105841		M¹c TÆc	95	1
705	340	43793	106179		Sa §¹o	95	1
705	340	44351	105845		Sa §¹o	95	1
703	340	44471	105500		Phi Sa	95	1
706	340	44128	106272		M¹c TÆc	95	1
706	340	44903	105973		M¹c TÆc	95	1
704	340	44827	105556		TÈu Th¹ch	95	1
705	340	45276	105977		Sa §¹o	95	1
703	340	45396	105632		Phi Sa	95	1
704	340	46031	106102		TÈu Th¹ch	95	1
705	340	46347	106479		Sa §¹o	95	1
703	340	46467	106134		Phi Sa	95	1
706	340	46155	106382		M¹c TÆc	95	1
705	340	46208	105876		Sa §¹o	95	1
706	340	46381	105912		M¹c TÆc	95	1
704	340	46777	106425		TÈu Th¹ch	95	1
705	340	47037	106347		Sa §¹o	95	1
706	340	46844	106249		M¹c TÆc	95	1
705	340	46898	105743		Sa §¹o	95	1
706	340	47071	105779		M¹c TÆc	95	1
704	340	46721	105969		TÈu Th¹ch	95	1
703	340	47597	106131		Phi Sa	95	1
704	340	47307	106174		TÈu Th¹ch	95	1
706	340	47528	106486		M¹c TÆc	95	1
705	340	47392	106358		Sa §¹o	95	1
703	340	47156	106001		Phi Sa	95	1
703	340	47893	106429		Phi Sa	95	1
704	340	47930	105981		TÈu Th¹ch	95	1
705	340	48014	106165		Sa §¹o	95	1
703	340	47725	105631		Phi Sa	95	1
706	340	47983	105495		M¹c TÆc	95	1
704	340	48295	106380		TÈu Th¹ch	95	1
703	340	48219	105938		Phi Sa	95	1
706	340	48151	106293		M¹c TÆc	95	1
703	340	48549	106111		Phi Sa	95	1
704	340	48585	105663		TÈu Th¹ch	95	1
704	340	48128	105583		TÈu Th¹ch	95	1
704	340	48951	106062		TÈu Th¹ch	95	1
703	340	48875	105620		Phi Sa	95	1
706	340	48806	105975		M¹c TÆc	95	1
705	340	48670	105847		Sa §¹o	95	1
703	340	49614	106395		Phi Sa	95	1
704	340	49651	105947		TÈu Th¹ch	95	1
703	340	49187	105515		Phi Sa	95	1
703	340	49855	105474		Phi Sa	95	1
704	340	50017	106347		TÈu Th¹ch	95	1
703	340	49941	105905		Phi Sa	95	1
706	340	49872	106259		M¹c TÆc	95	1
705	340	49735	106132		Sa §¹o	95	1
703	340	50648	105868		Phi Sa	95	1
703	340	50322	106359		Phi Sa	95	1
704	340	50358	105911		TÈu Th¹ch	95	1
706	340	50579	106223		M¹c TÆc	95	1
705	340	50443	106095		Sa §¹o	95	1
703	340	51156	106406		Phi Sa	95	1
704	340	51192	105958		TÈu Th¹ch	95	1
704	340	50724	106311		TÈu Th¹ch	95	1
704	340	51558	106357		TÈu Th¹ch	95	1
703	340	51482	105915		Phi Sa	95	1
706	340	51414	106270		M¹c TÆc	95	1
705	340	51277	106142		Sa §¹o	95	1
703	340	51917	106385		Phi Sa	95	1
704	340	51954	105937		TÈu Th¹ch	95	1
706	340	52175	106249		M¹c TÆc	95	1
705	340	52038	106121		Sa §¹o	95	1
703	340	51994	105547		Phi Sa	95	1
704	340	52320	106336		TÈu Th¹ch	95	1
703	340	52243	105894		Phi Sa	95	1
704	340	52397	105498		TÈu Th¹ch	95	1
703	340	53099	106079		Phi Sa	95	1
704	340	52809	106121		TÈu Th¹ch	95	1
706	340	53030	106433		M¹c TÆc	95	1
705	340	52893	106306		Sa §¹o	95	1
703	340	53911	105693		Phi Sa	95	1
706	340	54168	105556		M¹c TÆc	95	1
703	340	54593	105819		Phi Sa	95	1
705	340	54714	105555		Sa §¹o	95	1
704	340	54313	105644		TÈu Th¹ch	95	1
703	340	55113	106157		Phi Sa	95	1
704	340	54823	106200		TÈu Th¹ch	95	1
705	340	54908	106384		Sa §¹o	95	1
704	340	54995	105770		TÈu Th¹ch	95	1
706	340	54851	105682		M¹c TÆc	95	1
703	340	55763	106316		Phi Sa	95	1
704	340	55473	106359		TÈu Th¹ch	95	1
703	340	55963	106288		Phi Sa	95	1
703	340	56289	105797		Phi Sa	95	1
704	340	56000	105839		TÈu Th¹ch	95	1
706	340	56221	106151		M¹c TÆc	95	1
705	340	56084	106024		Sa §¹o	95	1
704	340	56365	106239		TÈu Th¹ch	95	1
703	340	57255	105976		Phi Sa	95	1
704	340	57291	105527		TÈu Th¹ch	95	1
704	340	57657	105927		TÈu Th¹ch	95	1
703	340	57581	105485		Phi Sa	95	1
706	340	57512	105839		M¹c TÆc	95	1
705	340	57376	105712		Sa §¹o	95	1
703	340	58590	105941		Phi Sa	95	1
704	340	58627	105492		TÈu Th¹ch	95	1
706	340	58848	105804		M¹c TÆc	95	1
705	340	58711	105677		Sa §¹o	95	1
704	340	58993	105892		TÈu Th¹ch	95	1
703	340	59728	106060		Phi Sa	95	1
704	340	59765	105612		TÈu Th¹ch	95	1
705	340	59849	105796		Sa §¹o	95	1
704	340	60131	106012		TÈu Th¹ch	95	1
703	340	60055	105570		Phi Sa	95	1
706	340	59986	105924		M¹c TÆc	95	1
703	340	60594	106490		Phi Sa	95	1
703	340	60760	106212		Phi Sa	95	1
704	340	60796	105764		TÈu Th¹ch	95	1
705	340	60881	105948		Sa §¹o	95	1
704	340	61162	106163		TÈu Th¹ch	95	1
703	340	61086	105721		Phi Sa	95	1
706	340	61017	106076		M¹c TÆc	95	1
704	340	40309	107241		TÈu Th¹ch	95	1
706	340	40803	106638		M¹c TÆc	95	1
703	340	40744	107273		Phi Sa	95	1
705	340	40486	107015		Sa §¹o	95	1
706	340	40658	107051		M¹c TÆc	95	1
706	340	41262	106991		M¹c TÆc	95	1
704	340	41185	106574		TÈu Th¹ch	95	1
705	340	40995	106735		Sa §¹o	95	1
705	340	40972	107401		Sa §¹o	95	1
706	340	41145	107437		M¹c TÆc	95	1
705	340	41635	106995		Sa §¹o	95	1
703	340	41755	106650		Phi Sa	95	1
705	340	42202	107269		Sa §¹o	95	1
706	340	42374	107305		M¹c TÆc	95	1
704	340	42025	107495		TÈu Th¹ch	95	1
706	340	42924	106609		M¹c TÆc	95	1
704	340	42965	107499		TÈu Th¹ch	95	1
705	340	43298	106613		Sa §¹o	95	1
705	340	43141	107273		Sa §¹o	95	1
706	340	43314	107309		M¹c TÆc	95	1
706	340	43714	106936		M¹c TÆc	95	1
704	340	43637	106519		TÈu Th¹ch	95	1
705	340	44087	106940		Sa §¹o	95	1
703	340	44207	106595		Phi Sa	95	1
706	340	45552	107095		M¹c TÆc	95	1
705	340	45216	107002		Sa §¹o	95	1
704	340	45061	107342		TÈu Th¹ch	95	1
703	340	45630	107418		Phi Sa	95	1
703	340	46741	106874		Phi Sa	95	1
706	340	46998	106737		M¹c TÆc	95	1
705	340	46862	106610		Sa §¹o	95	1
703	340	47157	107441		Phi Sa	95	1
704	340	47559	107392		TÈu Th¹ch	95	1
703	340	47483	106950		Phi Sa	95	1
704	340	47193	106992		TÈu Th¹ch	95	1
706	340	47414	107304		M¹c TÆc	95	1
705	340	47278	107177		Sa §¹o	95	1
703	340	47271	106622		Phi Sa	95	1
703	340	47708	107499		Phi Sa	95	1
704	340	48110	107450		TÈu Th¹ch	95	1
703	340	48034	107008		Phi Sa	95	1
704	340	47745	107051		TÈu Th¹ch	95	1
706	340	47966	107363		M¹c TÆc	95	1
705	340	47829	107235		Sa §¹o	95	1
704	340	47673	106573		TÈu Th¹ch	95	1
704	340	48568	107421		TÈu Th¹ch	95	1
703	340	48330	107032		Phi Sa	95	1
704	340	48367	106583		TÈu Th¹ch	95	1
706	340	48588	106895		M¹c TÆc	95	1
705	340	48451	106768		Sa §¹o	95	1
703	340	49048	107145		Phi Sa	95	1
704	340	49084	106697		TÈu Th¹ch	95	1
703	340	48858	107379		Phi Sa	95	1
704	340	48732	106983		TÈu Th¹ch	95	1
703	340	48656	106541		Phi Sa	95	1
704	340	49450	107096		TÈu Th¹ch	95	1
703	340	49374	106654		Phi Sa	95	1
706	340	49306	107009		M¹c TÆc	95	1
705	340	49169	106881		Sa §¹o	95	1
703	340	49534	107417		Phi Sa	95	1
704	340	49244	107460		TÈu Th¹ch	95	1
703	340	49973	107229		Phi Sa	95	1
704	340	50009	106781		TÈu Th¹ch	95	1
705	340	50094	106965		Sa §¹o	95	1
704	340	50679	107126		TÈu Th¹ch	95	1
704	340	50375	107180		TÈu Th¹ch	95	1
703	340	50299	106738		Phi Sa	95	1
706	340	50231	107093		M¹c TÆc	95	1
703	340	50968	107084		Phi Sa	95	1
706	340	50900	107438		M¹c TÆc	95	1
705	340	50763	107311		Sa §¹o	95	1
704	340	51555	107204		TÈu Th¹ch	95	1
705	340	51639	107388		Sa §¹o	95	1
703	340	51845	107161		Phi Sa	95	1
706	340	51776	107516		M¹c TÆc	95	1
703	340	52659	107123		Phi Sa	95	1
704	340	52369	107165		TÈu Th¹ch	95	1
706	340	52591	107477		M¹c TÆc	95	1
705	340	52454	107350		Sa §¹o	95	1
703	340	53082	107434		Phi Sa	95	1
704	340	53119	106986		TÈu Th¹ch	95	1
705	340	53203	107171		Sa §¹o	95	1
704	340	53175	106521		TÈu Th¹ch	95	1
703	340	52772	106569		Phi Sa	95	1
704	340	53485	107386		TÈu Th¹ch	95	1
703	340	53409	106944		Phi Sa	95	1
706	340	53340	107298		M¹c TÆc	95	1
704	340	53993	107081		TÈu Th¹ch	95	1
706	340	54214	107393		M¹c TÆc	95	1
705	340	54078	107265		Sa §¹o	95	1
704	340	54359	107480		TÈu Th¹ch	95	1
703	340	54283	107038		Phi Sa	95	1
703	340	54787	106648		Phi Sa	95	1
704	340	55189	106599		TÈu Th¹ch	95	1
706	340	55045	106512		M¹c TÆc	95	1
703	340	55437	106807		Phi Sa	95	1
706	340	55694	106671		M¹c TÆc	95	1
705	340	55558	106543		Sa §¹o	95	1
703	340	56213	107233		Phi Sa	95	1
704	340	55923	107276		TÈu Th¹ch	95	1
705	340	56007	107460		Sa §¹o	95	1
704	340	55839	106758		TÈu Th¹ch	95	1
704	340	56673	107195		TÈu Th¹ch	95	1
705	340	56758	107380		Sa §¹o	95	1
703	340	56963	107153		Phi Sa	95	1
706	340	56894	107507		M¹c TÆc	95	1
703	340	58203	107223		Phi Sa	95	1
704	340	58239	106774		TÈu Th¹ch	95	1
705	340	58324	106959		Sa §¹o	95	1
704	340	58605	107174		TÈu Th¹ch	95	1
703	340	58529	106732		Phi Sa	95	1
706	340	58461	107086		M¹c TÆc	95	1
704	340	59296	107076		TÈu Th¹ch	95	1
703	340	59220	106634		Phi Sa	95	1
703	340	58894	107125		Phi Sa	95	1
704	340	58930	106677		TÈu Th¹ch	95	1
706	340	59151	106989		M¹c TÆc	95	1
705	340	59015	106861		Sa §¹o	95	1
703	340	59893	106567		Phi Sa	95	1
703	340	59566	107058		Phi Sa	95	1
704	340	59603	106609		TÈu Th¹ch	95	1
706	340	59824	106921		M¹c TÆc	95	1
705	340	59687	106794		Sa §¹o	95	1
704	340	59969	107009		TÈu Th¹ch	95	1
703	340	60268	106980		Phi Sa	95	1
704	340	60304	106532		TÈu Th¹ch	95	1
705	340	60389	106717		Sa §¹o	95	1
704	340	60670	106932		TÈu Th¹ch	95	1
706	340	60526	106844		M¹c TÆc	95	1
706	340	40432	107521		M¹c TÆc	95	1
705	340	40624	107618		Sa §¹o	95	1
706	340	40919	107907		M¹c TÆc	95	1
704	340	40795	107627		TÈu Th¹ch	95	1
705	340	41111	108004		Sa §¹o	95	1
703	340	41231	107659		Phi Sa	95	1
705	340	42341	107872		Sa §¹o	95	1
703	340	42460	107527		Phi Sa	95	1
706	340	42148	107775		M¹c TÆc	95	1
705	340	43280	107876		Sa §¹o	95	1
703	340	43400	107531		Phi Sa	95	1
706	340	43088	107779		M¹c TÆc	95	1
705	340	45510	107763		Sa §¹o	95	1
706	340	45137	107759		M¹c TÆc	95	1
703	340	47355	108520		Phi Sa	95	1
704	340	47391	108072		TÈu Th¹ch	95	1
706	340	47613	108384		M¹c TÆc	95	1
705	340	47476	108256		Sa §¹o	95	1
704	340	47757	108471		TÈu Th¹ch	95	1
703	340	47681	108029		Phi Sa	95	1
703	340	48531	107869		Phi Sa	95	1
704	340	48623	108433		TÈu Th¹ch	95	1
704	340	48934	107821		TÈu Th¹ch	95	1
706	340	48789	107733		M¹c TÆc	95	1
705	340	48652	107606		Sa §¹o	95	1
703	340	48912	108390		Phi Sa	95	1
703	340	49207	107908		Phi Sa	95	1
704	340	49610	107860		TÈu Th¹ch	95	1
706	340	49465	107772		M¹c TÆc	95	1
705	340	49328	107644		Sa §¹o	95	1
703	340	49871	108097		Phi Sa	95	1
704	340	49907	107649		TÈu Th¹ch	95	1
706	340	50128	107961		M¹c TÆc	95	1
705	340	49992	107833		Sa §¹o	95	1
704	340	50477	108206		TÈu Th¹ch	95	1
705	340	50562	108391		Sa §¹o	95	1
703	340	50642	107575		Phi Sa	95	1
704	340	50273	108048		TÈu Th¹ch	95	1
703	340	50197	107606		Phi Sa	95	1
703	340	50767	108164		Phi Sa	95	1
706	340	50699	108518		M¹c TÆc	95	1
704	340	51044	107526		TÈu Th¹ch	95	1
703	340	51511	108193		Phi Sa	95	1
704	340	51222	108235		TÈu Th¹ch	95	1
705	340	51306	108420		Sa §¹o	95	1
703	340	51518	107652		Phi Sa	95	1
704	340	52094	108113		TÈu Th¹ch	95	1
705	340	52178	108297		Sa §¹o	95	1
704	340	51921	107603		TÈu Th¹ch	95	1
704	340	52735	107565		TÈu Th¹ch	95	1
703	340	52333	107614		Phi Sa	95	1
704	340	52460	108512		TÈu Th¹ch	95	1
703	340	52383	108070		Phi Sa	95	1
706	340	52315	108425		M¹c TÆc	95	1
704	340	53244	108499		TÈu Th¹ch	95	1
703	340	53168	108057		Phi Sa	95	1
704	340	52878	108100		TÈu Th¹ch	95	1
706	340	53099	108412		M¹c TÆc	95	1
705	340	52963	108284		Sa §¹o	95	1
703	340	53677	108252		Phi Sa	95	1
704	340	53713	107804		TÈu Th¹ch	95	1
703	340	53957	107529		Phi Sa	95	1
704	340	54079	108203		TÈu Th¹ch	95	1
703	340	54003	107761		Phi Sa	95	1
706	340	53935	108116		M¹c TÆc	95	1
705	340	53798	107988		Sa §¹o	95	1
703	340	54469	108031		Phi Sa	95	1
704	340	54505	107582		TÈu Th¹ch	95	1
706	340	54727	107894		M¹c TÆc	95	1
705	340	54590	107767		Sa §¹o	95	1
704	340	54871	107982		TÈu Th¹ch	95	1
703	340	54795	107540		Phi Sa	95	1
703	340	55783	108295		Phi Sa	95	1
704	340	55493	108338		TÈu Th¹ch	95	1
705	340	55578	108522		Sa §¹o	95	1
704	340	56289	107676		TÈu Th¹ch	95	1
703	340	55886	107724		Phi Sa	95	1
706	340	56144	107588		M¹c TÆc	95	1
703	340	56709	108312		Phi Sa	95	1
704	340	56419	108354		TÈu Th¹ch	95	1
705	340	56503	108539		Sa §¹o	95	1
703	340	56637	107644		Phi Sa	95	1
704	340	57154	108133		TÈu Th¹ch	95	1
705	340	57239	108318		Sa §¹o	95	1
704	340	57039	107595		TÈu Th¹ch	95	1
704	340	57520	108533		TÈu Th¹ch	95	1
703	340	57444	108091		Phi Sa	95	1
706	340	57375	108445		M¹c TÆc	95	1
703	340	58319	108278		Phi Sa	95	1
704	340	58356	107830		TÈu Th¹ch	95	1
704	340	58721	108230		TÈu Th¹ch	95	1
703	340	58645	107787		Phi Sa	95	1
706	340	58577	108142		M¹c TÆc	95	1
705	340	58440	108014		Sa §¹o	95	1
703	340	59345	107544		Phi Sa	95	1
706	340	59276	107898		M¹c TÆc	95	1
703	340	59018	108035		Phi Sa	95	1
704	340	59055	107586		TÈu Th¹ch	95	1
705	340	59139	107771		Sa §¹o	95	1
704	340	59152	108380		TÈu Th¹ch	95	1
704	340	59421	107986		TÈu Th¹ch	95	1
703	340	59442	108337		Phi Sa	95	1
703	340	59755	108101		Phi Sa	95	1
704	340	59791	107653		TÈu Th¹ch	95	1
705	340	59876	107837		Sa §¹o	95	1
704	340	60157	108053		TÈu Th¹ch	95	1
703	340	60081	107610		Phi Sa	95	1
706	340	60012	107965		M¹c TÆc	95	1
703	340	60321	108411		Phi Sa	95	1
704	340	60357	107962		TÈu Th¹ch	95	1
704	340	60723	108362		TÈu Th¹ch	95	1
703	340	60647	107920		Phi Sa	95	1
706	340	60578	108274		M¹c TÆc	95	1
705	340	60442	108147		Sa §¹o	95	1
704	340	61330	108280		TÈu Th¹ch	95	1
703	340	61254	107837		Phi Sa	95	1
706	340	61186	108192		M¹c TÆc	95	1
703	340	60928	108328		Phi Sa	95	1
704	340	60964	107880		TÈu Th¹ch	95	1
705	340	61049	108064		Sa §¹o	95	1
703	340	48586	108881		Phi Sa	95	1
704	340	48988	108833		TÈu Th¹ch	95	1
706	340	48844	108745		M¹c TÆc	95	1
705	340	48707	108617		Sa §¹o	95	1
703	340	50441	108655		Phi Sa	95	1
703	340	51185	108683		Phi Sa	95	1
704	340	50843	108606		TÈu Th¹ch	95	1
704	340	51587	108635		TÈu Th¹ch	95	1
706	340	51443	108547		M¹c TÆc	95	1
703	340	52057	108561		Phi Sa	95	1
704	340	52221	109421		TÈu Th¹ch	95	1
703	340	52145	108979		Phi Sa	95	1
703	340	51819	109470		Phi Sa	95	1
704	340	51855	109021		TÈu Th¹ch	95	1
706	340	52077	109333		M¹c TÆc	95	1
705	340	51940	109206		Sa §¹o	95	1
703	340	52842	108548		Phi Sa	95	1
703	340	53740	109455		Phi Sa	95	1
704	340	54143	109406		TÈu Th¹ch	95	1
703	340	54067	108964		Phi Sa	95	1
704	340	53777	109007		TÈu Th¹ch	95	1
706	340	53998	109319		M¹c TÆc	95	1
705	340	53862	109191		Sa §¹o	95	1
703	340	54745	109348		Phi Sa	95	1
704	340	54781	108900		TÈu Th¹ch	95	1
705	340	54403	109195		Sa §¹o	95	1
705	340	54558	109002		Sa §¹o	95	1
704	340	55147	109299		TÈu Th¹ch	95	1
703	340	55071	108857		Phi Sa	95	1
706	340	55002	109212		M¹c TÆc	95	1
705	340	54866	109084		Sa §¹o	95	1
704	340	55655	109193		TÈu Th¹ch	95	1
705	340	55739	109378		Sa §¹o	95	1
703	340	55457	108786		Phi Sa	95	1
706	340	55715	108650		M¹c TÆc	95	1
705	340	55412	109459		Sa §¹o	95	1
703	340	55945	109151		Phi Sa	95	1
706	340	55876	109505		M¹c TÆc	95	1
704	340	55859	108737		TÈu Th¹ch	95	1
703	340	56636	109196		Phi Sa	95	1
704	340	56346	109238		TÈu Th¹ch	95	1
706	340	56568	109550		M¹c TÆc	95	1
705	340	56431	109423		Sa §¹o	95	1
704	340	56785	108754		TÈu Th¹ch	95	1
703	340	56382	108803		Phi Sa	95	1
706	340	56640	108666		M¹c TÆc	95	1
703	340	57118	108581		Phi Sa	95	1
705	340	57139	109160		Sa §¹o	95	1
703	340	57783	108939		Phi Sa	95	1
703	340	57457	109429		Phi Sa	95	1
704	340	57494	108981		TÈu Th¹ch	95	1
706	340	57715	109293		M¹c TÆc	95	1
705	340	57578	109166		Sa §¹o	95	1
704	340	57859	109381		TÈu Th¹ch	95	1
706	340	59373	108692		M¹c TÆc	95	1
703	340	59116	108828		Phi Sa	95	1
705	340	59237	108564		Sa §¹o	95	1
704	340	59518	108779		TÈu Th¹ch	95	1
703	340	60907	108597		Phi Sa	95	1
706	340	60838	108952		M¹c TÆc	95	1
703	340	60580	109088		Phi Sa	95	1
704	340	60617	108640		TÈu Th¹ch	95	1
705	340	60701	108824		Sa §¹o	95	1
704	340	60432	109503		TÈu Th¹ch	95	1
704	340	60983	109039		TÈu Th¹ch	95	1
703	340	55618	109641		Phi Sa	95	1
703	340	56310	109687		Phi Sa	95	1
704	340	56021	109593		TÈu Th¹ch	95	1
704	340	56712	109638		TÈu Th¹ch	95	1
704	340	57342	110086		TÈu Th¹ch	95	1
703	340	57266	109644		Phi Sa	95	1
703	340	56940	110135		Phi Sa	95	1
704	340	56977	109686		TÈu Th¹ch	95	1
706	340	57198	109998		M¹c TÆc	95	1
705	340	57061	109871		Sa §¹o	95	1
705	340	57731	110063		Sa §¹o	95	1
703	340	58097	110086		Phi Sa	95	1
704	340	58134	109637		TÈu Th¹ch	95	1
706	340	58355	109949		M¹c TÆc	95	1
705	340	58218	109822		Sa §¹o	95	1
705	340	57863	109799		Sa §¹o	95	1
704	340	58499	110037		TÈu Th¹ch	95	1
703	340	58423	109595		Phi Sa	95	1
703	340	60797	110376		Phi Sa	95	1
704	340	60833	109928		TÈu Th¹ch	95	1
705	340	60918	110112		Sa §¹o	95	1
704	340	60620	109788		TÈu Th¹ch	95	1
704	340	61199	110327		TÈu Th¹ch	95	1
703	340	61123	109885		Phi Sa	95	1
706	340	61054	110240		M¹c TÆc	95	1