NpcID	MapID	PosX	PosY	ScriptFile	NpcName	Level	IsLoad
34	37	51771	74563		Linh Mi™u 	10	1
12	37	51719	74627		Nh›m	10	1
12	37	51008	75631		Nh›m	10	1
34	37	50909	75605		Linh Mi™u 	10	1
11	37	51659	74797		Heo rıng	10	1
34	37	51654	74958		Linh Mi™u 	10	1
12	37	51621	74922		Nh›m	10	1
12	37	51286	75333		Nh›m	10	1
34	37	51242	75292		Linh Mi™u 	10	1
12	37	51846	75341		Nh›m	10	1
11	37	51862	74893		Heo rıng	10	1
12	37	51864	75133		Nh›m	10	1
12	37	52103	75676		Nh›m	10	1
33	37	51997	75732		G u	10	1
12	37	52428	75070		Nh›m	10	1
12	37	52269	75287		Nh›m	10	1
33	37	52513	75185		G u	10	1
33	37	52545	75762		G u	10	1
11	37	52617	75541		Heo rıng	10	1
12	37	53209	75556		Nh›m	10	1
12	37	53488	75580		Nh›m	10	1
34	37	53336	75593		Linh Mi™u 	10	1
33	37	53760	75712		G u	10	1
34	37	45888	75936		Linh Mi™u 	10	1
33	37	45718	76233		G u	10	1
11	37	45923	76734		Heo rıng	10	1
12	37	45796	76316		Nh›m	10	1
12	37	45862	76049		Nh›m	10	1
34	37	45944	76439		Linh Mi™u 	10	1
33	37	46520	76770		G u	10	1
33	37	46341	76268		G u	10	1
11	37	46349	76765		Heo rıng	10	1
12	37	46144	75973		Nh›m	10	1
12	37	46415	76278		Nh›m	10	1
12	37	46204	76554		Nh›m	10	1
12	37	51192	76561		Nh›m	10	1
12	37	51000	75963		Nh›m	10	1
33	37	51068	76324		G u	10	1
33	37	51648	76352		G u	10	1
12	37	51264	76704		Nh›m	10	1
12	37	51643	76663		Nh›m	10	1
12	37	51402	75803		Nh›m	10	1
11	37	51205	75797		Heo rıng	10	1
12	37	51972	76012		Nh›m	10	1
11	37	52009	76604		Heo rıng	10	1
12	37	51883	76582		Nh›m	10	1
11	37	52578	76398		Heo rıng	10	1
12	37	52321	76522		Nh›m	10	1
12	37	52739	76311		Nh›m	10	1
12	37	52777	76503		Nh›m	10	1
12	37	53381	75951		Nh›m	10	1
33	37	53326	76019		G u	10	1
34	37	53270	76627		Linh Mi™u 	10	1
12	37	53272	76467		Nh›m	10	1
12	37	53479	76654		Nh›m	10	1
33	37	54016	76576		G u	10	1
12	37	54144	76320		Nh›m	10	1
12	37	54218	76725		Nh›m	10	1
12	37	53966	75949		Nh›m	10	1
11	37	54279	76679		Heo rıng	10	1
12	37	45920	77376		Nh›m	10	1
11	37	45839	77193		Heo rıng	10	1
12	37	45957	76977		Nh›m	10	1
12	37	46201	77782		Nh›m	10	1
11	37	46208	77502		Heo rıng	10	1
12	37	46460	77197		Nh›m	10	1
34	37	46579	76979		Linh Mi™u 	10	1
34	37	46090	77325		Linh Mi™u 	10	1
12	37	46648	77626		Nh›m	10	1
33	37	46610	77083		G u	10	1
11	37	46643	76928		Heo rıng	10	1
12	37	50912	77632		Nh›m	10	1
12	37	50817	77799		Nh›m	10	1
33	37	50783	77622		G u	10	1
12	37	51366	77369		Nh›m	10	1
11	37	51536	77250		Heo rıng	10	1
11	37	51371	77041		Heo rıng	10	1
12	37	52000	77792		Nh›m	10	1
12	37	51808	77504		Nh›m	10	1
34	37	52298	77280		Linh Mi™u 	10	1
12	37	52262	77510		Nh›m	10	1
12	37	52280	76874		Nh›m	10	1
12	37	53069	77451		Nh›m	10	1
12	37	52898	77813		Nh›m	10	1
33	37	52812	77570		G u	10	1
34	37	52954	77383		Linh Mi™u 	10	1
33	37	53632	77440		G u	10	1
33	37	53302	77418		G u	10	1
33	37	53317	77711		G u	10	1
12	37	53442	77131		Nh›m	10	1
12	37	54164	77042		Nh›m	10	1
33	37	54024	77791		G u	10	1
12	37	53763	77774		Nh›m	10	1
12	37	53883	77185		Nh›m	10	1
33	37	54656	77536		G u	10	1
12	37	54535	77518		Nh›m	10	1
12	37	54451	77301		Nh›m	10	1
34	37	54470	77167		Linh Mi™u 	10	1
11	37	46496	78208		Heo rıng	10	1
33	37	46336	78512		G u	10	1
12	37	46346	77976		Nh›m	10	1
33	37	46159	78005		G u	10	1
12	37	46968	78823		Nh›m	10	1
11	37	46812	78163		Heo rıng	10	1
12	37	46926	78328		Nh›m	10	1
12	37	46638	78547		Nh›m	10	1
33	37	50656	78080		G u	10	1
11	37	50432	78112		Heo rıng	10	1
12	37	50484	78635		Nh›m	10	1
33	37	50820	78729		G u	10	1
11	37	51072	78544		Heo rıng	10	1
12	37	51015	78648		Nh›m	10	1
12	37	50921	78099		Nh›m	10	1
11	37	50879	77917		Heo rıng	10	1
12	37	50869	78592		Nh›m	10	1
12	37	51637	77834		Nh›m	10	1
12	37	51610	78246		Nh›m	10	1
33	37	51542	77850		G u	10	1
11	37	52172	77847		Heo rıng	10	1
11	37	51719	78099		Heo rıng	10	1
33	37	52138	78666		G u	10	1
12	37	52152	78237		Nh›m	10	1
12	37	52251	78656		Nh›m	10	1
12	37	52367	78263		Nh›m	10	1
11	37	53011	77919		Heo rıng	10	1
12	37	52912	78725		Nh›m	10	1
12	37	52962	78303		Nh›m	10	1
33	37	53107	78558		G u	10	1
12	37	53583	78625		Nh›m	10	1
12	37	53672	77949		Nh›m	10	1
12	37	53384	78598		Nh›m	10	1
33	37	53915	78758		G u	10	1
12	37	53892	78523		Nh›m	10	1
11	37	54081	78804		Heo rıng	10	1
12	37	54068	77997		Nh›m	10	1
12	37	54582	78659		Nh›m	10	1
34	37	54674	78770		Linh Mi™u 	10	1
33	37	54591	78447		G u	10	1
12	37	54748	77882		Nh›m	10	1
12	37	55101	78192		Nh›m	10	1
12	37	55189	78250		Nh›m	10	1
12	37	55744	78752		Nh›m	10	1
12	37	55557	78747		Nh›m	10	1
34	37	55639	78791		Linh Mi™u 	10	1
12	37	55515	77846		Nh›m	10	1
12	37	55695	78221		Nh›m	10	1
11	37	55407	78549		Heo rıng	10	1
34	37	55369	77923		Linh Mi™u 	10	1
12	37	55535	78134		Nh›m	10	1
33	37	55904	78816		G u	10	1
34	37	55881	78634		Linh Mi™u 	10	1
12	37	46496	78880		Nh›m	10	1
12	37	46369	79584		Nh›m	10	1
34	37	46440	79168		Linh Mi™u 	10	1
12	37	46279	79160		Nh›m	10	1
12	37	46690	79631		Nh›m	10	1
33	37	47360	79360		G u	10	1
11	37	47185	79094		Heo rıng	10	1
12	37	47214	79298		Nh›m	10	1
12	37	47365	79160		Nh›m	10	1
12	37	47648	79392		Nh›m	10	1
12	37	48816	79118		Nh›m	10	1
12	37	48801	79626		Nh›m	10	1
33	37	48750	79366		G u	10	1
11	37	49115	79626		Heo rıng	10	1
34	37	49008	79583		Linh Mi™u 	10	1
12	37	49021	79759		Nh›m	10	1
33	37	49116	78931		G u	10	1
12	37	49211	78874		Nh›m	10	1
34	37	49167	79201		Linh Mi™u 	10	1
12	37	49315	79098		Nh›m	10	1
34	37	49557	79029		Linh Mi™u 	10	1
33	37	49557	79270		G u	10	1
12	37	49653	79721		Nh›m	10	1
12	37	50080	79136		Nh›m	10	1
34	37	49900	79456		Linh Mi™u 	10	1
12	37	49665	79224		Nh›m	10	1
34	37	49959	79011		Linh Mi™u 	10	1
11	37	50309	79277		Heo rıng	10	1
33	37	50786	79747		G u	10	1
33	37	50697	79816		G u	10	1
12	37	51520	79744		Nh›m	10	1
12	37	51566	79316		Nh›m	10	1
34	37	51488	79408		Linh Mi™u 	10	1
11	37	51375	79612		Heo rıng	10	1
12	37	51760	79052		Nh›m	10	1
11	37	52168	79205		Heo rıng	10	1
34	37	52068	79501		Linh Mi™u 	10	1
12	37	51903	79449		Nh›m	10	1
34	37	52425	79711		Linh Mi™u 	10	1
33	37	52287	79657		G u	10	1
12	37	52309	79420		Nh›m	10	1
12	37	52868	79047		Nh›m	10	1
33	37	52930	79320		G u	10	1
11	37	53162	79860		Heo rıng	10	1
34	37	53493	79642		Linh Mi™u 	10	1
12	37	53332	79599		Nh›m	10	1
12	37	53557	79037		Nh›m	10	1
12	37	54237	79819		Nh›m	10	1
33	37	53836	79730		G u	10	1
12	37	53952	79814		Nh›m	10	1
33	37	54179	78875		G u	10	1
12	37	54395	78850		Nh›m	10	1
11	37	55232	79296		Heo rıng	10	1
11	37	55040	79072		Heo rıng	10	1
33	37	54912	79616		G u	10	1
12	37	55188	79021		Nh›m	10	1
12	37	54837	79585		Nh›m	10	1
33	37	55670	79824		G u	10	1
11	37	55747	79816		Heo rıng	10	1
11	37	55647	79768		Heo rıng	10	1
11	37	55690	79703		Heo rıng	10	1
12	37	55758	79008		Nh›m	10	1
11	37	55565	79686		Heo rıng	10	1
11	37	56288	79712		Heo rıng	10	1
33	37	56096	79264		G u	10	1
12	37	56104	79099		Nh›m	10	1
34	37	56164	79268		Linh Mi™u 	10	1
33	37	56799	79854		G u	10	1
11	37	56790	79154		Heo rıng	10	1
33	37	56798	79420		G u	10	1
33	37	57280	79488		G u	10	1
33	37	56896	79200		G u	10	1
11	37	57088	79488		Heo rıng	10	1
12	37	57062	79277		Nh›m	10	1
12	37	56837	79674		Nh›m	10	1
33	37	57839	79856		G u	10	1
12	37	57516	79558		Nh›m	10	1
12	37	57428	79824		Nh›m	10	1
11	37	57400	79668		Heo rıng	10	1
34	37	59023	79584		Linh Mi™u 	10	1
12	37	59059	79342		Nh›m	10	1
11	37	59288	79531		Heo rıng	10	1
34	37	59681	79504		Linh Mi™u 	10	1
34	37	59627	79495		Linh Mi™u 	10	1
12	37	59422	79108		Nh›m	10	1
12	37	59545	79453		Nh›m	10	1
33	37	59439	79397		G u	10	1
11	37	59989	79364		Heo rıng	10	1
12	37	60089	79457		Nh›m	10	1
34	37	65388	79648		Linh Mi™u 	10	1
12	37	65428	79432		Nh›m	10	1
12	37	65969	79231		Nh›m	10	1
34	37	65779	79330		Linh Mi™u 	10	1
12	37	65819	79507		Nh›m	10	1
12	37	66021	79449		Nh›m	10	1
11	37	66308	79668		Heo rıng	10	1
12	37	66497	79770		Nh›m	10	1
12	37	66449	79153		Nh›m	10	1
34	37	66877	79736		Linh Mi™u 	10	1
33	37	66684	79869		G u	10	1
12	37	67013	79518		Nh›m	10	1
12	37	66726	79656		Nh›m	10	1
34	37	66672	79590		Linh Mi™u 	10	1
12	37	66825	79520		Nh›m	10	1
33	37	46501	80215		G u	10	1
34	37	46426	80599		Linh Mi™u 	10	1
12	37	46640	80078		Nh›m	10	1
12	37	46676	80683		Nh›m	10	1
11	37	47067	80625		Heo rıng	10	1
12	37	47551	80889		Nh›m	10	1
11	37	47528	79915		Heo rıng	10	1
33	37	47880	80400		G u	10	1
12	37	47704	80465		Nh›m	10	1
11	37	47770	79887		Heo rıng	10	1
34	37	48536	80078		Linh Mi™u 	10	1
11	37	49022	80463		Heo rıng	10	1
12	37	48730	80257		Nh›m	10	1
11	37	48868	80796		Heo rıng	10	1
33	37	49022	80090		G u	10	1
33	37	48837	80584		G u	10	1
11	37	49248	80704		Heo rıng	10	1
33	37	49184	80864		G u	10	1
12	37	49575	80457		Nh›m	10	1
33	37	49502	80521		G u	10	1
11	37	49327	79963		Heo rıng	10	1
12	37	49792	80416		Nh›m	10	1
11	37	49856	80768		Heo rıng	10	1
34	37	49952	80608		Linh Mi™u 	10	1
34	37	50080	80800		Linh Mi™u 	10	1
11	37	50464	79872		Heo rıng	10	1
12	37	50226	80649		Nh›m	10	1
33	37	50612	80139		G u	10	1
12	37	51437	80429		Nh›m	10	1
12	37	51638	80722		Nh›m	10	1
33	37	51414	80763		G u	10	1
12	37	51928	80332		Nh›m	10	1
34	37	51831	80481		Linh Mi™u 	10	1
33	37	52202	80729		G u	10	1
11	37	52111	80644		Heo rıng	10	1
33	37	52569	79911		G u	10	1
34	37	52403	80088		Linh Mi™u 	10	1
12	37	52285	80215		Nh›m	10	1
12	37	52673	80805		Nh›m	10	1
11	37	52852	80000		Heo rıng	10	1
12	37	52736	80053		Nh›m	10	1
11	37	53647	79908		Heo rıng	10	1
33	37	54180	79951		G u	10	1
33	37	54210	80676		G u	10	1
11	37	54568	80034		Heo rıng	10	1
12	37	55078	80481		Nh›m	10	1
12	37	54807	80388		Nh›m	10	1
33	37	54972	80744		G u	10	1
11	37	54885	80622		Heo rıng	10	1
12	37	55325	79996		Nh›m	10	1
11	37	55461	80479		Heo rıng	10	1
33	37	55546	80696		G u	10	1
12	37	55700	80510		Nh›m	10	1
12	37	55890	80430		Nh›m	10	1
12	37	55986	80751		Nh›m	10	1
11	37	56558	80320		Heo rıng	10	1
11	37	56417	80583		Heo rıng	10	1
12	37	56469	80157		Nh›m	10	1
12	37	56995	80461		Nh›m	10	1
12	37	57060	80252		Nh›m	10	1
12	37	57037	79883		Nh›m	10	1
12	37	56840	80051		Nh›m	10	1
33	37	56934	80194		G u	10	1
34	37	57150	80673		Linh Mi™u 	10	1
33	37	57828	80756		G u	10	1
34	37	57698	80418		Linh Mi™u 	10	1
12	37	57803	80083		Nh›m	10	1
12	37	57354	80644		Nh›m	10	1
11	37	57651	80182		Heo rıng	10	1
12	37	58315	80821		Nh›m	10	1
12	37	58190	80758		Nh›m	10	1
12	37	58592	80384		Nh›m	10	1
11	37	58527	80505		Heo rıng	10	1
33	37	58870	79969		G u	10	1
12	37	59059	80423		Nh›m	10	1
11	37	59017	79973		Heo rıng	10	1
12	37	59178	80153		Nh›m	10	1
12	37	59752	80850		Nh›m	10	1
12	37	59860	80388		Nh›m	10	1
12	37	59648	80554		Nh›m	10	1
12	37	60805	80884		Nh›m	10	1
12	37	60430	80748		Nh›m	10	1
12	37	61857	80360		Nh›m	10	1
34	37	65502	80492		Linh Mi™u 	10	1
34	37	65563	80719		Linh Mi™u 	10	1
33	37	65790	80659		G u	10	1
12	37	65658	80547		Nh›m	10	1
33	37	65747	80056		G u	10	1
11	37	65708	80237		Heo rıng	10	1
34	37	66133	80833		Linh Mi™u 	10	1
12	37	66278	80362		Nh›m	10	1
34	37	66346	80496		Linh Mi™u 	10	1
12	37	66180	80127		Nh›m	10	1
34	37	66105	80157		Linh Mi™u 	10	1
11	37	66072	80255		Heo rıng	10	1
34	37	45503	81713		Linh Mi™u 	10	1
12	37	45725	81473		Nh›m	10	1
11	37	45976	81351		Heo rıng	10	1
12	37	46301	81308		Nh›m	10	1
11	37	46461	81670		Heo rıng	10	1
11	37	47039	81449		Heo rıng	10	1
12	37	47075	81695		Nh›m	10	1
12	37	46691	81736		Nh›m	10	1
34	37	46894	81799		Linh Mi™u 	10	1
33	37	47122	81915		G u	10	1
12	37	48061	81417		Nh›m	10	1
12	37	47660	81489		Nh›m	10	1
12	37	48328	81073		Nh›m	10	1
12	37	48392	81579		Nh›m	10	1
34	37	48548	81283		Linh Mi™u 	10	1
34	37	48519	81509		Linh Mi™u 	10	1
11	37	48441	81335		Heo rıng	10	1
34	37	49048	81200		Linh Mi™u 	10	1
12	37	48983	81287		Nh›m	10	1
33	37	48857	81247		G u	10	1
12	37	49624	81267		Nh›m	10	1
34	37	49598	81229		Linh Mi™u 	10	1
33	37	49279	81224		G u	10	1
33	37	49186	81414		G u	10	1
11	37	50035	81151		Heo rıng	10	1
34	37	50121	81325		Linh Mi™u 	10	1
34	37	50030	80988		Linh Mi™u 	10	1
34	37	50432	80992		Linh Mi™u 	10	1
33	37	50880	81184		G u	10	1
33	37	50848	81376		G u	10	1
12	37	50939	81801		Nh›m	10	1
12	37	50971	81342		Nh›m	10	1
11	37	51506	80896		Heo rıng	10	1
12	37	51666	81441		Nh›m	10	1
34	37	51596	81184		Linh Mi™u 	10	1
11	37	51712	81536		Heo rıng	10	1
33	37	51779	81685		G u	10	1
11	37	52294	81484		Heo rıng	10	1
11	37	52426	81763		Heo rıng	10	1
12	37	52371	81151		Nh›m	10	1
11	37	52736	81760		Heo rıng	10	1
11	37	52987	81180		Heo rıng	10	1
12	37	53157	81255		Nh›m	10	1
12	37	52972	81632		Nh›m	10	1
34	37	53243	81052		Linh Mi™u 	10	1
33	37	53440	81792		G u	10	1
11	37	53248	81248		Heo rıng	10	1
11	37	53269	81793		Heo rıng	10	1
12	37	54102	80933		Nh›m	10	1
11	37	54216	80925		Heo rıng	10	1
11	37	54138	81677		Heo rıng	10	1
11	37	53931	81522		Heo rıng	10	1
34	37	53893	80983		Linh Mi™u 	10	1
33	37	53957	81186		G u	10	1
12	37	53898	81795		Nh›m	10	1
12	37	54296	81039		Nh›m	10	1
33	37	54641	81829		G u	10	1
12	37	54600	81591		Nh›m	10	1
11	37	55164	81670		Heo rıng	10	1
34	37	54875	81666		Linh Mi™u 	10	1
12	37	55283	81535		Nh›m	10	1
12	37	55516	81681		Nh›m	10	1
34	37	55840	81728		Linh Mi™u 	10	1
33	37	56691	81888		G u	10	1
12	37	56514	81732		Nh›m	10	1
34	37	56928	81728		Linh Mi™u 	10	1
12	37	56845	81551		Nh›m	10	1
11	37	57290	81233		Heo rıng	10	1
12	37	57165	81426		Nh›m	10	1
11	37	57588	81864		Heo rıng	10	1
12	37	57732	80987		Nh›m	10	1
12	37	57931	81809		Nh›m	10	1
34	37	58687	81870		Linh Mi™u 	10	1
12	37	58569	81130		Nh›m	10	1
11	37	58446	81065		Heo rıng	10	1
34	37	58429	81291		Linh Mi™u 	10	1
12	37	58471	81551		Nh›m	10	1
11	37	59296	81440		Heo rıng	10	1
12	37	59205	81092		Nh›m	10	1
12	37	58897	81251		Nh›m	10	1
33	37	59776	81760		G u	10	1
12	37	60187	81051		Nh›m	10	1
11	37	65952	81760		Heo rıng	10	1
33	37	65836	81152		G u	10	1
11	37	65626	81408		Heo rıng	10	1
12	37	66229	81012		Nh›m	10	1
11	37	66105	81109		Heo rıng	10	1
33	37	44448	82656		G u	10	1
12	37	44534	82625		Nh›m	10	1
11	37	44704	82304		Heo rıng	10	1
34	37	45344	82688		Linh Mi™u 	10	1
11	37	45193	82169		Heo rıng	10	1
12	37	45078	82287		Nh›m	10	1
12	37	45302	82836		Nh›m	10	1
12	37	45433	82430		Nh›m	10	1
12	37	45952	82016		Nh›m	10	1
11	37	45595	81928		Heo rıng	10	1
11	37	45573	82353		Heo rıng	10	1
12	37	46333	81928		Nh›m	10	1
34	37	46210	82492		Linh Mi™u 	10	1
33	37	46165	82144		G u	10	1
12	37	46265	82311		Nh›m	10	1
34	37	46377	82342		Linh Mi™u 	10	1
12	37	46898	82050		Nh›m	10	1
34	37	46613	81962		Linh Mi™u 	10	1
11	37	48044	82656		Heo rıng	10	1
12	37	47916	81928		Nh›m	10	1
12	37	47803	82467		Nh›m	10	1
34	37	47672	82359		Linh Mi™u 	10	1
33	37	47731	82579		G u	10	1
12	37	48614	82140		Nh›m	10	1
34	37	48539	82419		Linh Mi™u 	10	1
11	37	48389	82073		Heo rıng	10	1
33	37	48843	82568		G u	10	1
12	37	48917	82720		Nh›m	10	1
11	37	49347	82746		Heo rıng	10	1
12	37	49578	82158		Nh›m	10	1
12	37	49388	82436		Nh›m	10	1
33	37	49261	82554		G u	10	1
33	37	49952	82336		G u	10	1
12	37	50162	82263		Nh›m	10	1
12	37	49984	82714		Nh›m	10	1
11	37	50451	82168		Heo rıng	10	1
12	37	50510	82632		Nh›m	10	1
12	37	51196	82161		Nh›m	10	1
12	37	50974	82596		Nh›m	10	1
11	37	51174	82752		Heo rıng	10	1
33	37	50859	82791		G u	10	1
34	37	51655	82744		Linh Mi™u 	10	1
12	37	51684	82865		Nh›m	10	1
12	37	51370	82565		Nh›m	10	1
34	37	51744	82880		Linh Mi™u 	10	1
12	37	52210	82908		Nh›m	10	1
12	37	51876	82690		Nh›m	10	1
33	37	52932	82101		G u	10	1
12	37	52806	82013		Nh›m	10	1
11	37	53113	82038		Heo rıng	10	1
33	37	53728	82720		G u	10	1
11	37	53559	82605		Heo rıng	10	1
11	37	53462	82199		Heo rıng	10	1
33	37	53325	82167		G u	10	1
11	37	53856	82240		Heo rıng	10	1
34	37	54144	81920		Linh Mi™u 	10	1
34	37	54431	82457		Linh Mi™u 	10	1
12	37	54309	82436		Nh›m	10	1
12	37	54789	82213		Nh›m	10	1
12	37	55030	82740		Nh›m	10	1
11	37	55241	82109		Heo rıng	10	1
12	37	55339	82605		Nh›m	10	1
12	37	55585	82711		Nh›m	10	1
33	37	55389	82798		G u	10	1
34	37	55783	82383		Linh Mi™u 	10	1
11	37	56024	82107		Heo rıng	10	1
12	37	56011	82512		Nh›m	10	1
12	37	55817	82273		Nh›m	10	1
34	37	56742	82791		Linh Mi™u 	10	1
12	37	56604	82688		Nh›m	10	1
12	37	56748	82431		Nh›m	10	1
12	37	56717	82019		Nh›m	10	1
34	37	57278	82679		Linh Mi™u 	10	1
34	37	56890	82478		Linh Mi™u 	10	1
33	37	57139	82529		G u	10	1
12	37	56964	82289		Nh›m	10	1
12	37	57310	82393		Nh›m	10	1
11	37	57511	82328		Heo rıng	10	1
12	37	57630	82077		Nh›m	10	1
12	37	58240	82368		Nh›m	10	1
12	37	58027	82738		Nh›m	10	1
12	37	59123	82630		Nh›m	10	1
12	37	58898	82609		Nh›m	10	1
33	37	59382	82282		G u	10	1
12	37	59280	82376		Nh›m	10	1
11	37	59743	82699		Heo rıng	10	1
12	37	59434	82529		Nh›m	10	1
12	37	60209	82517		Nh›m	10	1
34	37	60271	82267		Linh Mi™u 	10	1
11	37	60135	82140		Heo rıng	10	1
34	37	65440	82784		Linh Mi™u 	10	1
33	37	65522	82863		G u	10	1
12	37	65566	82753		Nh›m	10	1
11	37	65726	82180		Heo rıng	10	1
12	37	65614	82119		Nh›m	10	1
12	37	66308	82563		Nh›m	10	1
11	37	66203	82761		Heo rıng	10	1
34	37	66416	82379		Linh Mi™u 	10	1
33	37	66182	82049		G u	10	1
704	37	49589	105466		T»u Thπch	10	1
703	37	49513	105024		Phi Sa	10	1
704	37	49224	105066		T»u Thπch	10	1
706	37	49445	105378		Mπc T∆c	10	1
705	37	49308	105251		Sa ßπo	10	1
703	37	49336	104542		Phi Sa	10	1
12	37	43452	83847		Nh›m	10	1
12	37	43485	83469		Nh›m	10	1
33	37	43496	83154		G u	10	1
11	37	43808	82976		Heo rıng	10	1
12	37	43872	83520		Nh›m	10	1
12	37	43746	83103		Nh›m	10	1
33	37	43773	83360		G u	10	1
33	37	44501	83079		G u	10	1
34	37	44499	83285		Linh Mi™u 	10	1
12	37	44461	83861		Nh›m	10	1
33	37	44832	83584		G u	10	1
33	37	44736	83712		G u	10	1
12	37	44683	83073		Nh›m	10	1
11	37	45053	83045		Heo rıng	10	1
34	37	44976	83291		Linh Mi™u 	10	1
34	37	45235	83155		Linh Mi™u 	10	1
12	37	45170	83027		Nh›m	10	1
12	37	48060	83755		Nh›m	10	1
12	37	48047	83434		Nh›m	10	1
12	37	48597	83847		Nh›m	10	1
11	37	48430	83368		Heo rıng	10	1
12	37	48236	82996		Nh›m	10	1
12	37	48208	83522		Nh›m	10	1
34	37	48293	83835		Linh Mi™u 	10	1
11	37	48536	83744		Heo rıng	10	1
12	37	49033	83693		Nh›m	10	1
12	37	48865	83375		Nh›m	10	1
12	37	49166	83061		Nh›m	10	1
12	37	49431	83145		Nh›m	10	1
11	37	49282	83799		Heo rıng	10	1
12	37	49756	83641		Nh›m	10	1
33	37	50110	82970		G u	10	1
11	37	50067	83521		Heo rıng	10	1
12	37	49972	82990		Nh›m	10	1
34	37	50192	83879		Linh Mi™u 	10	1
12	37	50552	83165		Nh›m	10	1
12	37	50525	83770		Nh›m	10	1
12	37	51197	83439		Nh›m	10	1
12	37	51151	83951		Nh›m	10	1
11	37	50800	83240		Heo rıng	10	1
12	37	51456	83168		Nh›m	10	1
11	37	51376	83866		Heo rıng	10	1
33	37	52192	83808		G u	10	1
34	37	52192	83296		Linh Mi™u 	10	1
11	37	51820	83056		Heo rıng	10	1
12	37	51938	83691		Nh›m	10	1
34	37	52512	83264		Linh Mi™u 	10	1
33	37	52704	83200		G u	10	1
33	37	52684	83867		G u	10	1
12	37	52399	83285		Nh›m	10	1
12	37	52276	83432		Nh›m	10	1
12	37	53102	83403		Nh›m	10	1
12	37	52867	83127		Nh›m	10	1
11	37	53263	83439		Heo rıng	10	1
12	37	53517	83722		Nh›m	10	1
12	37	53251	83269		Nh›m	10	1
33	37	54051	83010		G u	10	1
12	37	53846	83091		Nh›m	10	1
12	37	54214	83551		Nh›m	10	1
12	37	53876	83690		Nh›m	10	1
34	37	54004	83791		Linh Mi™u 	10	1
12	37	53915	83395		Nh›m	10	1
33	37	54528	83264		G u	10	1
11	37	54296	83349		Heo rıng	10	1
33	37	54551	83928		G u	10	1
12	37	54730	83486		Nh›m	10	1
33	37	55040	83776		G u	10	1
12	37	55169	83930		Nh›m	10	1
34	37	55639	83487		Linh Mi™u 	10	1
12	37	55732	83725		Nh›m	10	1
11	37	56128	83808		Heo rıng	10	1
12	37	55872	83299		Nh›m	10	1
12	37	56251	83215		Nh›m	10	1
12	37	56136	83360		Nh›m	10	1
33	37	56332	83352		G u	10	1
12	37	56444	83301		Nh›m	10	1
34	37	56790	83281		Linh Mi™u 	10	1
34	37	56928	83328		Linh Mi™u 	10	1
34	37	56928	83104		Linh Mi™u 	10	1
12	37	56888	83154		Nh›m	10	1
12	37	57362	83959		Nh›m	10	1
12	37	58752	83808		Nh›m	10	1
34	37	58464	83104		Linh Mi™u 	10	1
34	37	58708	83665		Linh Mi™u 	10	1
34	37	59334	83912		Linh Mi™u 	10	1
33	37	59235	83852		G u	10	1
12	37	59470	83902		Nh›m	10	1
12	37	59697	83411		Nh›m	10	1
34	37	59790	83350		Linh Mi™u 	10	1
12	37	59964	83210		Nh›m	10	1
33	37	60146	83416		G u	10	1
12	37	60314	83320		Nh›m	10	1
12	37	64587	83703		Nh›m	10	1
11	37	64721	83672		Heo rıng	10	1
12	37	65408	83808		Nh›m	10	1
12	37	65112	83175		Nh›m	10	1
11	37	65499	83479		Heo rıng	10	1
12	37	65711	83574		Nh›m	10	1
33	37	65657	83645		G u	10	1
12	37	66263	83043		Nh›m	10	1
34	37	66097	83094		Linh Mi™u 	10	1
11	37	43006	84763		Heo rıng	10	1
12	37	42717	84438		Nh›m	10	1
12	37	42960	84642		Nh›m	10	1
34	37	42890	84299		Linh Mi™u 	10	1
34	37	42724	84980		Linh Mi™u 	10	1
12	37	42728	84805		Nh›m	10	1
12	37	43055	84041		Nh›m	10	1
33	37	43172	84230		G u	10	1
33	37	43267	84777		G u	10	1
11	37	43561	84447		Heo rıng	10	1
12	37	43750	84339		Nh›m	10	1
12	37	43706	84955		Nh›m	10	1
34	37	44260	84146		Linh Mi™u 	10	1
11	37	44339	84593		Heo rıng	10	1
12	37	44458	84508		Nh›m	10	1
12	37	44043	84004		Nh›m	10	1
12	37	44864	84064		Nh›m	10	1
33	37	45001	84823		G u	10	1
11	37	44664	84508		Heo rıng	10	1
12	37	44548	84765		Nh›m	10	1
12	37	44828	84936		Nh›m	10	1
12	37	45378	84219		Nh›m	10	1
12	37	45462	84901		Nh›m	10	1
11	37	45292	84690		Heo rıng	10	1
12	37	45787	84298		Nh›m	10	1
11	37	45605	84536		Heo rıng	10	1
11	37	49439	84651		Heo rıng	10	1
12	37	49278	84237		Nh›m	10	1
33	37	49856	84768		G u	10	1
12	37	50017	84917		Nh›m	10	1
12	37	49839	84040		Nh›m	10	1
12	37	49685	84528		Nh›m	10	1
33	37	50368	84000		G u	10	1
11	37	50843	84193		Heo rıng	10	1
33	37	50743	84283		G u	10	1
12	37	51100	84233		Nh›m	10	1
33	37	51418	84542		G u	10	1
34	37	51305	84245		Linh Mi™u 	10	1
34	37	52015	84516		Linh Mi™u 	10	1
11	37	52196	84155		Heo rıng	10	1
12	37	52094	84311		Nh›m	10	1
34	37	52373	84614		Linh Mi™u 	10	1
33	37	52399	84220		G u	10	1
12	37	52422	84857		Nh›m	10	1
33	37	52237	84932		G u	10	1
11	37	53029	84327		Heo rıng	10	1
12	37	52854	84617		Nh›m	10	1
33	37	53184	84970		G u	10	1
12	37	53286	84724		Nh›m	10	1
12	37	53493	84777		Nh›m	10	1
34	37	53423	84810		Linh Mi™u 	10	1
12	37	53473	84194		Nh›m	10	1
12	37	54612	84215		Nh›m	10	1
12	37	54714	84659		Nh›m	10	1
33	37	54961	84269		G u	10	1
33	37	55839	84704		G u	10	1
12	37	55876	84311		Nh›m	10	1
11	37	56425	84567		Heo rıng	10	1
12	37	57147	84871		Nh›m	10	1
12	37	56869	84204		Nh›m	10	1
12	37	57854	84074		Nh›m	10	1
11	37	57708	84525		Heo rıng	10	1
33	37	57785	84749		G u	10	1
12	37	57826	84673		Nh›m	10	1
12	37	57491	84639		Nh›m	10	1
12	37	58016	84192		Nh›m	10	1
12	37	58314	84672		Nh›m	10	1
12	37	58138	84848		Nh›m	10	1
34	37	58376	84893		Linh Mi™u 	10	1
33	37	59328	84224		G u	10	1
34	37	58912	84160		Linh Mi™u 	10	1
11	37	59183	84064		Heo rıng	10	1
12	37	58990	84427		Nh›m	10	1
34	37	59488	84544		Linh Mi™u 	10	1
12	37	59671	84883		Nh›m	10	1
33	37	59583	84960		G u	10	1
11	37	59489	84817		Heo rıng	10	1
11	37	59572	84458		Heo rıng	10	1
12	37	64243	84672		Nh›m	10	1
12	37	64896	84160		Nh›m	10	1
12	37	64923	84779		Nh›m	10	1
33	37	64855	84873		G u	10	1
33	37	65005	84409		G u	10	1
34	37	65435	84907		Linh Mi™u 	10	1
12	37	65286	84774		Nh›m	10	1
12	37	65102	84024		Nh›m	10	1
12	37	65396	84136		Nh›m	10	1
12	37	42920	85291		Nh›m	10	1
12	37	42713	85369		Nh›m	10	1
34	37	42973	85816		Linh Mi™u 	10	1
11	37	43150	85566		Heo rıng	10	1
12	37	43852	85398		Nh›m	10	1
11	37	43700	85322		Heo rıng	10	1
12	37	43591	85510		Nh›m	10	1
12	37	44192	85856		Nh›m	10	1
12	37	44096	85248		Nh›m	10	1
12	37	44160	85056		Nh›m	10	1
11	37	44896	85696		Heo rıng	10	1
12	37	44807	85300		Nh›m	10	1
12	37	45280	85632		Nh›m	10	1
34	37	45472	85024		Linh Mi™u 	10	1
33	37	45321	85258		G u	10	1
11	37	45190	85828		Heo rıng	10	1
12	37	45185	85099		Nh›m	10	1
12	37	49403	85237		Nh›m	10	1
11	37	49594	85133		Heo rıng	10	1
34	37	50039	85834		Linh Mi™u 	10	1
12	37	49948	85897		Nh›m	10	1
12	37	49727	85427		Nh›m	10	1
12	37	50494	85298		Nh›m	10	1
33	37	50338	85429		G u	10	1
33	37	50627	85803		G u	10	1
33	37	50340	85897		G u	10	1
12	37	50237	85645		Nh›m	10	1
11	37	50789	85431		Heo rıng	10	1
12	37	51020	85167		Nh›m	10	1
12	37	50736	85645		Nh›m	10	1
11	37	51597	85119		Heo rıng	10	1
12	37	51922	85057		Nh›m	10	1
12	37	51737	85458		Nh›m	10	1
33	37	52110	85224		G u	10	1
12	37	52248	85296		Nh›m	10	1
33	37	52388	85683		G u	10	1
12	37	52664	85396		Nh›m	10	1
12	37	52690	85983		Nh›m	10	1
11	37	52800	85920		Heo rıng	10	1
12	37	53139	85423		Nh›m	10	1
12	37	53085	85651		Nh›m	10	1
11	37	53888	85504		Heo rıng	10	1
12	37	54024	85627		Nh›m	10	1
12	37	53923	85928		Nh›m	10	1
33	37	54645	85031		G u	10	1
11	37	54463	85839		Heo rıng	10	1
12	37	54321	85486		Nh›m	10	1
12	37	55253	85091		Nh›m	10	1
12	37	55178	85154		Nh›m	10	1
11	37	54842	85224		Heo rıng	10	1
33	37	55092	85830		G u	10	1
12	37	55055	85517		Nh›m	10	1
33	37	55762	85731		G u	10	1
12	37	55763	85433		Nh›m	10	1
11	37	55511	85107		Heo rıng	10	1
11	37	55621	85662		Heo rıng	10	1
12	37	55522	85452		Nh›m	10	1
12	37	56221	85391		Nh›m	10	1
12	37	56440	85064		Nh›m	10	1
12	37	56770	85001		Nh›m	10	1
33	37	56849	85222		G u	10	1
11	37	58686	85519		Heo rıng	10	1
34	37	58711	85719		Linh Mi™u 	10	1
12	37	58719	85096		Nh›m	10	1
12	37	58512	85203		Nh›m	10	1
12	37	59209	85107		Nh›m	10	1
12	37	59196	85712		Nh›m	10	1
34	37	58927	85901		Linh Mi™u 	10	1
12	37	59191	85947		Nh›m	10	1
12	37	59072	85337		Nh›m	10	1
12	37	59506	85921		Nh›m	10	1
12	37	63873	85748		Nh›m	10	1
34	37	63777	85748		Linh Mi™u 	10	1
34	37	63681	85886		Linh Mi™u 	10	1
33	37	63791	85943		G u	10	1
34	37	64043	85369		Linh Mi™u 	10	1
12	37	64142	85437		Nh›m	10	1
34	37	64704	85248		Linh Mi™u 	10	1
12	37	64933	85825		Nh›m	10	1
34	37	64944	85536		Linh Mi™u 	10	1
12	37	64936	85267		Nh›m	10	1
34	37	65164	85228		Linh Mi™u 	10	1
12	37	65412	85131		Nh›m	10	1
12	37	40467	86937		Nh›m	10	1
12	37	41461	86430		Nh›m	10	1
33	37	41367	86197		G u	10	1
34	37	41392	86781		Linh Mi™u 	10	1
12	37	41837	86747		Nh›m	10	1
12	37	41638	86222		Nh›m	10	1
11	37	41581	86656		Heo rıng	10	1
11	37	42144	86752		Heo rıng	10	1
12	37	42208	86368		Nh›m	10	1
12	37	42400	86720		Nh›m	10	1
11	37	42880	86400		Heo rıng	10	1
12	37	42688	86016		Nh›m	10	1
11	37	43136	86208		Heo rıng	10	1
11	37	43008	86848		Heo rıng	10	1
11	37	43903	86339		Heo rıng	10	1
12	37	43595	86449		Nh›m	10	1
12	37	43939	86851		Nh›m	10	1
11	37	43657	86883		Heo rıng	10	1
12	37	44448	86816		Nh›m	10	1
12	37	44275	86579		Nh›m	10	1
33	37	44426	86115		G u	10	1
11	37	44269	86220		Heo rıng	10	1
12	37	44204	86871		Nh›m	10	1
12	37	45010	86445		Nh›m	10	1
12	37	45376	86400		Nh›m	10	1
33	37	45272	86197		G u	10	1
12	37	45204	86584		Nh›m	10	1
11	37	45122	86353		Heo rıng	10	1
12	37	51052	86336		Nh›m	10	1
12	37	51192	86578		Nh›m	10	1
12	37	51500	86827		Nh›m	10	1
33	37	51239	86736		G u	10	1
12	37	51314	86060		Nh›m	10	1
11	37	52129	86597		Heo rıng	10	1
12	37	51979	86758		Nh›m	10	1
11	37	51891	86189		Heo rıng	10	1
12	37	51791	86326		Nh›m	10	1
11	37	52807	87035		Heo rıng	10	1
12	37	53584	86309		Nh›m	10	1
11	37	53364	86738		Heo rıng	10	1
11	37	54254	86271		Heo rıng	10	1
11	37	54043	86644		Heo rıng	10	1
34	37	54489	86334		Linh Mi™u 	10	1
11	37	54750	86440		Heo rıng	10	1
12	37	54525	86186		Nh›m	10	1
12	37	54634	86433		Nh›m	10	1
12	37	54780	87037		Nh›m	10	1
12	37	59120	86815		Nh›m	10	1
11	37	59311	86705		Heo rıng	10	1
34	37	59306	86915		Linh Mi™u 	10	1
33	37	59041	86339		G u	10	1
11	37	59720	86298		Heo rıng	10	1
33	37	59504	86113		G u	10	1
34	37	60096	86304		Linh Mi™u 	10	1
11	37	60140	86605		Heo rıng	10	1
12	37	60062	86228		Nh›m	10	1
12	37	60864	86880		Nh›m	10	1
12	37	60434	86946		Nh›m	10	1
12	37	63764	86179		Nh›m	10	1
12	37	63755	86719		Nh›m	10	1
11	37	64204	87000		Heo rıng	10	1
11	37	64348	86018		Heo rıng	10	1
11	37	64007	86035		Heo rıng	10	1
33	37	64494	86189		G u	10	1
33	37	64885	86623		G u	10	1
12	37	64577	86109		Nh›m	10	1
11	37	65312	86016		Heo rıng	10	1
12	37	65058	86688		Nh›m	10	1
11	37	65632	86784		Heo rıng	10	1
11	37	65602	86074		Heo rıng	10	1
12	37	65560	86246		Nh›m	10	1
11	37	39868	88062		Heo rıng	10	1
34	37	39585	87991		Linh Mi™u 	10	1
33	37	39811	87917		G u	10	1
12	37	39647	88007		Nh›m	10	1
12	37	40400	87397		Nh›m	10	1
33	37	40402	87129		G u	10	1
11	37	40657	87072		Heo rıng	10	1
33	37	40855	87173		G u	10	1
12	37	40769	87629		Nh›m	10	1
34	37	40567	87393		Linh Mi™u 	10	1
11	37	41319	87893		Heo rıng	10	1
12	37	41636	87631		Nh›m	10	1
11	37	41984	87712		Heo rıng	10	1
34	37	42816	87443		Linh Mi™u 	10	1
12	37	42722	87713		Nh›m	10	1
33	37	42905	87710		G u	10	1
11	37	42508	87510		Heo rıng	10	1
33	37	43397	87313		G u	10	1
11	37	43123	87597		Heo rıng	10	1
33	37	43835	87181		G u	10	1
12	37	43611	87334		Nh›m	10	1
12	37	44009	88049		Nh›m	10	1
11	37	43540	88004		Heo rıng	10	1
33	37	44453	87135		G u	10	1
33	37	44147	87133		G u	10	1
33	37	44401	87996		G u	10	1
12	37	44928	87872		Nh›m	10	1
34	37	44974	87606		Linh Mi™u 	10	1
34	37	45157	87838		Linh Mi™u 	10	1
33	37	45126	87688		G u	10	1
12	37	45191	87725		Nh›m	10	1
12	37	51334	87061		Nh›m	10	1
33	37	51513	87895		G u	10	1
11	37	52000	87232		Heo rıng	10	1
12	37	51996	87915		Nh›m	10	1
12	37	52041	87500		Nh›m	10	1
34	37	52224	87456		Linh Mi™u 	10	1
12	37	52635	87266		Nh›m	10	1
12	37	52556	87608		Nh›m	10	1
33	37	52493	87294		G u	10	1
34	37	53216	87328		Linh Mi™u 	10	1
12	37	53145	87763		Nh›m	10	1
12	37	53403	87154		Nh›m	10	1
34	37	53522	87343		Linh Mi™u 	10	1
33	37	53703	87086		G u	10	1
12	37	53634	88026		Nh›m	10	1
11	37	54033	87296		Heo rıng	10	1
12	37	54023	87586		Nh›m	10	1
33	37	54224	87723		G u	10	1
11	37	53972	87967		Heo rıng	10	1
12	37	54604	87502		Nh›m	10	1
33	37	54344	87316		G u	10	1
34	37	54448	87756		Linh Mi™u 	10	1
11	37	59730	87042		Heo rıng	10	1
12	37	59915	87703		Nh›m	10	1
12	37	60019	87985		Nh›m	10	1
11	37	60065	87069		Heo rıng	10	1
33	37	60013	87261		G u	10	1
11	37	60775	87455		Heo rıng	10	1
12	37	61428	87424		Nh›m	10	1
12	37	61055	87137		Nh›m	10	1
12	37	61122	87387		Nh›m	10	1
33	37	61052	87329		G u	10	1
12	37	62419	88016		Nh›m	10	1
12	37	63018	87895		Nh›m	10	1
33	37	62977	88024		G u	10	1
11	37	63117	87637		Heo rıng	10	1
34	37	63359	87721		Linh Mi™u 	10	1
12	37	63448	87323		Nh›m	10	1
12	37	63346	87435		Nh›m	10	1
11	37	63648	87520		Heo rıng	10	1
33	37	64016	87156		G u	10	1
34	37	64410	87194		Linh Mi™u 	10	1
12	37	64429	87385		Nh›m	10	1
33	37	64217	87731		G u	10	1
33	37	64896	87648		G u	10	1
33	37	64960	87168		G u	10	1
12	37	64785	87885		Nh›m	10	1
11	37	65190	87575		Heo rıng	10	1
12	37	65521	87080		Nh›m	10	1
12	37	65796	87200		Nh›m	10	1
11	37	65732	87040		Heo rıng	10	1
12	37	39312	88651		Nh›m	10	1
33	37	39216	88857		G u	10	1
12	37	39241	89073		Nh›m	10	1
12	37	39921	88936		Nh›m	10	1
12	37	39616	88363		Nh›m	10	1
11	37	39496	88865		Heo rıng	10	1
11	37	40162	88822		Heo rıng	10	1
12	37	40299	88707		Nh›m	10	1
12	37	40358	88982		Nh›m	10	1
33	37	40130	89005		G u	10	1
12	37	40909	88302		Nh›m	10	1
12	37	41281	88399		Nh›m	10	1
33	37	41244	88853		G u	10	1
11	37	41295	88671		Heo rıng	10	1
11	37	41046	88544		Heo rıng	10	1
12	37	40971	88827		Nh›m	10	1
34	37	41120	88921		Linh Mi™u 	10	1
34	37	41134	88165		Linh Mi™u 	10	1
12	37	41856	88160		Nh›m	10	1
34	37	42464	88640		Linh Mi™u 	10	1
11	37	42048	88608		Heo rıng	10	1
34	37	42368	88192		Linh Mi™u 	10	1
12	37	42418	88575		Nh›m	10	1
12	37	42816	88448		Nh›m	10	1
12	37	43250	88320		Nh›m	10	1
11	37	43518	88924		Heo rıng	10	1
12	37	43389	89007		Nh›m	10	1
12	37	44018	88711		Nh›m	10	1
12	37	43644	88401		Nh›m	10	1
33	37	43589	88524		G u	10	1
12	37	44576	88192		Nh›m	10	1
11	37	44577	89079		Heo rıng	10	1
33	37	44844	89033		G u	10	1
11	37	45007	88178		Heo rıng	10	1
12	37	44772	88693		Nh›m	10	1
12	37	44646	88921		Nh›m	10	1
11	37	45527	88719		Heo rıng	10	1
34	37	45559	88977		Linh Mi™u 	10	1
11	37	46016	88352		Heo rıng	10	1
12	37	45742	88715		Nh›m	10	1
11	37	45848	88880		Heo rıng	10	1
34	37	45947	88326		Linh Mi™u 	10	1
33	37	45834	88513		G u	10	1
12	37	46364	88761		Nh›m	10	1
12	37	46277	88839		Nh›m	10	1
33	37	46093	88667		G u	10	1
12	37	51402	88131		Nh›m	10	1
11	37	51586	88571		Heo rıng	10	1
12	37	52128	88992		Nh›m	10	1
11	37	52068	88354		Heo rıng	10	1
12	37	51796	88274		Nh›m	10	1
33	37	51834	89039		G u	10	1
11	37	52688	88769		Heo rıng	10	1
12	37	52395	88068		Nh›m	10	1
12	37	52584	88380		Nh›m	10	1
34	37	52348	88270		Linh Mi™u 	10	1
12	37	52855	88981		Nh›m	10	1
33	37	52916	88239		G u	10	1
12	37	53355	88197		Nh›m	10	1
33	37	53655	88211		G u	10	1
33	37	60193	88313		G u	10	1
33	37	60415	88393		G u	10	1
12	37	60699	88182		Nh›m	10	1
12	37	60645	88373		Nh›m	10	1
11	37	60547	88184		Heo rıng	10	1
11	37	61088	88096		Heo rıng	10	1
33	37	61326	88443		G u	10	1
33	37	61272	89077		G u	10	1
12	37	60970	88667		Nh›m	10	1
12	37	61142	89071		Nh›m	10	1
12	37	61759	88677		Nh›m	10	1
11	37	61563	88116		Heo rıng	10	1
12	37	61606	88221		Nh›m	10	1
34	37	62191	88116		Linh Mi™u 	10	1
12	37	62213	88272		Nh›m	10	1
33	37	62236	88610		G u	10	1
12	37	62497	88184		Nh›m	10	1
11	37	62743	88785		Heo rıng	10	1
12	37	62590	88661		Nh›m	10	1
12	37	63328	88768		Nh›m	10	1
12	37	63127	88230		Nh›m	10	1
33	37	63216	88354		G u	10	1
34	37	63779	88282		Linh Mi™u 	10	1
11	37	64006	88179		Heo rıng	10	1
33	37	64362	88288		G u	10	1
12	37	64754	88333		Nh›m	10	1
34	37	64958	88326		Linh Mi™u 	10	1
33	37	65199	88264		G u	10	1
12	37	39399	89142		Nh›m	10	1
11	37	39712	89824		Heo rıng	10	1
34	37	39682	89297		Linh Mi™u 	10	1
11	37	39454	89498		Heo rıng	10	1
12	37	39936	89923		Nh›m	10	1
33	37	40998	89092		G u	10	1
12	37	41856	89472		Nh›m	10	1
33	37	41767	89512		G u	10	1
12	37	41631	89959		Nh›m	10	1
34	37	41490	89791		Linh Mi™u 	10	1
12	37	42357	89452		Nh›m	10	1
12	37	42368	89089		Nh›m	10	1
11	37	42172	90005		Heo rıng	10	1
34	37	42583	89275		Linh Mi™u 	10	1
12	37	42741	89416		Nh›m	10	1
11	37	43112	89443		Heo rıng	10	1
11	37	43481	89253		Heo rıng	10	1
12	37	43360	89461		Nh›m	10	1
11	37	43540	89566		Heo rıng	10	1
11	37	44184	89281		Heo rıng	10	1
12	37	44519	89985		Nh›m	10	1
34	37	44519	89695		Linh Mi™u 	10	1
12	37	44482	89613		Nh›m	10	1
12	37	44950	89503		Nh›m	10	1
12	37	45210	89322		Nh›m	10	1
34	37	45115	89132		Linh Mi™u 	10	1
11	37	46016	89888		Heo rıng	10	1
12	37	45692	89133		Nh›m	10	1
34	37	45892	89494		Linh Mi™u 	10	1
33	37	45801	89342		G u	10	1
34	37	46432	89088		Linh Mi™u 	10	1
12	37	46448	89462		Nh›m	10	1
11	37	46224	89111		Heo rıng	10	1
12	37	46720	89760		Nh›m	10	1
34	37	46800	90003		Linh Mi™u 	10	1
12	37	46603	90084		Nh›m	10	1
12	37	51092	89822		Nh›m	10	1
12	37	51285	89521		Nh›m	10	1
33	37	51391	89834		G u	10	1
11	37	51471	89134		Heo rıng	10	1
12	37	52065	89261		Nh›m	10	1
12	37	51713	89656		Nh›m	10	1
12	37	60802	89363		Nh›m	10	1
11	37	60870	89923		Heo rıng	10	1
33	37	60768	89611		G u	10	1
34	37	60978	89984		Linh Mi™u 	10	1
11	37	60981	89297		Heo rıng	10	1
12	37	61231	89771		Nh›m	10	1
12	37	60953	89503		Nh›m	10	1
12	37	61859	89390		Nh›m	10	1
34	37	61688	89496		Linh Mi™u 	10	1
11	37	61979	89662		Heo rıng	10	1
11	37	62444	89664		Heo rıng	10	1
33	37	62495	89927		G u	10	1
11	37	62904	89223		Heo rıng	10	1
12	37	62772	89460		Nh›m	10	1
11	37	63379	89178		Heo rıng	10	1
12	37	63409	89177		Nh›m	10	1
34	37	63584	89216		Linh Mi™u 	10	1
11	37	63500	89652		Heo rıng	10	1
12	37	64480	90080		Nh›m	10	1
12	37	64598	89292		Nh›m	10	1
34	37	64732	89713		Linh Mi™u 	10	1
12	37	64675	89863		Nh›m	10	1
12	37	65350	89418		Nh›m	10	1
12	37	65289	89721		Nh›m	10	1
34	37	65275	89249		Linh Mi™u 	10	1
34	37	65477	89425		Linh Mi™u 	10	1
12	37	65253	89402		Nh›m	10	1
12	37	65667	89755		Nh›m	10	1
11	37	65599	89990		Heo rıng	10	1
12	37	39715	90451		Nh›m	10	1
12	37	40224	90784		Nh›m	10	1
34	37	40288	90851		Linh Mi™u 	10	1
12	37	39970	90919		Nh›m	10	1
33	37	39954	90572		G u	10	1
11	37	40079	90368		Heo rıng	10	1
34	37	40992	90176		Linh Mi™u 	10	1
11	37	41280	90400		Heo rıng	10	1
12	37	41459	90878		Nh›m	10	1
33	37	40985	90908		G u	10	1
11	37	41616	90213		Heo rıng	10	1
12	37	41477	90140		Nh›m	10	1
12	37	41761	90979		Nh›m	10	1
33	37	41684	91067		G u	10	1
12	37	42020	90237		Nh›m	10	1
33	37	42226	90155		G u	10	1
12	37	42688	90848		Nh›m	10	1
11	37	42936	90531		Heo rıng	10	1
33	37	42854	90663		G u	10	1
33	37	42618	90590		G u	10	1
12	37	43198	90137		Nh›m	10	1
11	37	43331	90886		Heo rıng	10	1
12	37	43561	90453		Nh›m	10	1
12	37	44008	90591		Nh›m	10	1
12	37	43940	90921		Nh›m	10	1
33	37	43754	90765		G u	10	1
11	37	43810	90531		Heo rıng	10	1
33	37	44128	90928		G u	10	1
11	37	44836	90437		Heo rıng	10	1
12	37	44815	90837		Nh›m	10	1
11	37	44948	91030		Heo rıng	10	1
12	37	44989	90693		Nh›m	10	1
34	37	45536	90272		Linh Mi™u 	10	1
11	37	45344	90176		Heo rıng	10	1
12	37	45450	90628		Nh›m	10	1
11	37	45109	90746		Heo rıng	10	1
12	37	45632	90560		Nh›m	10	1
12	37	45645	91130		Nh›m	10	1
12	37	45989	90447		Nh›m	10	1
11	37	46451	90785		Heo rıng	10	1
34	37	46202	90799		Linh Mi™u 	10	1
11	37	46152	90191		Heo rıng	10	1
12	37	46198	90501		Nh›m	10	1
12	37	46971	90526		Nh›m	10	1
33	37	47141	90428		G u	10	1
12	37	47111	90693		Nh›m	10	1
11	37	50400	91072		Heo rıng	10	1
12	37	50509	90887		Nh›m	10	1
11	37	50688	90592		Heo rıng	10	1
12	37	50786	91089		Nh›m	10	1
33	37	50992	90759		G u	10	1
11	37	51553	90623		Heo rıng	10	1
11	37	51287	90955		Heo rıng	10	1
12	37	51653	90232		Nh›m	10	1
34	37	51723	90383		Linh Mi™u 	10	1
12	37	61075	91124		Nh›m	10	1
12	37	61792	90528		Nh›m	10	1
11	37	62211	90948		Heo rıng	10	1
12	37	62261	90291		Nh›m	10	1
12	37	62312	90582		Nh›m	10	1
11	37	62602	90555		Heo rıng	10	1
12	37	63122	90789		Nh›m	10	1
33	37	62988	90979		G u	10	1
12	37	63214	90164		Nh›m	10	1
33	37	63894	90607		G u	10	1
12	37	63564	90884		Nh›m	10	1
11	37	64160	90400		Heo rıng	10	1
12	37	64206	90578		Nh›m	10	1
11	37	64511	90717		Heo rıng	10	1
12	37	64185	90155		Nh›m	10	1
12	37	65020	90963		Nh›m	10	1
34	37	64901	90969		Linh Mi™u 	10	1
11	37	65330	90567		Heo rıng	10	1
33	37	65405	90755		G u	10	1
12	37	65232	90809		Nh›m	10	1
12	37	65787	90449		Nh›m	10	1
12	37	65752	90805		Nh›m	10	1
11	37	65621	90669		Heo rıng	10	1
33	37	65658	91045		G u	10	1
34	37	65724	91008		Linh Mi™u 	10	1
34	37	40256	91168		Linh Mi™u 	10	1
12	37	40240	91678		Nh›m	10	1
11	37	40150	91419		Heo rıng	10	1
12	37	40919	91158		Nh›m	10	1
12	37	40607	91702		Nh›m	10	1
11	37	40856	92112		Heo rıng	10	1
12	37	40798	92155		Nh›m	10	1
12	37	41344	91552		Nh›m	10	1
11	37	41161	92059		Heo rıng	10	1
12	37	41494	91264		Nh›m	10	1
33	37	41491	91987		G u	10	1
11	37	42448	91749		Heo rıng	10	1
12	37	42284	91751		Nh›m	10	1
33	37	42409	92003		G u	10	1
34	37	42200	91995		Linh Mi™u 	10	1
11	37	42855	91937		Heo rıng	10	1
12	37	42797	91747		Nh›m	10	1
12	37	42675	91277		Nh›m	10	1
12	37	43261	91176		Nh›m	10	1
34	37	43080	91370		Linh Mi™u 	10	1
33	37	43776	92096		G u	10	1
12	37	43680	91168		Nh›m	10	1
12	37	44195	91921		Nh›m	10	1
12	37	44688	92110		Nh›m	10	1
33	37	45255	91434		G u	10	1
11	37	45290	91823		Heo rıng	10	1
12	37	45201	91648		Nh›m	10	1
12	37	45188	91947		Nh›m	10	1
12	37	45661	91687		Nh›m	10	1
33	37	45752	91491		G u	10	1
12	37	45922	91779		Nh›m	10	1
33	37	45965	91694		G u	10	1
11	37	46335	92123		Heo rıng	10	1
12	37	46221	91650		Nh›m	10	1
34	37	46570	91751		Linh Mi™u 	10	1
12	37	46317	91343		Nh›m	10	1
12	37	46993	91280		Nh›m	10	1
12	37	46814	91622		Nh›m	10	1
12	37	47225	91602		Nh›m	10	1
12	37	49888	92039		Nh›m	10	1
11	37	50595	91457		Heo rıng	10	1
11	37	51061	91143		Heo rıng	10	1
12	37	51286	91184		Nh›m	10	1
12	37	61688	91936		Nh›m	10	1
12	37	62242	91645		Nh›m	10	1
12	37	63878	91628		Nh›m	10	1
12	37	63768	91347		Nh›m	10	1
11	37	64079	91399		Heo rıng	10	1
12	37	64350	91433		Nh›m	10	1
12	37	64640	91744		Nh›m	10	1
12	37	64529	91499		Nh›m	10	1
34	37	65408	91904		Linh Mi™u 	10	1
12	37	65464	91926		Nh›m	10	1
34	37	65984	91840		Linh Mi™u 	10	1
34	37	40000	92896		Linh Mi™u 	10	1
34	37	40380	92273		Linh Mi™u 	10	1
11	37	40204	92711		Heo rıng	10	1
12	37	40348	92822		Nh›m	10	1
12	37	40039	92697		Nh›m	10	1
11	37	40551	92372		Heo rıng	10	1
33	37	40755	92476		G u	10	1
12	37	40904	93174		Nh›m	10	1
12	37	40553	92782		Nh›m	10	1
12	37	41440	92960		Nh›m	10	1
34	37	40992	92640		Linh Mi™u 	10	1
12	37	41454	92208		Nh›m	10	1
12	37	41242	92720		Nh›m	10	1
12	37	41728	92672		Nh›m	10	1
11	37	41539	92519		Heo rıng	10	1
11	37	41581	92173		Heo rıng	10	1
12	37	41961	93150		Nh›m	10	1
12	37	42272	92224		Nh›m	10	1
12	37	42738	92251		Nh›m	10	1
12	37	42895	92226		Nh›m	10	1
12	37	42496	92250		Nh›m	10	1
33	37	43232	93081		G u	10	1
11	37	43851	92773		Heo rıng	10	1
12	37	43986	92780		Nh›m	10	1
12	37	43788	92350		Nh›m	10	1
11	37	44160	92192		Heo rıng	10	1
12	37	44504	92214		Nh›m	10	1
11	37	44347	92720		Heo rıng	10	1
11	37	44800	92992		Heo rıng	10	1
34	37	44928	92512		Linh Mi™u 	10	1
11	37	44704	92328		Heo rıng	10	1
33	37	44883	92226		G u	10	1
33	37	44581	93036		G u	10	1
12	37	45049	93069		Nh›m	10	1
12	37	45111	92794		Nh›m	10	1
34	37	45536	92732		Linh Mi™u 	10	1
12	37	45513	92379		Nh›m	10	1
12	37	45974	92885		Nh›m	10	1
12	37	46208	92672		Nh›m	10	1
12	37	46583	92414		Nh›m	10	1
12	37	46423	92443		Nh›m	10	1
11	37	47222	92228		Heo rıng	10	1
11	37	47540	92876		Heo rıng	10	1
33	37	48032	92800		G u	10	1
33	37	48448	92672		G u	10	1
12	37	48146	93158		Nh›m	10	1
12	37	48965	92454		Nh›m	10	1
33	37	48931	92243		G u	10	1
12	37	48791	92971		Nh›m	10	1
12	37	49349	92509		Nh›m	10	1
12	37	50429	92613		Nh›m	10	1
12	37	50627	92753		Nh›m	10	1
34	37	50546	92857		Linh Mi™u 	10	1
33	37	50259	92891		G u	10	1
12	37	61670	92409		Nh›m	10	1
12	37	63904	92608		Nh›m	10	1
34	37	63969	92855		Linh Mi™u 	10	1
12	37	64156	92529		Nh›m	10	1
11	37	64374	92888		Heo rıng	10	1
12	37	64098	93044		Nh›m	10	1
33	37	64260	93107		G u	10	1
12	37	64785	93081		Nh›m	10	1
34	37	64962	92551		Linh Mi™u 	10	1
12	37	64818	92470		Nh›m	10	1
12	37	65224	92414		Nh›m	10	1
12	37	65506	92443		Nh›m	10	1
34	37	65569	92589		Linh Mi™u 	10	1
11	37	65966	92214		Heo rıng	10	1
11	37	65894	92741		Heo rıng	10	1
12	37	65589	92988		Nh›m	10	1
11	37	65770	93134		Heo rıng	10	1
11	37	66464	92832		Heo rıng	10	1
34	37	66155	92572		Linh Mi™u 	10	1
11	37	66464	92520		Heo rıng	10	1
12	37	66557	92188		Nh›m	10	1
12	37	66132	92980		Nh›m	10	1
12	37	66671	93025		Nh›m	10	1
34	37	66811	93182		Linh Mi™u 	10	1
11	37	39778	93806		Heo rıng	10	1
12	37	39511	93938		Nh›m	10	1
11	37	40039	93242		Heo rıng	10	1
11	37	40165	93683		Heo rıng	10	1
12	37	40429	93525		Nh›m	10	1
12	37	40020	94026		Nh›m	10	1
34	37	40608	93760		Linh Mi™u 	10	1
11	37	41216	93440		Heo rıng	10	1
33	37	40965	93425		G u	10	1
33	37	41399	94083		G u	10	1
12	37	41308	94002		Nh›m	10	1
34	37	41642	93754		Linh Mi™u 	10	1
12	37	41851	93799		Nh›m	10	1
12	37	42261	93441		Nh›m	10	1
11	37	42944	93888		Heo rıng	10	1
11	37	42514	93830		Heo rıng	10	1
12	37	42534	93478		Nh›m	10	1
12	37	43360	93721		Nh›m	10	1
12	37	43013	93337		Nh›m	10	1
12	37	43222	93683		Nh›m	10	1
11	37	43961	93390		Heo rıng	10	1
12	37	44032	93623		Nh›m	10	1
11	37	44461	93373		Heo rıng	10	1
34	37	44351	93732		Linh Mi™u 	10	1
12	37	44353	93451		Nh›m	10	1
12	37	44237	93734		Nh›m	10	1
11	37	44742	93640		Heo rıng	10	1
34	37	45192	93691		Linh Mi™u 	10	1
33	37	45304	93285		G u	10	1
11	37	45664	93856		Heo rıng	10	1
12	37	45772	93188		Nh›m	10	1
33	37	46015	93592		G u	10	1
33	37	46080	94093		G u	10	1
11	37	46160	93611		Heo rıng	10	1
11	37	46479	93381		Heo rıng	10	1
33	37	47072	93600		G u	10	1
12	37	46654	93195		Nh›m	10	1
33	37	46823	93563		G u	10	1
34	37	46917	93225		Linh Mi™u 	10	1
33	37	47431	93310		G u	10	1
12	37	47798	93425		Nh›m	10	1
33	37	48536	93461		G u	10	1
12	37	48192	93873		Nh›m	10	1
12	37	48835	93289		Nh›m	10	1
12	37	49099	94164		Nh›m	10	1
12	37	49286	93355		Nh›m	10	1
11	37	49721	93559		Heo rıng	10	1
12	37	50214	93772		Nh›m	10	1
12	37	64053	93788		Nh›m	10	1
34	37	64287	94147		Linh Mi™u 	10	1
33	37	64065	93214		G u	10	1
11	37	64767	93925		Heo rıng	10	1
11	37	65009	93561		Heo rıng	10	1
33	37	64928	93775		G u	10	1
12	37	64646	94147		Nh›m	10	1
12	37	65124	93419		Nh›m	10	1
11	37	65136	93835		Heo rıng	10	1
12	37	65656	94073		Nh›m	10	1
12	37	66041	93514		Nh›m	10	1
12	37	66221	93581		Nh›m	10	1
11	37	66151	93355		Heo rıng	10	1
33	37	66412	93735		G u	10	1
34	37	66946	93247		Linh Mi™u 	10	1
33	37	66641	93215		G u	10	1
33	37	66828	94192		G u	10	1
11	37	66697	93744		Heo rıng	10	1
12	37	66855	94109		Nh›m	10	1
33	37	67520	94016		G u	10	1
12	37	67312	93563		Nh›m	10	1
12	37	67483	93468		Nh›m	10	1
33	37	67548	93559		G u	10	1
11	37	39200	94240		Heo rıng	10	1
12	37	39242	94711		Nh›m	10	1
12	37	39321	94212		Nh›m	10	1
12	37	39015	94436		Nh›m	10	1
34	37	39270	94524		Linh Mi™u 	10	1
12	37	39254	95161		Nh›m	10	1
12	37	39836	94851		Nh›m	10	1
33	37	39550	94921		G u	10	1
12	37	39496	95200		Nh›m	10	1
34	37	39697	94368		Linh Mi™u 	10	1
34	37	40128	94720		Linh Mi™u 	10	1
12	37	40268	95163		Nh›m	10	1
12	37	40105	94601		Nh›m	10	1
34	37	41291	94531		Linh Mi™u 	10	1
33	37	41952	94304		G u	10	1
12	37	41760	94355		Nh›m	10	1
11	37	41840	94645		Heo rıng	10	1
12	37	41475	94583		Nh›m	10	1
33	37	42306	94660		G u	10	1
12	37	42418	94385		Nh›m	10	1
11	37	42038	94786		Heo rıng	10	1
34	37	42706	94229		Linh Mi™u 	10	1
33	37	45472	94816		G u	10	1
12	37	45474	94401		Nh›m	10	1
12	37	45888	94656		Nh›m	10	1
12	37	46054	94407		Nh›m	10	1
34	37	45888	94243		Linh Mi™u 	10	1
12	37	45771	95059		Nh›m	10	1
33	37	46055	94909		G u	10	1
33	37	45949	95046		G u	10	1
11	37	46176	94976		Heo rıng	10	1
12	37	48848	94887		Nh›m	10	1
11	37	48896	95109		Heo rıng	10	1
11	37	49311	94622		Heo rıng	10	1
12	37	49566	94662		Nh›m	10	1
11	37	64408	94897		Heo rıng	10	1
12	37	64311	94756		Nh›m	10	1
12	37	64295	94938		Nh›m	10	1
12	37	64277	94446		Nh›m	10	1
34	37	64864	95136		Linh Mi™u 	10	1
12	37	64912	94876		Nh›m	10	1
33	37	65353	94797		G u	10	1
12	37	66003	94889		Nh›m	10	1
12	37	65691	95042		Nh›m	10	1
34	37	65887	95157		Linh Mi™u 	10	1
11	37	65747	94451		Heo rıng	10	1
12	37	65948	94446		Nh›m	10	1
12	37	65631	94662		Nh›m	10	1
12	37	65821	94301		Nh›m	10	1
33	37	65874	94518		G u	10	1
12	37	66903	94318		Nh›m	10	1
12	37	66673	94289		Nh›m	10	1
33	37	67216	94234		G u	10	1
12	37	67308	94347		Nh›m	10	1
34	37	67143	95032		Linh Mi™u 	10	1
12	37	67392	94813		Nh›m	10	1
33	37	68095	95153		G u	10	1
12	37	67833	94251		Nh›m	10	1
12	37	67954	94225		Nh›m	10	1
12	37	67609	94688		Nh›m	10	1
11	37	67791	94766		Heo rıng	10	1
12	37	68072	95059		Nh›m	10	1
33	37	67956	95174		G u	10	1
12	37	68122	94699		Nh›m	10	1
12	37	68793	95214		Nh›m	10	1
33	37	68886	94755		G u	10	1
33	37	68728	95025		G u	10	1
33	37	69052	94907		G u	10	1
11	37	68823	94926		Heo rıng	10	1
12	37	69124	95065		Nh›m	10	1
12	37	69916	94932		Nh›m	10	1
11	37	70365	94658		Heo rıng	10	1
12	37	70470	94711		Nh›m	10	1
33	37	70177	94649		G u	10	1
33	37	70825	95098		G u	10	1
34	37	70681	94946		Linh Mi™u 	10	1
12	37	70804	94924		Nh›m	10	1
12	37	70943	95200		Nh›m	10	1
34	37	39338	95360		Linh Mi™u 	10	1
12	37	39839	95274		Nh›m	10	1
34	37	39810	95444		Linh Mi™u 	10	1
11	37	40416	95296		Heo rıng	10	1
12	37	40091	95486		Nh›m	10	1
33	37	40043	95680		G u	10	1
34	37	40314	95392		Linh Mi™u 	10	1
12	37	41645	95587		Nh›m	10	1
12	37	41828	95330		Nh›m	10	1
11	37	41870	95910		Heo rıng	10	1
12	37	42082	96095		Nh›m	10	1
11	37	45504	95584		Heo rıng	10	1
11	37	45566	95934		Heo rıng	10	1
12	37	45218	95689		Nh›m	10	1
12	37	45121	95970		Nh›m	10	1
33	37	45077	95722		G u	10	1
12	37	45637	95755		Nh›m	10	1
34	37	64641	95283		Linh Mi™u 	10	1
34	37	64989	96048		Linh Mi™u 	10	1
12	37	64603	96072		Nh›m	10	1
12	37	65051	95732		Nh›m	10	1
12	37	65397	95609		Nh›m	10	1
11	37	65222	95353		Heo rıng	10	1
12	37	65584	95373		Nh›m	10	1
11	37	65747	95269		Heo rıng	10	1
12	37	66362	96171		Nh›m	10	1
33	37	66301	96079		G u	10	1
11	37	66761	96044		Heo rıng	10	1
12	37	66660	95855		Nh›m	10	1
12	37	67268	95915		Nh›m	10	1
34	37	67457	95249		Linh Mi™u 	10	1
12	37	67160	95311		Nh›m	10	1
12	37	67707	95421		Nh›m	10	1
11	37	68415	96204		Heo rıng	10	1
11	37	68634	95860		Heo rıng	10	1
12	37	69097	95570		Nh›m	10	1
33	37	69052	95763		G u	10	1
11	37	69175	95329		Heo rıng	10	1
11	37	69323	95818		Heo rıng	10	1
11	37	69732	95498		Heo rıng	10	1
34	37	69889	95859		Linh Mi™u 	10	1
33	37	69705	96009		G u	10	1
12	37	69637	95929		Nh›m	10	1
11	37	70123	95850		Heo rıng	10	1
11	37	70482	95456		Heo rıng	10	1
33	37	70299	95790		G u	10	1
12	37	70208	95240		Nh›m	10	1
12	37	70488	95684		Nh›m	10	1
12	37	70738	95488		Nh›m	10	1
33	37	70662	95583		G u	10	1
12	37	40389	96790		Nh›m	10	1
34	37	40266	96737		Linh Mi™u 	10	1
33	37	40252	97043		G u	10	1
33	37	40704	96608		G u	10	1
12	37	40745	97213		Nh›m	10	1
34	37	40939	97052		Linh Mi™u 	10	1
11	37	40867	96808		Heo rıng	10	1
12	37	40590	97167		Nh›m	10	1
12	37	41184	96768		Nh›m	10	1
34	37	41459	96416		Linh Mi™u 	10	1
12	37	41431	97195		Nh›m	10	1
33	37	41340	96704		G u	10	1
11	37	41065	97224		Heo rıng	10	1
12	37	41544	96738		Nh›m	10	1
12	37	42240	96480		Nh›m	10	1
34	37	42330	97129		Linh Mi™u 	10	1
12	37	42184	96994		Nh›m	10	1
11	37	42398	97018		Heo rıng	10	1
33	37	42057	96523		G u	10	1
12	37	44427	97142		Nh›m	10	1
12	37	44815	96511		Nh›m	10	1
12	37	44948	97180		Nh›m	10	1
33	37	44661	96838		G u	10	1
11	37	45361	96568		Heo rıng	10	1
12	37	45551	96657		Nh›m	10	1
12	37	45375	96896		Nh›m	10	1
33	37	45638	96793		G u	10	1
12	37	64669	97098		Nh›m	10	1
12	37	64719	96620		Nh›m	10	1
11	37	64948	96422		Heo rıng	10	1
34	37	65382	96715		Linh Mi™u 	10	1
12	37	65462	96742		Nh›m	10	1
12	37	65770	97205		Nh›m	10	1
11	37	65792	96724		Heo rıng	10	1
12	37	66147	96290		Nh›m	10	1
12	37	66327	96715		Nh›m	10	1
34	37	66223	96928		Linh Mi™u 	10	1
11	37	66110	96996		Heo rıng	10	1
33	37	66526	96433		G u	10	1
11	37	66468	96691		Heo rıng	10	1
12	37	66644	96774		Nh›m	10	1
12	37	67024	96683		Nh›m	10	1
12	37	66908	96774		Nh›m	10	1
33	37	66922	96542		G u	10	1
12	37	67579	96668		Nh›m	10	1
12	37	67400	96836		Nh›m	10	1
33	37	68032	96318		G u	10	1
12	37	67780	96494		Nh›m	10	1
11	37	68030	96876		Heo rıng	10	1
12	37	67872	96730		Nh›m	10	1
12	37	68376	96527		Nh›m	10	1
34	37	68444	96557		Linh Mi™u 	10	1
33	37	68421	96984		G u	10	1
11	37	68691	96371		Heo rıng	10	1
12	37	68812	96451		Nh›m	10	1
33	37	69015	96730		G u	10	1
11	37	69474	96507		Heo rıng	10	1
11	37	69310	96849		Heo rıng	10	1
33	37	39871	98104		G u	10	1
12	37	40235	97459		Nh›m	10	1
12	37	40051	98284		Nh›m	10	1
11	37	40901	98267		Heo rıng	10	1
12	37	40580	97625		Nh›m	10	1
12	37	41026	97707		Nh›m	10	1
34	37	41385	97779		Linh Mi™u 	10	1
12	37	41694	97500		Nh›m	10	1
34	37	41934	97846		Linh Mi™u 	10	1
11	37	41930	97640		Heo rıng	10	1
12	37	42291	97821		Nh›m	10	1
34	37	42210	97599		Linh Mi™u 	10	1
12	37	42955	98071		Nh›m	10	1
33	37	42995	97782		G u	10	1
34	37	42851	98093		Linh Mi™u 	10	1
12	37	43068	98238		Nh›m	10	1
12	37	43449	97825		Nh›m	10	1
11	37	43235	97996		Heo rıng	10	1
12	37	43178	97677		Nh›m	10	1
33	37	43369	97858		G u	10	1
34	37	43287	97725		Linh Mi™u 	10	1
12	37	43943	97605		Nh›m	10	1
33	37	44022	97284		G u	10	1
12	37	43550	98108		Nh›m	10	1
34	37	44448	97344		Linh Mi™u 	10	1
12	37	44155	97421		Nh›m	10	1
11	37	44094	98093		Heo rıng	10	1
34	37	44511	98054		Linh Mi™u 	10	1
12	37	44362	98102		Nh›m	10	1
11	37	44930	97717		Heo rıng	10	1
12	37	44819	97664		Nh›m	10	1
33	37	64172	98182		G u	10	1
11	37	64498	98021		Heo rıng	10	1
12	37	64362	97759		Nh›m	10	1
12	37	64667	98111		Nh›m	10	1
33	37	64966	98018		G u	10	1
33	37	64884	98162		G u	10	1
12	37	64882	98022		Nh›m	10	1
33	37	65263	97769		G u	10	1
34	37	65189	97818		Linh Mi™u 	10	1
12	37	65483	97352		Nh›m	10	1
11	37	65279	97348		Heo rıng	10	1
12	37	65177	97540		Nh›m	10	1
34	37	65567	97557		Linh Mi™u 	10	1
12	37	65879	98019		Nh›m	10	1
33	37	66400	98208		G u	10	1
12	37	66451	97911		Nh›m	10	1
34	37	66923	97742		Linh Mi™u 	10	1
12	37	66979	97421		Nh›m	10	1
12	37	67062	97619		Nh›m	10	1
11	37	66828	97969		Heo rıng	10	1
33	37	66645	97979		G u	10	1
12	37	67550	97663		Nh›m	10	1
11	37	67213	97610		Heo rıng	10	1
12	37	67236	98000		Nh›m	10	1
11	37	68051	97600		Heo rıng	10	1
11	37	68051	97767		Heo rıng	10	1
34	37	68243	98287		Linh Mi™u 	10	1
11	37	68479	97943		Heo rıng	10	1
33	37	68643	98186		G u	10	1
33	37	68775	97778		G u	10	1
12	37	69607	97585		Nh›m	10	1
12	37	69209	97596		Nh›m	10	1
11	37	69439	97863		Heo rıng	10	1
34	37	69269	97812		Linh Mi™u 	10	1
12	37	69666	97768		Nh›m	10	1
33	37	69670	97499		G u	10	1
12	37	39253	99155		Nh›m	10	1
12	37	39447	98884		Nh›m	10	1
12	37	39806	98411		Nh›m	10	1
11	37	39830	99095		Heo rıng	10	1
11	37	40229	98880		Heo rıng	10	1
11	37	40900	98889		Heo rıng	10	1
12	37	40763	98593		Nh›m	10	1
12	37	40722	99089		Nh›m	10	1
34	37	40629	98906		Linh Mi™u 	10	1
11	37	40513	98911		Heo rıng	10	1
33	37	41274	98383		G u	10	1
12	37	41064	99213		Nh›m	10	1
34	37	41568	99168		Linh Mi™u 	10	1
33	37	41728	98912		G u	10	1
12	37	41553	98772		Nh›m	10	1
34	37	42031	99232		Linh Mi™u 	10	1
11	37	42431	98414		Heo rıng	10	1
11	37	42528	99200		Heo rıng	10	1
11	37	42592	98848		Heo rıng	10	1
12	37	42895	98713		Nh›m	10	1
11	37	43328	99296		Heo rıng	10	1
34	37	43068	99061		Linh Mi™u 	10	1
12	37	43414	98970		Nh›m	10	1
33	37	43540	99296		G u	10	1
12	37	43906	98362		Nh›m	10	1
11	37	43607	98613		Heo rıng	10	1
12	37	43756	98695		Nh›m	10	1
34	37	43819	98780		Linh Mi™u 	10	1
33	37	44190	98321		G u	10	1
33	37	63791	99134		G u	10	1
12	37	63891	98911		Nh›m	10	1
34	37	64256	99008		Linh Mi™u 	10	1
12	37	64483	98624		Nh›m	10	1
12	37	64246	98362		Nh›m	10	1
33	37	64640	98336		G u	10	1
11	37	64531	98848		Heo rıng	10	1
12	37	65152	98942		Nh›m	10	1
11	37	65308	99284		Heo rıng	10	1
11	37	65745	98865		Heo rıng	10	1
34	37	65796	98544		Linh Mi™u 	10	1
12	37	65552	98443		Nh›m	10	1
12	37	65947	98323		Nh›m	10	1
34	37	66450	99132		Linh Mi™u 	10	1
11	37	66988	98720		Heo rıng	10	1
12	37	66893	98661		Nh›m	10	1
12	37	66913	98931		Nh›m	10	1
12	37	66728	99251		Nh›m	10	1
34	37	66715	98675		Linh Mi™u 	10	1
12	37	67511	98461		Nh›m	10	1
12	37	67296	98562		Nh›m	10	1
33	37	67075	98447		G u	10	1
33	37	68343	98573		G u	10	1
12	37	68565	98653		Nh›m	10	1
12	37	68423	98752		Nh›m	10	1
12	37	68912	98530		Nh›m	10	1
11	37	68767	98524		Heo rıng	10	1
11	37	69578	98459		Heo rıng	10	1
33	37	69497	99034		G u	10	1
12	37	69499	98553		Nh›m	10	1
11	37	69824	98784		Heo rıng	10	1
12	37	69980	99276		Nh›m	10	1
12	37	69952	99124		Nh›m	10	1
12	37	38268	100317		Nh›m	10	1
11	37	38628	99706		Heo rıng	10	1
12	37	38535	99690		Nh›m	10	1
11	37	39110	99420		Heo rıng	10	1
11	37	39138	100216		Heo rıng	10	1
11	37	39832	99663		Heo rıng	10	1
12	37	39779	99432		Nh›m	10	1
12	37	39539	100025		Nh›m	10	1
34	37	39660	99973		Linh Mi™u 	10	1
12	37	39984	99346		Nh›m	10	1
11	37	41289	99382		Heo rıng	10	1
11	37	41260	99788		Heo rıng	10	1
12	37	41402	99632		Nh›m	10	1
33	37	41172	99570		G u	10	1
12	37	41796	100015		Nh›m	10	1
11	37	41875	100254		Heo rıng	10	1
33	37	41639	100078		G u	10	1
12	37	41869	99413		Nh›m	10	1
11	37	41532	99891		Heo rıng	10	1
12	37	42322	100039		Nh›m	10	1
34	37	42976	99808		Linh Mi™u 	10	1
11	37	42496	99840		Heo rıng	10	1
12	37	42709	99705		Nh›m	10	1
33	37	43392	99552		G u	10	1
11	37	43221	100061		Heo rıng	10	1
12	37	43295	99923		Nh›m	10	1
33	37	43520	99808		G u	10	1
33	37	43520	100032		G u	10	1
12	37	63383	100291		Nh›m	10	1
12	37	63527	100120		Nh›m	10	1
11	37	63921	99723		Heo rıng	10	1
11	37	63817	99527		Heo rıng	10	1
12	37	63931	99540		Nh›m	10	1
12	37	64192	99757		Nh›m	10	1
12	37	64363	99467		Nh›m	10	1
11	37	64396	99667		Heo rıng	10	1
34	37	64654	99615		Linh Mi™u 	10	1
11	37	64594	99368		Heo rıng	10	1
12	37	64539	99538		Nh›m	10	1
12	37	64966	99496		Nh›m	10	1
11	37	65371	99846		Heo rıng	10	1
12	37	65469	100036		Nh›m	10	1
11	37	65952	99392		Heo rıng	10	1
33	37	65945	100030		G u	10	1
12	37	65993	100040		Nh›m	10	1
11	37	65898	99971		Heo rıng	10	1
33	37	65680	100141		G u	10	1
12	37	65630	100318		Nh›m	10	1
33	37	66528	99584		G u	10	1
33	37	66400	99475		G u	10	1
12	37	66088	99391		Nh›m	10	1
12	37	66199	99546		Nh›m	10	1
33	37	66801	99888		G u	10	1
12	37	66642	100034		Nh›m	10	1
12	37	69389	99724		Nh›m	10	1
33	37	69591	99880		G u	10	1
33	37	69990	99798		G u	10	1
11	37	69853	100170		Heo rıng	10	1
11	37	38319	100970		Heo rıng	10	1
12	37	38041	100733		Nh›m	10	1
33	37	37943	100737		G u	10	1
12	37	38033	101007		Nh›m	10	1
12	37	37910	101169		Nh›m	10	1
11	37	38563	100650		Heo rıng	10	1
12	37	39025	100958		Nh›m	10	1
12	37	38913	100480		Nh›m	10	1
34	37	39094	100747		Linh Mi™u 	10	1
33	37	41919	100473		G u	10	1
34	37	41734	100358		Linh Mi™u 	10	1
34	37	42112	100800		Linh Mi™u 	10	1
11	37	42274	101362		Heo rıng	10	1
11	37	42592	101248		Heo rıng	10	1
34	37	42816	100544		Linh Mi™u 	10	1
33	37	42778	100959		G u	10	1
12	37	42735	100479		Nh›m	10	1
12	37	42545	100811		Nh›m	10	1
12	37	43417	100860		Nh›m	10	1
12	37	43065	100992		Nh›m	10	1
11	37	43776	101056		Heo rıng	10	1
12	37	43667	100525		Nh›m	10	1
33	37	43792	100481		G u	10	1
11	37	62496	101280		Heo rıng	10	1
11	37	63180	101369		Heo rıng	10	1
12	37	63002	100961		Nh›m	10	1
34	37	62991	100824		Linh Mi™u 	10	1
33	37	63423	101320		G u	10	1
12	37	63326	100924		Nh›m	10	1
12	37	63915	100615		Nh›m	10	1
33	37	63676	100531		G u	10	1
34	37	63693	100789		Linh Mi™u 	10	1
12	37	63612	100749		Nh›m	10	1
33	37	65730	100615		G u	10	1
11	37	65895	100570		Heo rıng	10	1
12	37	66365	100473		Nh›m	10	1
12	37	66267	100999		Nh›m	10	1
11	37	66375	100673		Heo rıng	10	1
34	37	66411	101133		Linh Mi™u 	10	1
34	37	66208	101120		Linh Mi™u 	10	1
12	37	66126	100916		Nh›m	10	1
33	37	66584	100502		G u	10	1
12	37	37680	102288		Nh›m	10	1
12	37	38644	101767		Nh›m	10	1
11	37	38460	102183		Heo rıng	10	1
12	37	42377	101850		Nh›m	10	1
12	37	42738	101895		Nh›m	10	1
12	37	42616	101650		Nh›m	10	1
33	37	42624	101983		G u	10	1
33	37	42537	102213		G u	10	1
34	37	42793	102133		Linh Mi™u 	10	1
11	37	42527	102014		Heo rıng	10	1
12	37	43496	101699		Nh›m	10	1
33	37	43325	101432		G u	10	1
12	37	43333	102181		Nh›m	10	1
11	37	43525	101498		Heo rıng	10	1
12	37	43907	101802		Nh›m	10	1
11	37	43589	102250		Heo rıng	10	1
34	37	43804	102273		Linh Mi™u 	10	1
11	37	44093	102177		Heo rıng	10	1
12	37	44127	101793		Nh›m	10	1
33	37	62248	102190		G u	10	1
11	37	62433	102059		Heo rıng	10	1
12	37	62269	102304		Nh›m	10	1
12	37	62377	101655		Nh›m	10	1
12	37	62866	101813		Nh›m	10	1
33	37	62919	101877		G u	10	1
12	37	63017	102239		Nh›m	10	1
12	37	63149	101600		Nh›m	10	1
12	37	63011	101549		Nh›m	10	1
11	37	37684	102850		Heo rıng	10	1
12	37	37627	103154		Nh›m	10	1
12	37	37967	102577		Nh›m	10	1
12	37	38078	103299		Nh›m	10	1
12	37	38220	102948		Nh›m	10	1
12	37	38630	102408		Nh›m	10	1
33	37	38403	103174		G u	10	1
11	37	43452	102766		Heo rıng	10	1
33	37	43917	102571		G u	10	1
12	37	43709	102991		Nh›m	10	1
11	37	44219	102624		Heo rıng	10	1
12	37	44201	103364		Nh›m	10	1
33	37	61152	103331		G u	10	1
12	37	61394	103132		Nh›m	10	1
34	37	61326	103055		Linh Mi™u 	10	1
11	37	61653	103201		Heo rıng	10	1
12	37	61571	102874		Nh›m	10	1
12	37	62230	102970		Nh›m	10	1
12	37	62420	103419		Nh›m	10	1
11	37	62279	103362		Heo rıng	10	1
12	37	62876	103386		Nh›m	10	1
11	37	62633	103315		Heo rıng	10	1
34	37	62850	102577		Linh Mi™u 	10	1
34	37	62819	102812		Linh Mi™u 	10	1
12	37	62529	102469		Nh›m	10	1
33	37	63067	103404		G u	10	1
11	37	63033	102433		Heo rıng	10	1
34	37	43376	104026		Linh Mi™u 	10	1
33	37	43455	103613		G u	10	1
12	37	43366	104310		Nh›m	10	1
34	37	43957	103709		Linh Mi™u 	10	1
11	37	43656	103738		Heo rıng	10	1
12	37	43632	103921		Nh›m	10	1
12	37	43754	104287		Nh›m	10	1
12	37	44080	103472		Nh›m	10	1
11	37	44520	104327		Heo rıng	10	1
33	37	44834	104210		G u	10	1
12	37	44625	104001		Nh›m	10	1
12	37	48918	104181		Nh›m	10	1
34	37	49166	103977		Linh Mi™u 	10	1
12	37	49899	103446		Nh›m	10	1
12	37	56255	103782		Nh›m	10	1
12	37	56559	104073		Nh›m	10	1
12	37	56457	103811		Nh›m	10	1
33	37	56530	103579		G u	10	1
12	37	59881	103894		Nh›m	10	1
11	37	60212	104184		Heo rıng	10	1
12	37	60138	104188		Nh›m	10	1
34	37	59954	103888		Linh Mi™u 	10	1
34	37	59907	104174		Linh Mi™u 	10	1
12	37	59952	104063		Nh›m	10	1
12	37	60832	104416		Nh›m	10	1
33	37	60824	103908		G u	10	1
12	37	61123	103892		Nh›m	10	1
12	37	61354	103644		Nh›m	10	1
11	37	61206	103662		Heo rıng	10	1
33	37	61532	103788		G u	10	1
34	37	61797	104226		Linh Mi™u 	10	1
12	37	61838	104134		Nh›m	10	1
34	37	62170	104188		Linh Mi™u 	10	1
34	37	62323	103981		Linh Mi™u 	10	1
12	37	62204	103928		Nh›m	10	1
12	37	62041	104211		Nh›m	10	1
11	37	62081	103930		Heo rıng	10	1
12	37	62325	104164		Nh›m	10	1
11	37	62847	104075		Heo rıng	10	1
34	37	62799	103994		Linh Mi™u 	10	1
34	37	62775	104183		Linh Mi™u 	10	1
34	37	62730	104075		Linh Mi™u 	10	1
12	37	62615	104019		Nh›m	10	1
12	37	62527	104147		Nh›m	10	1
12	37	62662	103510		Nh›m	10	1
34	37	63036	103571		Linh Mi™u 	10	1
33	37	42912	105273		G u	10	1
12	37	43136	105184		Nh›m	10	1
33	37	43322	104456		G u	10	1
33	37	43282	105375		G u	10	1
12	37	43942	104928		Nh›m	10	1
11	37	43630	105248		Heo rıng	10	1
33	37	43894	105172		G u	10	1
33	37	44520	104854		G u	10	1
12	37	44360	104458		Nh›m	10	1
11	37	44191	105270		Heo rıng	10	1
12	37	44906	104591		Nh›m	10	1
34	37	44652	104496		Linh Mi™u 	10	1
11	37	45013	105199		Heo rıng	10	1
33	37	44955	105363		G u	10	1
12	37	45349	105220		Nh›m	10	1
12	37	45204	105378		Nh›m	10	1
34	37	48351	104795		Linh Mi™u 	10	1
33	37	48206	104732		G u	10	1
12	37	48418	104631		Nh›m	10	1
34	37	49192	104875		Linh Mi™u 	10	1
12	37	49394	104531		Nh›m	10	1
12	37	49947	104500		Nh›m	10	1
34	37	49729	104625		Linh Mi™u 	10	1
12	37	50386	104922		Nh›m	10	1
34	37	50192	105367		Linh Mi™u 	10	1
12	37	50983	105135		Nh›m	10	1
12	37	55526	105123		Nh›m	10	1
12	37	55791	105268		Nh›m	10	1
12	37	56189	104978		Nh›m	10	1
11	37	55852	105099		Heo rıng	10	1
33	37	56641	104924		G u	10	1
12	37	56655	105290		Nh›m	10	1
12	37	56362	105341		Nh›m	10	1
12	37	59809	105460		Nh›m	10	1
33	37	60156	105311		G u	10	1
11	37	59933	105297		Heo rıng	10	1
12	37	60292	105261		Nh›m	10	1
12	37	60345	104557		Nh›m	10	1
11	37	60594	105168		Heo rıng	10	1
12	37	60945	105340		Nh›m	10	1
12	37	61078	105288		Nh›m	10	1
11	37	61039	104725		Heo rıng	10	1
33	37	61164	104706		G u	10	1
12	37	61109	104910		Nh›m	10	1
11	37	42873	105596		Heo rıng	10	1
11	37	42896	106351		Heo rıng	10	1
12	37	42646	105803		Nh›m	10	1
11	37	42592	106491		Heo rıng	10	1
33	37	43488	106112		G u	10	1
34	37	43102	105805		Linh Mi™u 	10	1
12	37	43123	106472		Nh›m	10	1
12	37	43968	106336		Nh›m	10	1
12	37	43520	105664		Nh›m	10	1
12	37	43819	105619		Nh›m	10	1
12	37	44299	105548		Nh›m	10	1
12	37	44523	105897		Nh›m	10	1
12	37	44854	105633		Nh›m	10	1
33	37	44850	105838		G u	10	1
34	37	44626	105734		Linh Mi™u 	10	1
12	37	44647	106444		Nh›m	10	1
11	37	44635	106042		Heo rıng	10	1
12	37	45376	105696		Nh›m	10	1
12	37	45528	106371		Nh›m	10	1
12	37	45778	105611		Nh›m	10	1
34	37	45630	105844		Linh Mi™u 	10	1
11	37	45789	105891		Heo rıng	10	1
33	37	46540	106230		G u	10	1
11	37	46545	105946		Heo rıng	10	1
34	37	46213	106001		Linh Mi™u 	10	1
12	37	46102	106027		Nh›m	10	1
12	37	47072	105664		Nh›m	10	1
12	37	46938	105476		Nh›m	10	1
12	37	46693	105828		Nh›m	10	1
11	37	46916	105776		Heo rıng	10	1
12	37	47405	106403		Nh›m	10	1
34	37	47138	105476		Linh Mi™u 	10	1
11	37	48109	105938		Heo rıng	10	1
12	37	48209	106463		Nh›m	10	1
12	37	48286	105528		Nh›m	10	1
11	37	48553	105621		Heo rıng	10	1
11	37	49072	105819		Heo rıng	10	1
34	37	48898	106133		Linh Mi™u 	10	1
12	37	50014	105819		Nh›m	10	1
11	37	49923	105540		Heo rıng	10	1
12	37	50163	106294		Nh›m	10	1
34	37	49975	106470		Linh Mi™u 	10	1
33	37	49974	106175		G u	10	1
12	37	49898	106063		Nh›m	10	1
33	37	50467	106035		G u	10	1
12	37	50469	105547		Nh›m	10	1
12	37	50982	105909		Nh›m	10	1
33	37	55686	106259		G u	10	1
12	37	55645	106430		Nh›m	10	1
12	37	55783	106165		Nh›m	10	1
11	37	56111	106350		Heo rıng	10	1
33	37	55938	105971		G u	10	1
34	37	55831	106094		Linh Mi™u 	10	1
11	37	55885	106149		Heo rıng	10	1
12	37	56174	106348		Nh›m	10	1
33	37	56465	106379		G u	10	1
33	37	56507	105772		G u	10	1
33	37	56892	106107		G u	10	1
12	37	56924	105887		Nh›m	10	1
12	37	59600	106234		Nh›m	10	1
33	37	59713	106449		G u	10	1
12	37	60073	106332		Nh›m	10	1
11	37	60218	106491		Heo rıng	10	1
33	37	60219	106222		G u	10	1
34	37	60465	105893		Linh Mi™u 	10	1
11	37	60763	105952		Heo rıng	10	1
12	37	60899	105954		Nh›m	10	1
12	37	60574	105888		Nh›m	10	1
33	37	42302	106698		G u	10	1
11	37	42280	107231		Heo rıng	10	1
12	37	42224	106899		Nh›m	10	1
12	37	42043	107072		Nh›m	10	1
34	37	42070	106883		Linh Mi™u 	10	1
33	37	42816	107456		G u	10	1
12	37	42820	106714		Nh›m	10	1
12	37	42954	107370		Nh›m	10	1
12	37	42788	107129		Nh›m	10	1
34	37	43168	106720		Linh Mi™u 	10	1
33	37	43161	107324		G u	10	1
34	37	43076	107485		Linh Mi™u 	10	1
11	37	43380	107045		Heo rıng	10	1
33	37	43552	106752		G u	10	1
11	37	43520	106496		Heo rıng	10	1
11	37	43941	107062		Heo rıng	10	1
12	37	43855	107114		Nh›m	10	1
12	37	44032	106496		Nh›m	10	1
34	37	44316	107197		Linh Mi™u 	10	1
12	37	44173	106861		Nh›m	10	1
12	37	44436	107449		Nh›m	10	1
12	37	45052	106562		Nh›m	10	1
11	37	45047	106973		Heo rıng	10	1
12	37	44982	106849		Nh›m	10	1
11	37	45223	107370		Heo rıng	10	1
33	37	45537	107297		G u	10	1
12	37	45344	107414		Nh›m	10	1
34	37	45161	107496		Linh Mi™u 	10	1
12	37	45251	107051		Nh›m	10	1
11	37	45444	106575		Heo rıng	10	1
12	37	45905	107217		Nh›m	10	1
34	37	45841	107066		Linh Mi™u 	10	1
12	37	45806	106887		Nh›m	10	1
12	37	45679	107165		Nh›m	10	1
33	37	46208	107328		G u	10	1
12	37	46190	107501		Nh›m	10	1
12	37	46958	107474		Nh›m	10	1
12	37	46924	107035		Nh›m	10	1
11	37	47040	107191		Heo rıng	10	1
33	37	47106	107260		G u	10	1
12	37	47331	106864		Nh›m	10	1
11	37	47537	106658		Heo rıng	10	1
33	37	47196	106690		G u	10	1
12	37	47805	106835		Nh›m	10	1
12	37	48085	106843		Nh›m	10	1
12	37	47864	106613		Nh›m	10	1
11	37	48576	107456		Heo rıng	10	1
33	37	48273	106595		G u	10	1
12	37	49048	106833		Nh›m	10	1
33	37	48961	107111		G u	10	1
12	37	49377	106895		Nh›m	10	1
12	37	49214	107109		Nh›m	10	1
33	37	49344	107077		G u	10	1
11	37	49200	106702		Heo rıng	10	1
12	37	50022	106633		Nh›m	10	1
12	37	50375	106993		Nh›m	10	1
11	37	50518	106783		Heo rıng	10	1
33	37	50375	107262		G u	10	1
11	37	50276	107275		Heo rıng	10	1
12	37	50239	107109		Nh›m	10	1
33	37	50816	106624		G u	10	1
12	37	51068	107453		Nh›m	10	1
11	37	50917	107179		Heo rıng	10	1
11	37	56036	107256		Heo rıng	10	1
12	37	55879	107209		Nh›m	10	1
12	37	55989	106617		Nh›m	10	1
12	37	56800	106592		Nh›m	10	1
11	37	56544	107104		Heo rıng	10	1
11	37	56737	107372		Heo rıng	10	1
12	37	56814	107487		Nh›m	10	1
12	37	56341	106966		Nh›m	10	1
12	37	56887	106765		Nh›m	10	1
11	37	56988	107260		Heo rıng	10	1
12	37	56842	107280		Nh›m	10	1
33	37	56925	107415		G u	10	1
12	37	59176	107492		Nh›m	10	1
34	37	59520	107360		Linh Mi™u 	10	1
12	37	59589	106965		Nh›m	10	1
12	37	59897	106986		Nh›m	10	1
11	37	59611	106519		Heo rıng	10	1
11	37	59787	107139		Heo rıng	10	1
11	37	60283	107007		Heo rıng	10	1
12	37	60272	107457		Nh›m	10	1
34	37	42400	108256		Linh Mi™u 	10	1
34	37	42080	107648		Linh Mi™u 	10	1
12	37	42484	107941		Nh›m	10	1
34	37	42117	107861		Linh Mi™u 	10	1
12	37	42143	108509		Nh›m	10	1
34	37	42753	107903		Linh Mi™u 	10	1
12	37	42642	108075		Nh›m	10	1
12	37	43407	107522		Nh›m	10	1
34	37	43648	108288		Linh Mi™u 	10	1
33	37	43904	108064		G u	10	1
12	37	43653	107996		Nh›m	10	1
11	37	43785	107601		Heo rıng	10	1
12	37	44130	107670		Nh›m	10	1
12	37	44397	108512		Nh›m	10	1
12	37	44483	108103		Nh›m	10	1
34	37	44640	107552		Linh Mi™u 	10	1
33	37	44608	108133		G u	10	1
11	37	46582	108171		Heo rıng	10	1
33	37	46140	107617		G u	10	1
12	37	46304	108189		Nh›m	10	1
34	37	46271	107993		Linh Mi™u 	10	1
12	37	46341	107776		Nh›m	10	1
34	37	46878	108457		Linh Mi™u 	10	1
12	37	46611	108502		Nh›m	10	1
11	37	47104	107936		Heo rıng	10	1
12	37	47520	107712		Nh›m	10	1
12	37	47104	107520		Nh›m	10	1
12	37	47596	108004		Nh›m	10	1
12	37	47917	107923		Nh›m	10	1
12	37	47802	107532		Nh›m	10	1
11	37	47851	107830		Heo rıng	10	1
33	37	47706	107768		G u	10	1
34	37	47664	107587		Linh Mi™u 	10	1
12	37	47802	108203		Nh›m	10	1
12	37	48591	108200		Nh›m	10	1
11	37	48373	107985		Heo rıng	10	1
12	37	48256	107967		Nh›m	10	1
12	37	48614	107849		Nh›m	10	1
33	37	48464	107720		G u	10	1
34	37	48590	107607		Linh Mi™u 	10	1
12	37	48210	108511		Nh›m	10	1
12	37	49108	108292		Nh›m	10	1
33	37	48677	107645		G u	10	1
34	37	48691	108096		Linh Mi™u 	10	1
12	37	48717	107899		Nh›m	10	1
12	37	49651	107980		Nh›m	10	1
12	37	49421	108227		Nh›m	10	1
34	37	49171	108248		Linh Mi™u 	10	1
33	37	49293	108288		G u	10	1
12	37	50164	108322		Nh›m	10	1
11	37	49684	107777		Heo rıng	10	1
33	37	49711	108262		G u	10	1
33	37	50224	108285		G u	10	1
33	37	50680	108330		G u	10	1
33	37	50752	107776		G u	10	1
11	37	50787	108119		Heo rıng	10	1
12	37	50869	108383		Nh›m	10	1
12	37	51228	108125		Nh›m	10	1
11	37	51308	107998		Heo rıng	10	1
12	37	56196	108402		Nh›m	10	1
12	37	56079	107567		Nh›m	10	1
11	37	56819	108462		Heo rıng	10	1
11	37	56339	108481		Heo rıng	10	1
12	37	56387	107531		Nh›m	10	1
11	37	56507	107525		Heo rıng	10	1
12	37	57161	108154		Nh›m	10	1
33	37	57502	108124		G u	10	1
12	37	57476	108243		Nh›m	10	1
11	37	57372	108081		Heo rıng	10	1
12	37	58198	108532		Nh›m	10	1
12	37	58462	108201		Nh›m	10	1
12	37	58818	108258		Nh›m	10	1
11	37	58917	107744		Heo rıng	10	1
11	37	59207	107939		Heo rıng	10	1
33	37	59017	107529		G u	10	1
12	37	58987	107706		Nh›m	10	1
11	37	59758	108110		Heo rıng	10	1
11	37	59568	107646		Heo rıng	10	1
12	37	59778	107799		Nh›m	10	1
11	37	59923	107774		Heo rıng	10	1
34	37	60056	107681		Linh Mi™u 	10	1
11	37	42228	108764		Heo rıng	10	1
12	37	42165	109475		Nh›m	10	1
11	37	42453	109435		Heo rıng	10	1
33	37	42633	109078		G u	10	1
12	37	42821	109440		Nh›m	10	1
11	37	42877	109023		Heo rıng	10	1
12	37	42982	109055		Nh›m	10	1
33	37	43124	109197		G u	10	1
34	37	43055	108942		Linh Mi™u 	10	1
12	37	43219	109432		Nh›m	10	1
34	37	43760	108877		Linh Mi™u 	10	1
12	37	43906	108673		Nh›m	10	1
12	37	43956	109018		Nh›m	10	1
12	37	44048	108883		Nh›m	10	1
33	37	44382	109078		G u	10	1
12	37	45040	108564		Nh›m	10	1
11	37	44870	108574		Heo rıng	10	1
11	37	44653	108780		Heo rıng	10	1
11	37	44682	109363		Heo rıng	10	1
12	37	45267	108548		Nh›m	10	1
12	37	45482	108782		Nh›m	10	1
33	37	45083	109002		G u	10	1
34	37	45058	108824		Linh Mi™u 	10	1
12	37	45496	109195		Nh›m	10	1
12	37	45110	109401		Nh›m	10	1
11	37	46048	109184		Heo rıng	10	1
11	37	45824	108608		Heo rıng	10	1
12	37	45806	109559		Nh›m	10	1
12	37	46010	109531		Nh›m	10	1
12	37	45888	108971		Nh›m	10	1
34	37	46036	108854		Linh Mi™u 	10	1
11	37	45756	109227		Heo rıng	10	1
34	37	46190	109333		Linh Mi™u 	10	1
11	37	47040	109376		Heo rıng	10	1
11	37	46872	108956		Heo rıng	10	1
12	37	46688	108845		Nh›m	10	1
33	37	47210	108907		G u	10	1
11	37	47290	109170		Heo rıng	10	1
11	37	47482	109424		Heo rıng	10	1
33	37	47328	109403		G u	10	1
12	37	47414	109237		Nh›m	10	1
34	37	47712	109088		Linh Mi™u 	10	1
12	37	47721	109235		Nh›m	10	1
11	37	47850	108802		Heo rıng	10	1
12	37	47760	108745		Nh›m	10	1
12	37	47839	109399		Nh›m	10	1
11	37	48489	109241		Heo rıng	10	1
11	37	48558	108602		Heo rıng	10	1
12	37	48663	109501		Nh›m	10	1
33	37	48731	109323		G u	10	1
11	37	49467	108561		Heo rıng	10	1
12	37	49222	109164		Nh›m	10	1
12	37	49631	109499		Nh›m	10	1
12	37	49315	108643		Nh›m	10	1
33	37	49165	108656		G u	10	1
11	37	50109	109544		Heo rıng	10	1
34	37	50049	109189		Linh Mi™u 	10	1
12	37	50083	108832		Nh›m	10	1
34	37	49845	108585		Linh Mi™u 	10	1
12	37	49906	108929		Nh›m	10	1
12	37	50225	109263		Nh›m	10	1
33	37	50214	109010		G u	10	1
12	37	50941	108929		Nh›m	10	1
33	37	50857	109403		G u	10	1
12	37	51062	109481		Nh›m	10	1
12	37	50761	109102		Nh›m	10	1
12	37	50720	108616		Nh›m	10	1
33	37	51584	108864		G u	10	1
12	37	51588	109094		Nh›m	10	1
12	37	55042	109445		Nh›m	10	1
33	37	55295	109559		G u	10	1
12	37	56067	109422		Nh›m	10	1
11	37	56599	109239		Heo rıng	10	1
33	37	56797	109325		G u	10	1
12	37	56378	109051		Nh›m	10	1
11	37	57133	108715		Heo rıng	10	1
12	37	57256	109056		Nh›m	10	1
12	37	57056	108937		Nh›m	10	1
33	37	57049	109083		G u	10	1
12	37	56847	109045		Nh›m	10	1
12	37	57455	108955		Nh›m	10	1
11	37	57683	109087		Heo rıng	10	1
12	37	58188	108997		Nh›m	10	1
34	37	58431	109339		Linh Mi™u 	10	1
12	37	58592	109164		Nh›m	10	1
12	37	58784	109244		Nh›m	10	1
33	37	59040	108768		G u	10	1
12	37	58933	108902		Nh›m	10	1
34	37	58894	109284		Linh Mi™u 	10	1
33	37	59453	109129		G u	10	1
11	37	59618	109361		Heo rıng	10	1
33	37	59756	109477		G u	10	1
12	37	59400	108796		Nh›m	10	1
11	37	59705	108615		Heo rıng	10	1
12	37	60153	108893		Nh›m	10	1
12	37	41756	110003		Nh›m	10	1
34	37	41780	110257		Linh Mi™u 	10	1
33	37	41923	110208		G u	10	1
12	37	41853	110257		Nh›m	10	1
11	37	42208	110080		Heo rıng	10	1
12	37	42042	110312		Nh›m	10	1
34	37	42496	109878		Linh Mi™u 	10	1
12	37	42994	110211		Nh›m	10	1
11	37	42858	110007		Heo rıng	10	1
33	37	42737	110521		G u	10	1
33	37	43001	110530		G u	10	1
34	37	42759	110253		Linh Mi™u 	10	1
12	37	42613	110367		Nh›m	10	1
34	37	43328	109568		Linh Mi™u 	10	1
34	37	43392	109824		Linh Mi™u 	10	1
11	37	43488	110421		Heo rıng	10	1
33	37	43968	109824		G u	10	1
12	37	43848	110423		Nh›m	10	1
34	37	43873	110163		Linh Mi™u 	10	1
11	37	44026	110034		Heo rıng	10	1
12	37	44154	109759		Nh›m	10	1
34	37	44034	109590		Linh Mi™u 	10	1
11	37	44359	110525		Heo rıng	10	1
12	37	44137	110364		Nh›m	10	1
12	37	44960	110528		Nh›m	10	1
11	37	44966	109804		Heo rıng	10	1
12	37	44841	110225		Nh›m	10	1
12	37	44583	109788		Nh›m	10	1
11	37	45232	110080		Heo rıng	10	1
12	37	45475	110433		Nh›m	10	1
33	37	45465	110069		G u	10	1
11	37	45475	109878		Heo rıng	10	1
12	37	45114	109972		Nh›m	10	1
12	37	45827	109770		Nh›m	10	1
12	37	45686	109953		Nh›m	10	1
12	37	45593	110243		Nh›m	10	1
33	37	46174	109578		G u	10	1
12	37	46304	110558		Nh›m	10	1
11	37	46471	110513		Heo rıng	10	1
11	37	46124	110591		Heo rıng	10	1
12	37	46668	110069		Nh›m	10	1
11	37	46876	109707		Heo rıng	10	1
12	37	46808	109682		Nh›m	10	1
12	37	46932	110099		Nh›m	10	1
33	37	46942	109869		G u	10	1
12	37	47241	110513		Nh›m	10	1
12	37	47568	109959		Nh›m	10	1
12	37	47827	110525		Nh›m	10	1
12	37	48562	110215		Nh›m	10	1
33	37	48359	110298		G u	10	1
34	37	48430	110169		Linh Mi™u 	10	1
33	37	48573	109657		G u	10	1
12	37	48355	110048		Nh›m	10	1
12	37	48423	109681		Nh›m	10	1
34	37	49353	109865		Linh Mi™u 	10	1
12	37	49209	109671		Nh›m	10	1
33	37	49154	109758		G u	10	1
33	37	49547	109872		G u	10	1
12	37	49492	110255		Nh›m	10	1
33	37	49310	110257		G u	10	1
34	37	49421	110373		Linh Mi™u 	10	1
33	37	50170	110267		G u	10	1
11	37	49684	109978		Heo rıng	10	1
34	37	50400	110080		Linh Mi™u 	10	1
11	37	50208	109824		Heo rıng	10	1
12	37	50597	109774		Nh›m	10	1
12	37	50287	109721		Nh›m	10	1
11	37	50463	109586		Heo rıng	10	1
33	37	51104	110048		G u	10	1
12	37	50802	110165		Nh›m	10	1
12	37	50963	110590		Nh›m	10	1
12	37	51201	110289		Nh›m	10	1
12	37	52064	110304		Nh›m	10	1
34	37	52000	110080		Linh Mi™u 	10	1
12	37	51852	109757		Nh›m	10	1
12	37	52095	109809		Nh›m	10	1
11	37	52006	109704		Heo rıng	10	1
12	37	52320	110560		Nh›m	10	1
12	37	52634	110481		Nh›m	10	1
12	37	53348	110491		Nh›m	10	1
11	37	54016	110080		Heo rıng	10	1
34	37	53792	110368		Linh Mi™u 	10	1
12	37	53954	110229		Nh›m	10	1
11	37	54185	110479		Heo rıng	10	1
12	37	54291	109788		Nh›m	10	1
11	37	54534	109617		Heo rıng	10	1
12	37	54795	110352		Nh›m	10	1
12	37	54930	109627		Nh›m	10	1
12	37	55174	110354		Nh›m	10	1
12	37	55284	109741		Nh›m	10	1
11	37	55797	110147		Heo rıng	10	1
34	37	55329	110348		Linh Mi™u 	10	1
12	37	55484	110145		Nh›m	10	1
12	37	55848	109738		Nh›m	10	1
12	37	56156	110575		Nh›m	10	1
33	37	56279	110500		G u	10	1
12	37	56674	109817		Nh›m	10	1
33	37	56574	109942		G u	10	1
12	37	56320	110233		Nh›m	10	1
12	37	56527	110046		Nh›m	10	1
33	37	57504	110432		G u	10	1
34	37	57455	110219		Linh Mi™u 	10	1
11	37	57845	109812		Heo rıng	10	1
12	37	57729	110039		Nh›m	10	1
11	37	58200	109758		Heo rıng	10	1
12	37	57984	110391		Nh›m	10	1
12	37	58385	109836		Nh›m	10	1
12	37	58793	110031		Nh›m	10	1
11	37	58927	110312		Heo rıng	10	1
12	37	59135	110056		Nh›m	10	1
12	37	59835	109589		Nh›m	10	1
33	37	59427	110277		G u	10	1
12	37	59529	110354		Nh›m	10	1
11	37	60122	110239		Heo rıng	10	1
12	37	60116	110535		Nh›m	10	1
12	37	60167	109781		Nh›m	10	1
33	37	60011	109887		G u	10	1
11	37	59960	109589		Heo rıng	10	1
33	37	60582	109639		G u	10	1
11	37	60544	109829		Heo rıng	10	1
12	37	60533	110226		Nh›m	10	1
33	37	41924	110810		G u	10	1
12	37	42147	110681		Nh›m	10	1
12	37	42160	111068		Nh›m	10	1
34	37	42052	110979		Linh Mi™u 	10	1
34	37	42784	111232		Linh Mi™u 	10	1
12	37	42622	111004		Nh›m	10	1
11	37	42888	110943		Heo rıng	10	1
12	37	43488	111360		Nh›m	10	1
33	37	43355	111101		G u	10	1
12	37	43276	111274		Nh›m	10	1
12	37	43193	111610		Nh›m	10	1
11	37	43708	110836		Heo rıng	10	1
12	37	43536	110995		Nh›m	10	1
11	37	43820	111262		Heo rıng	10	1
33	37	44453	110808		G u	10	1
34	37	44422	111115		Linh Mi™u 	10	1
12	37	44189	111000		Nh›m	10	1
11	37	45055	111064		Heo rıng	10	1
11	37	44777	111134		Heo rıng	10	1
12	37	44829	111410		Nh›m	10	1
33	37	44550	111239		G u	10	1
12	37	44571	110896		Nh›m	10	1
12	37	45354	111138		Nh›m	10	1
33	37	45248	110604		G u	10	1
33	37	45435	110735		G u	10	1
12	37	45570	111291		Nh›m	10	1
12	37	46176	111424		Nh›m	10	1
33	37	46464	111104		G u	10	1
12	37	46189	111207		Nh›m	10	1
34	37	46314	110836		Linh Mi™u 	10	1
12	37	46111	110842		Nh›m	10	1
12	37	47040	110880		Nh›m	10	1
33	37	46944	110976		G u	10	1
33	37	46730	110927		G u	10	1
33	37	47163	110673		G u	10	1
11	37	47479	110893		Heo rıng	10	1
12	37	47846	111388		Nh›m	10	1
12	37	48012	110734		Nh›m	10	1
11	37	47986	110991		Heo rıng	10	1
33	37	47882	110769		G u	10	1
34	37	47907	111166		Linh Mi™u 	10	1
33	37	48442	111543		G u	10	1
34	37	48413	111064		Linh Mi™u 	10	1
34	37	48235	111310		Linh Mi™u 	10	1
12	37	48433	110683		Nh›m	10	1
12	37	48228	111031		Nh›m	10	1
12	37	48143	111174		Nh›m	10	1
11	37	49071	111492		Heo rıng	10	1
12	37	49585	111173		Nh›m	10	1
12	37	49335	110641		Nh›m	10	1
12	37	49871	110822		Nh›m	10	1
11	37	49693	110596		Heo rıng	10	1
34	37	50043	110656		Linh Mi™u 	10	1
11	37	50447	110753		Heo rıng	10	1
11	37	50186	110970		Heo rıng	10	1
11	37	50548	111266		Heo rıng	10	1
12	37	50368	111266		Nh›m	10	1
12	37	50641	110886		Nh›m	10	1
34	37	50816	110720		Linh Mi™u 	10	1
12	37	50741	111217		Nh›m	10	1
34	37	51008	110748		Linh Mi™u 	10	1
34	37	51171	110627		Linh Mi™u 	10	1
33	37	51475	110774		G u	10	1
34	37	51264	111506		Linh Mi™u 	10	1
11	37	51732	111072		Heo rıng	10	1
11	37	52119	110987		Heo rıng	10	1
12	37	51950	111274		Nh›m	10	1
12	37	52425	111297		Nh›m	10	1
11	37	52658	111218		Heo rıng	10	1
12	37	52626	110668		Nh›m	10	1
11	37	52875	110999		Heo rıng	10	1
33	37	53165	111419		G u	10	1
12	37	53033	110678		Nh›m	10	1
12	37	52971	111024		Nh›m	10	1
12	37	53683	111226		Nh›m	10	1
11	37	53510	110971		Heo rıng	10	1
12	37	53545	111465		Nh›m	10	1
33	37	53617	111336		G u	10	1
12	37	53431	111295		Nh›m	10	1
12	37	54117	111088		Nh›m	10	1
11	37	54031	110884		Heo rıng	10	1
12	37	53775	111322		Nh›m	10	1
12	37	54219	110849		Nh›m	10	1
12	37	54421	110941		Nh›m	10	1
34	37	54551	110812		Linh Mi™u 	10	1
33	37	54618	110665		G u	10	1
12	37	54625	110915		Nh›m	10	1
12	37	54506	110651		Nh›m	10	1
12	37	55723	110913		Nh›m	10	1
33	37	55707	111207		G u	10	1
12	37	56096	111456		Nh›m	10	1
11	37	55808	110968		Heo rıng	10	1
12	37	55821	111247		Nh›m	10	1
12	37	56261	110726		Nh›m	10	1
11	37	57263	111210		Heo rıng	10	1
33	37	56948	111212		G u	10	1
34	37	56969	111349		Linh Mi™u 	10	1
12	37	57143	111382		Nh›m	10	1
12	37	57025	111239		Nh›m	10	1
33	37	57711	111251		G u	10	1
12	37	57785	110872		Nh›m	10	1
12	37	57357	110647		Nh›m	10	1
11	37	57370	111014		Heo rıng	10	1
12	37	57556	111332		Nh›m	10	1
33	37	57369	111343		G u	10	1
34	37	57454	111359		Linh Mi™u 	10	1
33	37	57930	110649		G u	10	1
12	37	58312	110939		Nh›m	10	1
12	37	57870	111440		Nh›m	10	1
12	37	58212	110648		Nh›m	10	1
12	37	58838	111563		Nh›m	10	1
33	37	58810	111149		G u	10	1
12	37	58798	110909		Nh›m	10	1
12	37	58466	111208		Nh›m	10	1
12	37	58480	111537		Nh›m	10	1
12	37	58894	110668		Nh›m	10	1
12	37	59274	110678		Nh›m	10	1
12	37	59840	110976		Nh›m	10	1
11	37	59676	111239		Heo rıng	10	1
12	37	59699	110887		Nh›m	10	1
33	37	59800	110845		G u	10	1
11	37	60277	110847		Heo rıng	10	1
33	37	60539	110731		G u	10	1
12	37	60788	110895		Nh›m	10	1
12	37	60491	110933		Nh›m	10	1
12	37	43120	112076		Nh›m	10	1
11	37	43436	112017		Heo rıng	10	1
33	37	43222	112618		G u	10	1
12	37	43552	112160		Nh›m	10	1
33	37	43920	112512		G u	10	1
12	37	44027	112473		Nh›m	10	1
12	37	43932	112164		Nh›m	10	1
34	37	43776	112440		Linh Mi™u 	10	1
33	37	44096	112576		G u	10	1
33	37	45120	112544		G u	10	1
11	37	45098	111697		Heo rıng	10	1
11	37	45484	112475		Heo rıng	10	1
12	37	45250	112587		Nh›m	10	1
12	37	45258	112190		Nh›m	10	1
33	37	45126	112223		G u	10	1
33	37	45836	111674		G u	10	1
12	37	45741	111765		Nh›m	10	1
12	37	46268	112596		Nh›m	10	1
34	37	46633	112567		Linh Mi™u 	10	1
34	37	46935	111856		Linh Mi™u 	10	1
12	37	47024	111854		Nh›m	10	1
12	37	47024	112045		Nh›m	10	1
11	37	47360	111936		Heo rıng	10	1
12	37	47444	112477		Nh›m	10	1
34	37	47584	112578		Linh Mi™u 	10	1
12	37	47226	112090		Nh›m	10	1
33	37	47415	112161		G u	10	1
34	37	47292	112307		Linh Mi™u 	10	1
33	37	47188	112229		G u	10	1
12	37	47962	111666		Nh›m	10	1
33	37	48054	111882		G u	10	1
12	37	47636	112138		Nh›m	10	1
11	37	47661	112425		Heo rıng	10	1
11	37	48192	111936		Heo rıng	10	1
12	37	48553	111753		Nh›m	10	1
11	37	48477	112341		Heo rıng	10	1
12	37	48285	111777		Nh›m	10	1
12	37	48308	112385		Nh›m	10	1
33	37	48750	111725		G u	10	1
12	37	48917	111650		Nh›m	10	1
12	37	48817	112057		Nh›m	10	1
11	37	48828	112594		Heo rıng	10	1
11	37	49481	112414		Heo rıng	10	1
34	37	49635	112500		Linh Mi™u 	10	1
11	37	49856	112064		Heo rıng	10	1
11	37	50076	112546		Heo rıng	10	1
12	37	49922	112265		Nh›m	10	1
12	37	49678	112078		Nh›m	10	1
34	37	50068	112231		Linh Mi™u 	10	1
12	37	50571	112423		Nh›m	10	1
12	37	50467	111883		Nh›m	10	1
34	37	51104	112608		Linh Mi™u 	10	1
11	37	50895	112557		Heo rıng	10	1
12	37	51163	111644		Nh›m	10	1
12	37	50752	112440		Nh›m	10	1
11	37	50740	111787		Heo rıng	10	1
33	37	51360	112032		G u	10	1
34	37	51616	112192		Linh Mi™u 	10	1
12	37	51688	112332		Nh›m	10	1
12	37	51343	111785		Nh›m	10	1
12	37	52528	111842		Nh›m	10	1
12	37	52346	111844		Nh›m	10	1
33	37	52413	111997		G u	10	1
33	37	52800	112636		G u	10	1
12	37	53417	112617		Nh›m	10	1
12	37	53625	112605		Nh›m	10	1
12	37	54247	112003		Nh›m	10	1
12	37	54245	112549		Nh›m	10	1
34	37	54560	112064		Linh Mi™u 	10	1
12	37	54486	111877		Nh›m	10	1
11	37	54496	112098		Heo rıng	10	1
12	37	54624	111763		Nh›m	10	1
12	37	55244	112161		Nh›m	10	1
11	37	55032	112234		Heo rıng	10	1
33	37	54972	112492		G u	10	1
34	37	55158	112472		Linh Mi™u 	10	1
12	37	55120	112421		Nh›m	10	1
12	37	55716	112275		Nh›m	10	1
33	37	55791	112521		G u	10	1
11	37	55499	111632		Heo rıng	10	1
12	37	55365	111648		Nh›m	10	1
12	37	55423	112419		Nh›m	10	1
34	37	55574	112287		Linh Mi™u 	10	1
12	37	56271	111869		Nh›m	10	1
11	37	55943	111796		Heo rıng	10	1
12	37	56080	112005		Nh›m	10	1
33	37	56211	111956		G u	10	1
12	37	55932	112545		Nh›m	10	1
34	37	58349	112256		Linh Mi™u 	10	1
12	37	58339	112411		Nh›m	10	1
11	37	58614	111697		Heo rıng	10	1
12	37	58595	112037		Nh›m	10	1
12	37	58797	112151		Nh›m	10	1
33	37	58424	112045		G u	10	1
12	37	59200	112448		Nh›m	10	1
33	37	58973	112325		G u	10	1
11	37	58882	111784		Heo rıng	10	1
12	37	59456	111872		Nh›m	10	1
11	37	59884	112517		Heo rıng	10	1
12	37	60120	112565		Nh›m	10	1
12	37	60091	111696		Nh›m	10	1
11	37	43485	113022		Heo rıng	10	1
12	37	43309	112969		Nh›m	10	1
11	37	44000	113568		Heo rıng	10	1
12	37	43547	113311		Nh›m	10	1
12	37	43803	112933		Nh›m	10	1
12	37	44428	113235		Nh›m	10	1
12	37	44440	112779		Nh›m	10	1
11	37	44640	112928		Heo rıng	10	1
12	37	45048	113390		Nh›m	10	1
12	37	45098	112835		Nh›m	10	1
33	37	46077	112919		G u	10	1
12	37	45679	113505		Nh›m	10	1
12	37	45873	113321		Nh›m	10	1
33	37	45889	113642		G u	10	1
11	37	46265	112841		Heo rıng	10	1
12	37	46568	112753		Nh›m	10	1
11	37	46404	113558		Heo rıng	10	1
12	37	46745	113037		Nh›m	10	1
12	37	46742	112777		Nh›m	10	1
12	37	48003	112909		Nh›m	10	1
33	37	47840	113088		G u	10	1
12	37	47705	112819		Nh›m	10	1
12	37	48247	113182		Nh›m	10	1
11	37	48490	113319		Heo rıng	10	1
12	37	48536	113646		Nh›m	10	1
12	37	48271	113646		Nh›m	10	1
34	37	48848	113234		Linh Mi™u 	10	1
12	37	49024	112739		Nh›m	10	1
34	37	48695	113516		Linh Mi™u 	10	1
12	37	48725	113227		Nh›m	10	1
12	37	48987	113634		Nh›m	10	1
12	37	49099	113473		Nh›m	10	1
11	37	49620	112746		Heo rıng	10	1
12	37	49317	112739		Nh›m	10	1
12	37	49531	112704		Nh›m	10	1
34	37	49191	113585		Linh Mi™u 	10	1
33	37	49198	113426		G u	10	1
33	37	49980	113659		G u	10	1
12	37	49900	112692		Nh›m	10	1
33	37	49814	112735		G u	10	1
33	37	50114	112688		G u	10	1
11	37	50272	113632		Heo rıng	10	1
11	37	50406	113602		Heo rıng	10	1
33	37	51120	113204		G u	10	1
11	37	50857	112840		Heo rıng	10	1
34	37	50785	112688		Linh Mi™u 	10	1
12	37	51507	113261		Nh›m	10	1
11	37	51408	113617		Heo rıng	10	1
12	37	51249	113323		Nh›m	10	1
12	37	51268	112750		Nh›m	10	1
34	37	51968	113024		Linh Mi™u 	10	1
12	37	52150	113110		Nh›m	10	1
12	37	52679	112810		Nh›m	10	1
33	37	52513	112903		G u	10	1
12	37	52610	113549		Nh›m	10	1
34	37	52812	112866		Linh Mi™u 	10	1
12	37	53088	112647		Nh›m	10	1
11	37	53044	113019		Heo rıng	10	1
12	37	52793	113123		Nh›m	10	1
12	37	53750	113593		Nh›m	10	1
12	37	53728	113302		Nh›m	10	1
12	37	53475	113533		Nh›m	10	1
12	37	53716	113073		Nh›m	10	1
33	37	53631	112848		G u	10	1
33	37	53541	113255		G u	10	1
34	37	53645	113512		Linh Mi™u 	10	1
11	37	53505	113038		Heo rıng	10	1
33	37	53776	112757		G u	10	1
11	37	54443	112701		Heo rıng	10	1
12	37	54320	112764		Nh›m	10	1
11	37	54762	113039		Heo rıng	10	1
11	37	54521	113322		Heo rıng	10	1
12	37	54590	113100		Nh›m	10	1
12	37	54764	113305		Nh›m	10	1
12	37	55122	113116		Nh›m	10	1
33	37	55199	113023		G u	10	1
33	37	55046	113500		G u	10	1
11	37	55282	113565		Heo rıng	10	1
34	37	55520	113568		Linh Mi™u 	10	1
12	37	55597	113649		Nh›m	10	1
12	37	55381	113502		Nh›m	10	1
34	37	56091	113286		Linh Mi™u 	10	1
12	37	56150	112683		Nh›m	10	1
33	37	56061	113074		G u	10	1
11	37	56298	112693		Heo rıng	10	1
12	37	56247	112797		Nh›m	10	1
12	37	56068	113395		Nh›m	10	1
12	37	55995	112858		Nh›m	10	1
34	37	56352	112789		Linh Mi™u 	10	1
34	37	59050	113277		Linh Mi™u 	10	1
12	37	59456	113056		Nh›m	10	1
12	37	59552	113440		Nh›m	10	1
12	37	59756	112671		Nh›m	10	1
12	37	59598	113655		Nh›m	10	1
12	37	60062	112764		Nh›m	10	1
33	37	59938	112781		G u	10	1
12	37	43904	114368		Nh›m	10	1
34	37	43960	114172		Linh Mi™u 	10	1
12	37	44263	113964		Nh›m	10	1
33	37	44180	114263		G u	10	1
11	37	44127	114154		Heo rıng	10	1
11	37	44896	114336		Heo rıng	10	1
11	37	44701	113777		Heo rıng	10	1
12	37	44558	114246		Nh›m	10	1
12	37	44709	114144		Nh›m	10	1
34	37	45280	114624		Linh Mi™u 	10	1
11	37	45535	114269		Heo rıng	10	1
34	37	45699	114519		Linh Mi™u 	10	1
11	37	46400	114624		Heo rıng	10	1
11	37	46311	114154		Heo rıng	10	1
12	37	46140	114567		Nh›m	10	1
12	37	46575	114392		Nh›m	10	1
33	37	46468	114305		G u	10	1
12	37	46325	113783		Nh›m	10	1
12	37	47040	113728		Nh›m	10	1
34	37	46939	114250		Linh Mi™u 	10	1
12	37	47055	114290		Nh›m	10	1
12	37	46599	114044		Nh›m	10	1
12	37	47360	114112		Nh›m	10	1
11	37	47112	114095		Heo rıng	10	1
34	37	47286	114041		Linh Mi™u 	10	1
33	37	47303	114319		G u	10	1
33	37	47857	113670		G u	10	1
12	37	47968	113799		Nh›m	10	1
33	37	48175	113803		G u	10	1
11	37	48729	113935		Heo rıng	10	1
11	37	48684	113739		Heo rıng	10	1
33	37	49118	113788		G u	10	1
12	37	49298	113759		Nh›m	10	1
12	37	50045	113927		Nh›m	10	1
12	37	49885	113702		Nh›m	10	1
33	37	49853	114255		G u	10	1
11	37	50641	113832		Heo rıng	10	1
11	37	50193	114599		Heo rıng	10	1
12	37	50399	113768		Nh›m	10	1
11	37	50925	114596		Heo rıng	10	1
12	37	51044	114488		Nh›m	10	1
12	37	51328	114624		Nh›m	10	1
11	37	51347	114048		Heo rıng	10	1
34	37	52155	114017		Linh Mi™u 	10	1
12	37	51972	114116		Nh›m	10	1
34	37	52492	114573		Linh Mi™u 	10	1
33	37	52640	114059		G u	10	1
33	37	52467	114361		G u	10	1
12	37	52619	114338		Nh›m	10	1
34	37	52473	113684		Linh Mi™u 	10	1
33	37	52741	114355		G u	10	1
11	37	53222	114138		Heo rıng	10	1
12	37	53048	114518		Nh›m	10	1
12	37	52945	114319		Nh›m	10	1
33	37	53536	113735		G u	10	1
12	37	53333	114236		Nh›m	10	1
34	37	53282	114486		Linh Mi™u 	10	1
33	37	55231	113737		G u	10	1
34	37	55366	113707		Linh Mi™u 	10	1
11	37	59040	114496		Heo rıng	10	1
34	37	58912	113920		Linh Mi™u 	10	1
12	37	59311	113918		Nh›m	10	1
12	37	59115	114620		Nh›m	10	1
12	37	58990	113894		Nh›m	10	1
11	37	59814	114604		Heo rıng	10	1
12	37	59635	114331		Nh›m	10	1
11	37	59448	113815		Heo rıng	10	1
34	37	59936	114528		Linh Mi™u 	10	1
33	37	60096	114656		G u	10	1
12	37	60044	114589		Nh›m	10	1
11	37	44448	115680		Heo rıng	10	1
11	37	44448	115168		Heo rıng	10	1
11	37	44928	114784		Heo rıng	10	1
12	37	44795	115145		Nh›m	10	1
12	37	44778	115544		Nh›m	10	1
12	37	45683	115043		Nh›m	10	1
12	37	45597	115177		Nh›m	10	1
11	37	45743	115699		Heo rıng	10	1
12	37	46432	115488		Nh›m	10	1
12	37	46185	115439		Nh›m	10	1
12	37	47028	115569		Nh›m	10	1
12	37	47580	115072		Nh›m	10	1
12	37	47265	115390		Nh›m	10	1
33	37	47503	115533		G u	10	1
34	37	47467	115135		Linh Mi™u 	10	1
11	37	47873	115365		Heo rıng	10	1
12	37	47981	115040		Nh›m	10	1
12	37	48047	115399		Nh›m	10	1
34	37	48131	115200		Linh Mi™u 	10	1
12	37	48486	115368		Nh›m	10	1
11	37	48775	115635		Heo rıng	10	1
12	37	48653	115341		Nh›m	10	1
12	37	49446	115103		Nh›m	10	1
33	37	49442	115383		G u	10	1
12	37	49276	115081		Nh›m	10	1
34	37	49888	115040		Linh Mi™u 	10	1
34	37	49696	114688		Linh Mi™u 	10	1
11	37	50113	115673		Heo rıng	10	1
33	37	50061	114957		G u	10	1
12	37	49999	114717		Nh›m	10	1
12	37	50119	114800		Nh›m	10	1
34	37	50374	115307		Linh Mi™u 	10	1
12	37	50606	115570		Nh›m	10	1
34	37	50352	114853		Linh Mi™u 	10	1
12	37	50295	115469		Nh›m	10	1
12	37	51147	115439		Nh›m	10	1
12	37	51205	115043		Nh›m	10	1
12	37	51660	114886		Nh›m	10	1
12	37	51606	115637		Nh›m	10	1
12	37	51865	115168		Nh›m	10	1
12	37	52137	114719		Nh›m	10	1
12	37	52186	114897		Nh›m	10	1
12	37	52404	114717		Nh›m	10	1
11	37	59040	114752		Heo rıng	10	1
33	37	59300	115697		G u	10	1
12	37	59317	115558		Nh›m	10	1
33	37	59213	114717		G u	10	1
33	37	59456	115488		G u	10	1
12	37	59853	115406		Nh›m	10	1
11	37	59566	115578		Heo rıng	10	1
12	37	59427	114747		Nh›m	10	1
12	37	59596	114837		Nh›m	10	1
11	37	59523	114963		Heo rıng	10	1
33	37	60352	115648		G u	10	1
33	37	59925	115632		G u	10	1
11	37	60183	114885		Heo rıng	10	1
11	37	59952	114738		Heo rıng	10	1
34	37	60512	115296		Linh Mi™u 	10	1
11	37	44320	115968		Heo rıng	10	1
12	37	44512	115840		Nh›m	10	1
34	37	44407	116426		Linh Mi™u 	10	1
34	37	44278	115833		Linh Mi™u 	10	1
12	37	44461	116479		Nh›m	10	1
11	37	44907	115958		Heo rıng	10	1
34	37	45004	116602		Linh Mi™u 	10	1
34	37	44697	116601		Linh Mi™u 	10	1
12	37	44785	116430		Nh›m	10	1
12	37	44639	116373		Nh›m	10	1
12	37	45100	116405		Nh›m	10	1
12	37	45326	115924		Nh›m	10	1
12	37	45594	116120		Nh›m	10	1
12	37	45698	116397		Nh›m	10	1
12	37	45885	116625		Nh›m	10	1
11	37	45897	116271		Heo rıng	10	1
33	37	45656	116577		G u	10	1
12	37	46080	116352		Nh›m	10	1
34	37	46417	115730		Linh Mi™u 	10	1
34	37	46223	116132		Linh Mi™u 	10	1
34	37	46296	116482		Linh Mi™u 	10	1
33	37	46118	116594		G u	10	1
12	37	46584	116528		Nh›m	10	1
11	37	46633	116084		Heo rıng	10	1
12	37	47032	116522		Nh›m	10	1
12	37	46865	116357		Nh›m	10	1
33	37	46803	116575		G u	10	1
34	37	47328	116512		Linh Mi™u 	10	1
12	37	47190	116301		Nh›m	10	1
12	37	47543	116115		Nh›m	10	1
11	37	47683	116216		Heo rıng	10	1
34	37	48107	116159		Linh Mi™u 	10	1
12	37	48149	116328		Nh›m	10	1
34	37	48992	116256		Linh Mi™u 	10	1
34	37	49024	116640		Linh Mi™u 	10	1
11	37	48718	116067		Heo rıng	10	1
12	37	48811	116438		Nh›m	10	1
12	37	48941	116540		Nh›m	10	1
12	37	49220	116663		Nh›m	10	1
34	37	49324	116272		Linh Mi™u 	10	1
34	37	49554	115934		Linh Mi™u 	10	1
11	37	49654	116327		Heo rıng	10	1
12	37	49360	116041		Nh›m	10	1
12	37	49555	116284		Nh›m	10	1
12	37	50138	115922		Nh›m	10	1
12	37	50060	116392		Nh›m	10	1
33	37	49896	116469		G u	10	1
34	37	50669	115795		Linh Mi™u 	10	1
34	37	50206	116265		Linh Mi™u 	10	1
34	37	51144	116251		Linh Mi™u 	10	1
34	37	50913	116153		Linh Mi™u 	10	1
33	37	51121	116650		G u	10	1
12	37	51026	116499		Nh›m	10	1
12	37	51152	115778		Nh›m	10	1
33	37	50961	115741		G u	10	1
11	37	51394	115922		Heo rıng	10	1
11	37	51841	115756		Heo rıng	10	1
33	37	59364	116639		G u	10	1
11	37	59379	115831		Heo rıng	10	1
34	37	59344	115893		Linh Mi™u 	10	1
11	37	59437	116720		Heo rıng	10	1
12	37	59751	115718		Nh›m	10	1
12	37	59571	115796		Nh›m	10	1
11	37	60280	116133		Heo rıng	10	1
12	37	60252	116458		Nh›m	10	1
12	37	60024	115762		Nh›m	10	1
11	37	60704	116288		Heo rıng	10	1
12	37	60512	115712		Nh›m	10	1
11	37	60429	116594		Heo rıng	10	1
12	37	60723	116129		Nh›m	10	1
11	37	61004	116704		Heo rıng	10	1
12	37	48343	117513		Nh›m	10	1
11	37	48185	117130		Heo rıng	10	1
33	37	48532	117458		G u	10	1
12	37	48661	116760		Nh›m	10	1
12	37	48737	117710		Nh›m	10	1
12	37	49280	117222		Nh›m	10	1
33	37	50167	116770		G u	10	1
12	37	49933	117645		Nh›m	10	1
11	37	50144	117093		Heo rıng	10	1
12	37	49863	116840		Nh›m	10	1
33	37	50380	116796		G u	10	1
12	37	50263	116952		Nh›m	10	1
33	37	59168	117344		G u	10	1
12	37	59127	116844		Nh›m	10	1
11	37	59274	117132		Heo rıng	10	1
12	37	59020	116807		Nh›m	10	1
12	37	59049	117083		Nh›m	10	1
33	37	58999	116922		G u	10	1
34	37	59084	116736		Linh Mi™u 	10	1
12	37	58889	117699		Nh›m	10	1
33	37	58948	117588		G u	10	1
11	37	59881	117673		Heo rıng	10	1
33	37	60032	116736		G u	10	1
33	37	60224	117728		G u	10	1
12	37	59979	116881		Nh›m	10	1
12	37	60086	116864		Nh›m	10	1
11	37	60608	117696		Heo rıng	10	1
12	37	60672	116992		Nh›m	10	1
33	37	60896	117184		G u	10	1
33	37	60425	116956		G u	10	1
12	37	60446	116826		Nh›m	10	1
33	37	61312	117184		G u	10	1
12	37	61152	117056		Nh›m	10	1
12	37	61061	117598		Nh›m	10	1
11	37	61504	117216		Heo rıng	10	1
12	37	61568	117024		Nh›m	10	1
12	37	61565	117496		Nh›m	10	1
12	37	61757	117713		Nh›m	10	1
33	37	48576	117872		G u	10	1
11	37	49044	118423		Heo rıng	10	1
12	37	49138	118640		Nh›m	10	1
12	37	48867	118461		Nh›m	10	1
33	37	48892	118659		G u	10	1
12	37	49387	118291		Nh›m	10	1
12	37	50349	118166		Nh›m	10	1
34	37	58822	118226		Linh Mi™u 	10	1
11	37	58846	118028		Heo rıng	10	1
12	37	58713	117928		Nh›m	10	1
12	37	58762	118149		Nh›m	10	1
11	37	58976	118752		Heo rıng	10	1
12	37	59104	118080		Nh›m	10	1
11	37	59116	118464		Heo rıng	10	1
34	37	59256	117846		Linh Mi™u 	10	1
12	37	59198	117921		Nh›m	10	1
12	37	59303	118463		Nh›m	10	1
12	37	59090	118648		Nh›m	10	1
34	37	58898	118748		Linh Mi™u 	10	1
12	37	59682	117990		Nh›m	10	1
12	37	59791	118266		Nh›m	10	1
33	37	59879	118256		G u	10	1
34	37	59834	118375		Linh Mi™u 	10	1
11	37	59448	117781		Heo rıng	10	1
11	37	60363	118217		Heo rıng	10	1
33	37	60083	118211		G u	10	1
12	37	59955	118060		Nh›m	10	1
12	37	59963	118276		Nh›m	10	1
33	37	60807	118494		G u	10	1
12	37	60609	117878		Nh›m	10	1
12	37	60630	118209		Nh›m	10	1
33	37	60458	118405		G u	10	1
11	37	61436	117891		Heo rıng	10	1
12	37	61105	118358		Nh›m	10	1
12	37	60938	118654		Nh›m	10	1
11	37	61006	118009		Heo rıng	10	1
34	37	61494	118532		Linh Mi™u 	10	1
12	37	61555	118506		Nh›m	10	1
12	37	61749	118149		Nh›m	10	1
33	37	61701	117880		G u	10	1
34	37	61788	117850		Linh Mi™u 	10	1
12	37	61706	117785		Nh›m	10	1
33	37	61299	119264		G u	10	1
11	37	61096	118866		Heo rıng	10	1
12	37	61504	119296		Nh›m	10	1
33	37	61696	118931		G u	10	1
12	37	61705	119304		Nh›m	10	1
11	37	62007	119318		Heo rıng	10	1
34	37	62045	119802		Linh Mi™u 	10	1
12	37	62116	119095		Nh›m	10	1
12	37	62065	119256		Nh›m	10	1
12	37	61698	119983		Nh›m	10	1
12	37	61542	120250		Nh›m	10	1
33	37	61531	120379		G u	10	1
12	37	62249	120259		Nh›m	10	1
12	37	62415	120542		Nh›m	10	1
33	37	62151	119869		G u	10	1
12	37	61878	121003		Nh›m	10	1
12	37	63163	121098		Nh›m	10	1
12	37	63431	121304		Nh›m	10	1
11	37	63377	121589		Heo rıng	10	1