NpcID	MapID	PosX	PosY	ScriptFile	NpcName	Level	IsLoad
33	78	47847	92069		G u	10	1
12	78	48027	91838		Nh›m	10	1
11	78	46941	93163		Heo rıng	10	1
34	78	47096	92762		Linh Mi™u 	10	1
12	78	47062	93089		Nh›m	10	1
33	78	47488	92480		G u	10	1
34	78	47424	92704		Linh Mi™u 	10	1
12	78	47482	93079		Nh›m	10	1
33	78	47359	92941		G u	10	1
12	78	47674	92822		Nh›m	10	1
12	78	47806	92323		Nh›m	10	1
11	78	48092	92205		Heo rıng	10	1
34	78	48608	92992		Linh Mi™u 	10	1
12	78	48309	92844		Nh›m	10	1
12	78	48554	93147		Nh›m	10	1
12	78	48211	92439		Nh›m	10	1
12	78	48376	92315		Nh›m	10	1
12	78	46528	93664		Nh›m	10	1
12	78	46959	93485		Nh›m	10	1
12	78	46772	93400		Nh›m	10	1
33	78	46671	93677		G u	10	1
12	78	47532	93478		Nh›m	10	1
12	78	47115	93879		Nh›m	10	1
33	78	47221	93855		G u	10	1
12	78	47744	94144		Nh›m	10	1
33	78	47776	93920		G u	10	1
11	78	47866	93260		Heo rıng	10	1
33	78	48160	93728		G u	10	1
33	78	48395	94178		G u	10	1
12	78	48429	93910		Nh›m	10	1
12	78	48220	94016		Nh›m	10	1
12	78	48986	93569		Nh›m	10	1
12	78	49414	93710		Nh›m	10	1
12	78	49656	93960		Nh›m	10	1
12	78	49258	94025		Nh›m	10	1
12	78	50133	93710		Nh›m	10	1
12	78	50408	93688		Nh›m	10	1
33	78	50332	93978		G u	10	1
11	78	50542	94160		Heo rıng	10	1
12	78	46048	95136		Nh›m	10	1
33	78	45952	95040		G u	10	1
34	78	46496	94432		Linh Mi™u 	10	1
33	78	46336	94688		G u	10	1
34	78	47008	94879		Linh Mi™u 	10	1
33	78	46714	95154		G u	10	1
12	78	46687	94226		Nh›m	10	1
12	78	46968	95164		Nh›m	10	1
11	78	46594	94777		Heo rıng	10	1
12	78	47264	94560		Nh›m	10	1
12	78	47368	95227		Nh›m	10	1
12	78	47188	94920		Nh›m	10	1
33	78	47936	94848		G u	10	1
34	78	48036	94662		Linh Mi™u 	10	1
11	78	48020	95042		Heo rıng	10	1
11	78	48352	94592		Heo rıng	10	1
12	78	48261	94855		Nh›m	10	1
11	78	48896	95155		Heo rıng	10	1
12	78	49051	95071		Nh›m	10	1
12	78	48838	94474		Nh›m	10	1
11	78	49381	94266		Heo rıng	10	1
11	78	49476	94922		Heo rıng	10	1
12	78	49257	94976		Nh›m	10	1
34	78	49658	95149		Linh Mi™u 	10	1
12	78	49679	94892		Nh›m	10	1
12	78	49899	95193		Nh›m	10	1
12	78	50463	94625		Nh›m	10	1
33	78	50515	94432		G u	10	1
34	78	50816	94336		Linh Mi™u 	10	1
12	78	50703	94402		Nh›m	10	1
12	78	50803	94694		Nh›m	10	1
34	78	50969	95092		Linh Mi™u 	10	1
11	78	50744	95140		Heo rıng	10	1
33	78	45216	95936		G u	10	1
34	78	45453	96219		Linh Mi™u 	10	1
11	78	45099	96229		Heo rıng	10	1
33	78	45632	95424		G u	10	1
11	78	45982	95531		Heo rıng	10	1
12	78	45852	95487		Nh›m	10	1
34	78	45910	95243		Linh Mi™u 	10	1
12	78	46534	96051		Nh›m	10	1
11	78	47057	95336		Heo rıng	10	1
12	78	46968	95511		Nh›m	10	1
11	78	47024	96059		Heo rıng	10	1
12	78	46745	96219		Nh›m	10	1
33	78	47392	95776		G u	10	1
12	78	47191	95812		Nh›m	10	1
33	78	47550	95327		G u	10	1
12	78	48048	95641		Nh›m	10	1
34	78	48030	95894		Linh Mi™u 	10	1
11	78	47821	95837		Heo rıng	10	1
12	78	48433	95516		Nh›m	10	1
12	78	48250	95680		Nh›m	10	1
12	78	49046	95497		Nh›m	10	1
12	78	48716	95554		Nh›m	10	1
11	78	49421	96196		Heo rıng	10	1
11	78	49368	95778		Heo rıng	10	1
12	78	49234	96135		Nh›m	10	1
33	78	49707	95400		G u	10	1
11	78	49948	95905		Heo rıng	10	1
12	78	49683	95930		Nh›m	10	1
12	78	50080	96122		Nh›m	10	1
12	78	50464	95552		Nh›m	10	1
12	78	50515	95288		Nh›m	10	1
11	78	50330	96061		Heo rıng	10	1
33	78	50467	96221		G u	10	1
12	78	50271	96251		Nh›m	10	1
33	78	51136	95296		G u	10	1
33	78	51040	95776		G u	10	1
33	78	50791	96094		G u	10	1
12	78	50692	95553		Nh›m	10	1
11	78	50872	95333		Heo rıng	10	1
12	78	51182	95532		Nh›m	10	1
12	78	51424	95488		Nh›m	10	1
11	78	51397	96028		Heo rıng	10	1
12	78	51601	95901		Nh›m	10	1
11	78	51734	95982		Heo rıng	10	1
11	78	51756	95533		Heo rıng	10	1
33	78	51829	95672		G u	10	1
12	78	52125	96069		Nh›m	10	1
34	78	51969	96180		Linh Mi™u 	10	1
12	78	44434	97153		Nh›m	10	1
12	78	44782	96962		Nh›m	10	1
33	78	44633	96893		G u	10	1
34	78	44905	96503		Linh Mi™u 	10	1
11	78	45536	96704		Heo rıng	10	1
34	78	45376	96768		Linh Mi™u 	10	1
12	78	45241	97253		Nh›m	10	1
12	78	45445	96475		Nh›m	10	1
12	78	45141	96499		Nh›m	10	1
33	78	46048	97184		G u	10	1
33	78	45984	96384		G u	10	1
11	78	46048	96896		Heo rıng	10	1
33	78	45600	96544		G u	10	1
12	78	45742	96630		Nh›m	10	1
12	78	45594	97176		Nh›m	10	1
12	78	45902	97051		Nh›m	10	1
12	78	46412	96324		Nh›m	10	1
34	78	46453	96588		Linh Mi™u 	10	1
34	78	46272	96434		Linh Mi™u 	10	1
12	78	46246	96283		Nh›m	10	1
12	78	46944	96512		Nh›m	10	1
33	78	46700	96489		G u	10	1
12	78	46758	96984		Nh›m	10	1
34	78	46815	96749		Linh Mi™u 	10	1
33	78	47604	97009		G u	10	1
12	78	47433	96483		Nh›m	10	1
11	78	47397	97105		Heo rıng	10	1
12	78	47328	96759		Nh›m	10	1
34	78	47306	97196		Linh Mi™u 	10	1
12	78	47772	96272		Nh›m	10	1
12	78	49629	96319		Nh›m	10	1
34	78	49376	96416		Linh Mi™u 	10	1
12	78	50088	96417		Nh›m	10	1
12	78	50939	96474		Nh›m	10	1
12	78	50740	96508		Nh›m	10	1
34	78	51080	96723		Linh Mi™u 	10	1
33	78	51697	96486		G u	10	1
12	78	51654	97121		Nh›m	10	1
12	78	51254	97202		Nh›m	10	1
12	78	52185	96914		Nh›m	10	1
12	78	51951	96704		Nh›m	10	1
12	78	52381	96316		Nh›m	10	1
12	78	52387	96966		Nh›m	10	1
33	78	52266	96684		G u	10	1
12	78	52848	96999		Nh›m	10	1
11	78	52883	96647		Heo rıng	10	1
12	78	53632	96832		Nh›m	10	1
11	78	53614	97095		Heo rıng	10	1
12	78	53513	96716		Nh›m	10	1
33	78	53518	96875		G u	10	1
11	78	53352	96785		Heo rıng	10	1
11	78	54064	97004		Heo rıng	10	1
33	78	53960	97055		G u	10	1
12	78	43328	98112		Nh›m	10	1
12	78	43050	98295		Nh›m	10	1
12	78	43520	98272		Nh›m	10	1
12	78	44256	97472		Nh›m	10	1
33	78	44096	97568		G u	10	1
11	78	44469	98095		Heo rıng	10	1
12	78	44053	97923		Nh›m	10	1
34	78	44153	97816		Linh Mi™u 	10	1
12	78	44402	97787		Nh›m	10	1
11	78	44160	98152		Heo rıng	10	1
12	78	44923	97415		Nh›m	10	1
11	78	45045	98105		Heo rıng	10	1
34	78	44764	98250		Linh Mi™u 	10	1
33	78	45088	97760		G u	10	1
34	78	45215	98192		Linh Mi™u 	10	1
34	78	45394	97460		Linh Mi™u 	10	1
33	78	45664	97504		G u	10	1
12	78	45865	97913		Nh›m	10	1
12	78	45591	98095		Nh›m	10	1
12	78	46231	98072		Nh›m	10	1
11	78	46413	98054		Heo rıng	10	1
33	78	46944	97280		G u	10	1
12	78	47101	97600		Nh›m	10	1
12	78	47089	97813		Nh›m	10	1
11	78	47104	98016		Heo rıng	10	1
11	78	47302	97705		Heo rıng	10	1
11	78	51119	97485		Heo rıng	10	1
34	78	51041	97343		Linh Mi™u 	10	1
33	78	51050	97609		G u	10	1
12	78	50947	97478		Nh›m	10	1
12	78	51699	97709		Nh›m	10	1
11	78	51249	98045		Heo rıng	10	1
12	78	51535	97390		Nh›m	10	1
11	78	51840	97952		Heo rıng	10	1
12	78	51950	97654		Nh›m	10	1
12	78	51862	97300		Nh›m	10	1
34	78	52576	98112		Linh Mi™u 	10	1
11	78	52320	98112		Heo rıng	10	1
12	78	52606	97685		Nh›m	10	1
33	78	52288	97498		G u	10	1
12	78	52331	97726		Nh›m	10	1
12	78	52680	97986		Nh›m	10	1
12	78	53047	98016		Nh›m	10	1
33	78	53472	98176		G u	10	1
12	78	53250	98129		Nh›m	10	1
12	78	53338	97746		Nh›m	10	1
12	78	53499	97347		Nh›m	10	1
11	78	53534	97951		Heo rıng	10	1
12	78	54196	98008		Nh›m	10	1
34	78	54037	97895		Linh Mi™u 	10	1
12	78	54196	97774		Nh›m	10	1
12	78	54107	97426		Nh›m	10	1
11	78	53874	97330		Heo rıng	10	1
12	78	53795	97699		Nh›m	10	1
33	78	53849	98110		G u	10	1
11	78	54752	97888		Heo rıng	10	1
12	78	54522	98089		Nh›m	10	1
11	78	54322	98286		Heo rıng	10	1
12	78	54866	98149		Nh›m	10	1
11	78	42112	99168		Heo rıng	10	1
33	78	42438	98683		G u	10	1
34	78	42349	99129		Linh Mi™u 	10	1
12	78	42340	98875		Nh›m	10	1
11	78	42912	98432		Heo rıng	10	1
11	78	42944	99136		Heo rıng	10	1
12	78	42499	99149		Nh›m	10	1
12	78	42817	99227		Nh›m	10	1
33	78	42941	98779		G u	10	1
12	78	43296	98784		Nh›m	10	1
12	78	43232	98944		Nh›m	10	1
33	78	43307	98407		G u	10	1
11	78	43872	98624		Heo rıng	10	1
12	78	43917	98943		Nh›m	10	1
12	78	43660	98611		Nh›m	10	1
34	78	43619	98399		Linh Mi™u 	10	1
12	78	44224	98336		Nh›m	10	1
11	78	44864	98752		Heo rıng	10	1
12	78	45024	98816		Nh›m	10	1
12	78	45031	98385		Nh›m	10	1
12	78	44723	98512		Nh›m	10	1
12	78	45440	99136		Nh›m	10	1
11	78	45187	98543		Heo rıng	10	1
12	78	45140	98666		Nh›m	10	1
11	78	45914	99086		Heo rıng	10	1
12	78	45733	98601		Nh›m	10	1
12	78	46088	98618		Nh›m	10	1
12	78	46403	98409		Nh›m	10	1
12	78	46094	99000		Nh›m	10	1
12	78	51600	98305		Nh›m	10	1
12	78	51449	98442		Nh›m	10	1
12	78	52051	98821		Nh›m	10	1
12	78	51851	98560		Nh›m	10	1
12	78	52577	98862		Nh›m	10	1
12	78	52588	99250		Nh›m	10	1
11	78	53056	98887		Heo rıng	10	1
12	78	53179	99185		Nh›m	10	1
11	78	52765	99099		Heo rıng	10	1
12	78	53103	98536		Nh›m	10	1
11	78	53568	98400		Heo rıng	10	1
12	78	53415	98448		Nh›m	10	1
12	78	53400	98810		Nh›m	10	1
12	78	53792	98752		Nh›m	10	1
12	78	53772	99047		Nh›m	10	1
12	78	54395	98891		Nh›m	10	1
11	78	54944	98624		Heo rıng	10	1
33	78	54848	98496		G u	10	1
34	78	54976	99274		Linh Mi™u 	10	1
12	78	55286	99254		Nh›m	10	1
33	78	54791	98879		G u	10	1
12	78	55552	98880		Nh›m	10	1
11	78	55347	98576		Heo rıng	10	1
33	78	55781	98760		G u	10	1
12	78	55908	99175		Nh›m	10	1
12	78	42208	99371		Nh›m	10	1
33	78	42442	99493		G u	10	1
12	78	42080	100127		Nh›m	10	1
12	78	42944	100000		Nh›m	10	1
34	78	42736	99377		Linh Mi™u 	10	1
12	78	42709	99798		Nh›m	10	1
12	78	43360	99456		Nh›m	10	1
12	78	43185	100147		Nh›m	10	1
34	78	43208	99553		Linh Mi™u 	10	1
12	78	43657	99441		Nh›m	10	1
12	78	43828	100059		Nh›m	10	1
34	78	43785	99716		Linh Mi™u 	10	1
12	78	43590	100233		Nh›m	10	1
12	78	44352	99776		Nh›m	10	1
33	78	44055	99528		G u	10	1
34	78	44179	100096		Linh Mi™u 	10	1
11	78	44145	99425		Heo rıng	10	1
12	78	44057	99890		Nh›m	10	1
12	78	44890	99504		Nh›m	10	1
12	78	44926	100156		Nh›m	10	1
12	78	44564	100253		Nh›m	10	1
12	78	44686	99798		Nh›m	10	1
11	78	44601	99737		Heo rıng	10	1
12	78	45291	99825		Nh›m	10	1
12	78	45931	99538		Nh›m	10	1
12	78	46924	99561		Nh›m	10	1
12	78	52416	99392		Nh›m	10	1
33	78	52717	99437		G u	10	1
12	78	53244	99728		Nh›m	10	1
11	78	53166	99958		Heo rıng	10	1
12	78	53021	99820		Nh›m	10	1
12	78	52817	99640		Nh›m	10	1
12	78	52864	99409		Nh›m	10	1
34	78	53302	99967		Linh Mi™u 	10	1
12	78	54048	100288		Nh›m	10	1
33	78	53760	100064		G u	10	1
12	78	53988	99970		Nh›m	10	1
34	78	54242	99818		Linh Mi™u 	10	1
33	78	54651	100223		G u	10	1
12	78	54442	100334		Nh›m	10	1
12	78	54603	99866		Nh›m	10	1
12	78	54399	100007		Nh›m	10	1
12	78	54391	99690		Nh›m	10	1
12	78	55282	100246		Nh›m	10	1
12	78	55250	99888		Nh›m	10	1
12	78	55769	99999		Nh›m	10	1
11	78	55463	99492		Heo rıng	10	1
12	78	56789	99698		Nh›m	10	1
12	78	56679	100177		Nh›m	10	1
12	78	57120	100064		Nh›m	10	1
33	78	57376	100192		G u	10	1
33	78	41728	101280		G u	10	1
11	78	41940	100410		Heo rıng	10	1
34	78	41626	100790		Linh Mi™u 	10	1
33	78	41979	100955		G u	10	1
33	78	41552	100705		G u	10	1
12	78	41622	101167		Nh›m	10	1
12	78	41556	100868		Nh›m	10	1
12	78	41804	100526		Nh›m	10	1
12	78	42322	101117		Nh›m	10	1
12	78	42752	101344		Nh›m	10	1
12	78	42743	100589		Nh›m	10	1
33	78	42636	100915		G u	10	1
11	78	42601	101198		Heo rıng	10	1
11	78	43269	101074		Heo rıng	10	1
12	78	43431	101165		Nh›m	10	1
11	78	43840	100352		Heo rıng	10	1
33	78	43801	101167		G u	10	1
12	78	43759	101326		Nh›m	10	1
12	78	44324	101119		Nh›m	10	1
11	78	44480	100718		Heo rıng	10	1
11	78	44896	100384		Heo rıng	10	1
12	78	44736	100640		Nh›m	10	1
11	78	45312	100928		Heo rıng	10	1
12	78	45120	101152		Nh›m	10	1
12	78	45280	100736		Nh›m	10	1
33	78	45365	101326		G u	10	1
12	78	45061	100668		Nh›m	10	1
12	78	45607	100949		Nh›m	10	1
33	78	45853	101054		G u	10	1
33	78	53408	100384		G u	10	1
11	78	53632	100672		Heo rıng	10	1
11	78	54208	100352		Heo rıng	10	1
11	78	54216	100927		Heo rıng	10	1
12	78	53843	100588		Nh›m	10	1
12	78	54421	100672		Nh›m	10	1
12	78	54682	100653		Nh›m	10	1
12	78	54396	101369		Nh›m	10	1
33	78	54848	101280		G u	10	1
12	78	54784	100544		Nh›m	10	1
11	78	55179	100628		Heo rıng	10	1
11	78	54946	100856		Heo rıng	10	1
11	78	55186	101037		Heo rıng	10	1
12	78	54959	101172		Nh›m	10	1
33	78	55776	100608		G u	10	1
12	78	55648	100352		Nh›m	10	1
33	78	56128	101056		G u	10	1
12	78	55808	100832		Nh›m	10	1
33	78	56800	100505		G u	10	1
33	78	56417	100655		G u	10	1
12	78	56556	100734		Nh›m	10	1
11	78	56793	100828		Heo rıng	10	1
12	78	56808	101227		Nh›m	10	1
34	78	57088	100704		Linh Mi™u 	10	1
12	78	56945	100389		Nh›m	10	1
12	78	57572	100913		Nh›m	10	1
12	78	57532	100674		Nh›m	10	1
12	78	57824	101300		Nh›m	10	1
33	78	57357	101220		G u	10	1
11	78	41983	101450		Heo rıng	10	1
12	78	41869	101499		Nh›m	10	1
34	78	42060	102326		Linh Mi™u 	10	1
11	78	42424	101752		Heo rıng	10	1
12	78	42165	101959		Nh›m	10	1
12	78	42301	102334		Nh›m	10	1
12	78	42256	101595		Nh›m	10	1
12	78	42517	102013		Nh›m	10	1
33	78	42759	102113		G u	10	1
34	78	42603	101412		Linh Mi™u 	10	1
12	78	43443	101979		Nh›m	10	1
12	78	43194	102257		Nh›m	10	1
33	78	43321	101633		G u	10	1
12	78	43023	101719		Nh›m	10	1
11	78	43534	102267		Heo rıng	10	1
12	78	44160	101440		Nh›m	10	1
12	78	44530	101499		Nh›m	10	1
33	78	44440	102068		G u	10	1
11	78	44446	101747		Heo rıng	10	1
12	78	44319	101771		Nh›m	10	1
11	78	44177	101623		Heo rıng	10	1
33	78	44608	101600		G u	10	1
12	78	44769	101946		Nh›m	10	1
34	78	44965	101699		Linh Mi™u 	10	1
12	78	44650	102210		Nh›m	10	1
12	78	54570	101396		Nh›m	10	1
12	78	55678	101412		Nh›m	10	1
12	78	56314	101448		Nh›m	10	1
11	78	56297	101804		Heo rıng	10	1
33	78	56116	102064		G u	10	1
12	78	56239	102380		Nh›m	10	1
11	78	56036	102393		Heo rıng	10	1
34	78	56736	102080		Linh Mi™u 	10	1
33	78	56384	101952		G u	10	1
12	78	56637	101854		Nh›m	10	1
12	78	56649	102389		Nh›m	10	1
33	78	56793	102223		G u	10	1
12	78	57152	101760		Nh›m	10	1
12	78	56866	101618		Nh›m	10	1
12	78	57044	101447		Nh›m	10	1
33	78	57041	101755		G u	10	1
12	78	56966	102233		Nh›m	10	1
11	78	57726	101748		Heo rıng	10	1
12	78	57376	102309		Nh›m	10	1
12	78	58016	101600		Nh›m	10	1
33	78	58080	101760		G u	10	1
33	78	57888	101888		G u	10	1
12	78	57900	101659		Nh›m	10	1
34	78	58219	102136		Linh Mi™u 	10	1
12	78	58049	102394		Nh›m	10	1
11	78	58281	102378		Heo rıng	10	1
12	78	41959	102439		Nh›m	10	1
12	78	41984	102816		Nh›m	10	1
33	78	42274	102719		G u	10	1
12	78	42530	103201		Nh›m	10	1
12	78	42742	103305		Nh›m	10	1
12	78	42971	102447		Nh›m	10	1
33	78	43008	102848		G u	10	1
12	78	43840	102944		Nh›m	10	1
12	78	43578	103310		Nh›m	10	1
34	78	43794	103250		Linh Mi™u 	10	1
34	78	43838	102569		Linh Mi™u 	10	1
12	78	43571	102612		Nh›m	10	1
11	78	43680	102828		Heo rıng	10	1
12	78	55680	102545		Nh›m	10	1
11	78	55806	102752		Heo rıng	10	1
12	78	56182	103342		Nh›m	10	1
11	78	56384	103040		Heo rıng	10	1
33	78	56544	102784		G u	10	1
12	78	56562	103008		Nh›m	10	1
11	78	56788	103417		Heo rıng	10	1
12	78	56909	103192		Nh›m	10	1
12	78	57664	102496		Nh›m	10	1
12	78	57676	102838		Nh›m	10	1
11	78	57566	103352		Heo rıng	10	1
12	78	57458	103069		Nh›m	10	1
12	78	58316	102599		Nh›m	10	1
12	78	58285	103419		Nh›m	10	1
12	78	58185	103102		Nh›m	10	1
12	78	58610	103374		Nh›m	10	1
11	78	58695	102947		Heo rıng	10	1
12	78	58912	103232		Nh›m	10	1
11	78	42880	103456		Heo rıng	10	1
33	78	42656	104224		G u	10	1
11	78	42908	103969		Heo rıng	10	1
12	78	42852	103741		Nh›m	10	1
12	78	42658	103879		Nh›m	10	1
34	78	42639	103575		Linh Mi™u 	10	1
12	78	43360	103616		Nh›m	10	1
11	78	43349	104227		Heo rıng	10	1
33	78	43552	103808		G u	10	1
12	78	43550	104233		Nh›m	10	1
34	78	43897	103621		Linh Mi™u 	10	1
11	78	43944	103912		Heo rıng	10	1
12	78	43786	103583		Nh›m	10	1
12	78	56249	104357		Nh›m	10	1
33	78	56448	104064		G u	10	1
12	78	56608	103872		Nh›m	10	1
11	78	56749	104229		Heo rıng	10	1
12	78	56504	104384		Nh›m	10	1
12	78	56462	103557		Nh›m	10	1
33	78	56777	103958		G u	10	1
34	78	57147	103475		Linh Mi™u 	10	1
11	78	57785	104287		Heo rıng	10	1
12	78	57582	104156		Nh›m	10	1
11	78	58232	104256		Heo rıng	10	1
12	78	58009	104001		Nh›m	10	1
12	78	58291	103737		Nh›m	10	1
33	78	58191	103895		G u	10	1
34	78	58668	104422		Linh Mi™u 	10	1
34	78	58463	103946		Linh Mi™u 	10	1
11	78	58736	104237		Heo rıng	10	1
11	78	58878	103690		Heo rıng	10	1
12	78	59040	103680		Nh›m	10	1
11	78	59232	103648		Heo rıng	10	1
12	78	59386	104137		Nh›m	10	1
33	78	59046	103973		G u	10	1
12	78	58950	104271		Nh›m	10	1
12	78	59489	104360		Nh›m	10	1
33	78	59516	104142		G u	10	1
12	78	42464	104608		Nh›m	10	1
12	78	42464	104864		Nh›m	10	1
11	78	42325	105433		Heo rıng	10	1
33	78	42932	104549		G u	10	1
11	78	42726	104548		Heo rıng	10	1
34	78	42942	105291		Linh Mi™u 	10	1
12	78	42900	105127		Nh›m	10	1
12	78	43360	105024		Nh›m	10	1
12	78	43199	104985		Nh›m	10	1
12	78	43158	105460		Nh›m	10	1
33	78	43579	104611		G u	10	1
12	78	55584	105344		Nh›m	10	1
12	78	56280	105230		Nh›m	10	1
12	78	55938	105107		Nh›m	10	1
11	78	56229	104668		Heo rıng	10	1
33	78	56013	104886		G u	10	1
34	78	56185	105034		Linh Mi™u 	10	1
12	78	56608	105280		Nh›m	10	1
12	78	56355	104561		Nh›m	10	1
33	78	56330	104955		G u	10	1
12	78	56747	104618		Nh›m	10	1
33	78	56537	104786		G u	10	1
11	78	57171	104712		Heo rıng	10	1
12	78	57161	104924		Nh›m	10	1
12	78	56878	104930		Nh›m	10	1
12	78	56966	104628		Nh›m	10	1
34	78	57696	104864		Linh Mi™u 	10	1
34	78	57677	105110		Linh Mi™u 	10	1
12	78	57627	105289		Nh›m	10	1
12	78	57555	104942		Nh›m	10	1
11	78	57980	104547		Heo rıng	10	1
12	78	58239	105452		Nh›m	10	1
11	78	58277	105043		Heo rıng	10	1
12	78	58117	105152		Nh›m	10	1
12	78	58005	104775		Nh›m	10	1
12	78	58374	104780		Nh›m	10	1
12	78	58519	105307		Nh›m	10	1
33	78	58493	104896		G u	10	1
12	78	58811	104857		Nh›m	10	1
11	78	58838	105416		Heo rıng	10	1
11	78	58447	105163		Heo rıng	10	1
12	78	58975	104558		Nh›m	10	1
34	78	59045	104754		Linh Mi™u 	10	1
11	78	59056	105158		Heo rıng	10	1
33	78	58956	104928		G u	10	1
11	78	59277	104466		Heo rıng	10	1
34	78	41774	105987		Linh Mi™u 	10	1
12	78	41674	106267		Nh›m	10	1
12	78	42048	105760		Nh›m	10	1
11	78	42425	105960		Heo rıng	10	1
12	78	42447	106350		Nh›m	10	1
12	78	42592	105472		Nh›m	10	1
33	78	42873	106383		G u	10	1
33	78	42885	105698		G u	10	1
12	78	43392	106080		Nh›m	10	1
12	78	43241	106397		Nh›m	10	1
11	78	43128	105693		Heo rıng	10	1
11	78	43744	105492		Heo rıng	10	1
34	78	43977	105898		Linh Mi™u 	10	1
12	78	43561	105503		Nh›m	10	1
12	78	43529	105966		Nh›m	10	1
34	78	44480	106464		Linh Mi™u 	10	1
11	78	44474	105690		Heo rıng	10	1
12	78	44258	106115		Nh›m	10	1
12	78	44043	106285		Nh›m	10	1
11	78	44544	106240		Heo rıng	10	1
12	78	44835	106039		Nh›m	10	1
12	78	44590	105909		Nh›m	10	1
34	78	53059	106416		Linh Mi™u 	10	1
33	78	53504	106368		G u	10	1
12	78	53585	106308		Nh›m	10	1
12	78	55088	106186		Nh›m	10	1
34	78	54983	106019		Linh Mi™u 	10	1
33	78	54912	106256		G u	10	1
11	78	55273	105851		Heo rıng	10	1
11	78	55520	105472		Heo rıng	10	1
12	78	55464	105910		Nh›m	10	1
34	78	55434	105623		Linh Mi™u 	10	1
12	78	55713	105627		Nh›m	10	1
11	78	56250	106206		Heo rıng	10	1
11	78	56505	106007		Heo rıng	10	1
34	78	56622	106190		Linh Mi™u 	10	1
11	78	56472	106336		Heo rıng	10	1
12	78	56631	106439		Nh›m	10	1
11	78	57280	106048		Heo rıng	10	1
33	78	57226	106051		G u	10	1
12	78	56867	106375		Nh›m	10	1
33	78	57232	105658		G u	10	1
12	78	57344	106240		Nh›m	10	1
12	78	57536	105888		Nh›m	10	1
33	78	57770	105511		G u	10	1
33	78	57794	106287		G u	10	1
12	78	58303	105596		Nh›m	10	1
33	78	58087	105731		G u	10	1
12	78	58037	105537		Nh›m	10	1
11	78	57878	106080		Heo rıng	10	1
11	78	58397	105646		Heo rıng	10	1
12	78	58674	105535		Nh›m	10	1
11	78	58427	106351		Heo rıng	10	1
12	78	58658	106175		Nh›m	10	1
12	78	58952	105748		Nh›m	10	1
12	78	41184	107424		Nh›m	10	1
11	78	41451	107258		Heo rıng	10	1
34	78	41349	107034		Linh Mi™u 	10	1
12	78	41536	106880		Nh›m	10	1
11	78	41977	107009		Heo rıng	10	1
12	78	41768	106793		Nh›m	10	1
12	78	41944	107511		Nh›m	10	1
33	78	42176	106848		G u	10	1
12	78	42200	106605		Nh›m	10	1
12	78	42365	107187		Nh›m	10	1
12	78	42542	106901		Nh›m	10	1
33	78	42641	107395		G u	10	1
12	78	43195	107145		Nh›m	10	1
12	78	43165	106855		Nh›m	10	1
12	78	43423	106637		Nh›m	10	1
34	78	43680	106752		Linh Mi™u 	10	1
33	78	43808	107424		G u	10	1
12	78	43838	107144		Nh›m	10	1
12	78	43523	106926		Nh›m	10	1
33	78	43566	106633		G u	10	1
33	78	43697	107176		G u	10	1
12	78	43939	106687		Nh›m	10	1
12	78	44480	106656		Nh›m	10	1
12	78	44216	106963		Nh›m	10	1
12	78	44640	107104		Nh›m	10	1
11	78	45024	107040		Heo rıng	10	1
12	78	46211	107275		Nh›m	10	1
12	78	46460	107471		Nh›m	10	1
12	78	46421	106965		Nh›m	10	1
34	78	46511	106694		Linh Mi™u 	10	1
33	78	46549	107029		G u	10	1
33	78	46289	107047		G u	10	1
11	78	47072	107424		Heo rıng	10	1
12	78	47072	107008		Nh›m	10	1
11	78	46615	106744		Heo rıng	10	1
11	78	46675	107075		Heo rıng	10	1
12	78	46866	107161		Nh›m	10	1
12	78	47268	107227		Nh›m	10	1
34	78	47323	107219		Linh Mi™u 	10	1
34	78	47106	107167		Linh Mi™u 	10	1
12	78	53197	106502		Nh›m	10	1
33	78	53083	106791		G u	10	1
12	78	53164	107209		Nh›m	10	1
11	78	52825	107083		Heo rıng	10	1
11	78	52801	106743		Heo rıng	10	1
12	78	52750	106903		Nh›m	10	1
12	78	53312	107392		Nh›m	10	1
12	78	53627	106639		Nh›m	10	1
11	78	53439	106909		Heo rıng	10	1
34	78	54048	106560		Linh Mi™u 	10	1
11	78	53779	107440		Heo rıng	10	1
12	78	53885	106872		Nh›m	10	1
33	78	54175	106947		G u	10	1
12	78	54461	107071		Nh›m	10	1
12	78	54656	107258		Nh›m	10	1
33	78	54635	106863		G u	10	1
12	78	54816	106848		Nh›m	10	1
12	78	55269	106839		Nh›m	10	1
12	78	54859	106602		Nh›m	10	1
11	78	55032	106497		Heo rıng	10	1
33	78	55189	106552		G u	10	1
11	78	55475	107409		Heo rıng	10	1
33	78	55882	107426		G u	10	1
12	78	55914	106549		Nh›m	10	1
12	78	56004	106942		Nh›m	10	1
34	78	56118	106637		Linh Mi™u 	10	1
34	78	56133	106870		Linh Mi™u 	10	1
11	78	56127	107120		Heo rıng	10	1
12	78	56217	106538		Nh›m	10	1
11	78	56857	106647		Heo rıng	10	1
11	78	57194	106942		Heo rıng	10	1
12	78	57355	107292		Nh›m	10	1
12	78	57660	106535		Nh›m	10	1
33	78	57849	107132		G u	10	1
12	78	57856	107392		Nh›m	10	1
34	78	58148	107242		Linh Mi™u 	10	1
12	78	57862	106555		Nh›m	10	1
12	78	58060	107118		Nh›m	10	1
12	78	58379	106649		Nh›m	10	1
12	78	41177	108045		Nh›m	10	1
34	78	41360	107701		Linh Mi™u 	10	1
12	78	41294	107768		Nh›m	10	1
33	78	41188	107701		G u	10	1
11	78	41327	108120		Heo rıng	10	1
11	78	41728	108512		Heo rıng	10	1
33	78	41681	107523		G u	10	1
33	78	41472	107756		G u	10	1
12	78	41632	107917		Nh›m	10	1
12	78	42368	108032		Nh›m	10	1
12	78	42283	107565		Nh›m	10	1
33	78	42592	108320		G u	10	1
11	78	42766	107535		Heo rıng	10	1
33	78	42691	107902		G u	10	1
12	78	42576	107836		Nh›m	10	1
11	78	43136	108352		Heo rıng	10	1
12	78	43296	108224		Nh›m	10	1
11	78	43463	107529		Heo rıng	10	1
12	78	43680	108384		Nh›m	10	1
34	78	43585	107617		Linh Mi™u 	10	1
11	78	44928	108416		Heo rıng	10	1
34	78	45184	107936		Linh Mi™u 	10	1
12	78	45120	108096		Nh›m	10	1
12	78	45566	108190		Nh›m	10	1
11	78	45984	108384		Heo rıng	10	1
34	78	45632	108000		Linh Mi™u 	10	1
12	78	45768	108510		Nh›m	10	1
34	78	46368	108096		Linh Mi™u 	10	1
12	78	46370	108324		Nh›m	10	1
12	78	47008	108192		Nh›m	10	1
11	78	46912	107648		Heo rıng	10	1
34	78	46592	108000		Linh Mi™u 	10	1
34	78	47264	108224		Linh Mi™u 	10	1
12	78	47612	107705		Nh›m	10	1
12	78	47586	108206		Nh›m	10	1
33	78	47534	108025		G u	10	1
34	78	47525	107649		Linh Mi™u 	10	1
12	78	47200	108400		Nh›m	10	1
34	78	47918	108167		Linh Mi™u 	10	1
11	78	47850	107868		Heo rıng	10	1
12	78	48071	108345		Nh›m	10	1
12	78	48259	108421		Nh›m	10	1
33	78	53056	108160		G u	10	1
11	78	53013	107706		Heo rıng	10	1
12	78	53189	107557		Nh›m	10	1
12	78	53627	108343		Nh›m	10	1
12	78	53688	107626		Nh›m	10	1
12	78	53465	107540		Nh›m	10	1
34	78	53411	107688		Linh Mi™u 	10	1
11	78	53329	108183		Heo rıng	10	1
12	78	53300	107867		Nh›m	10	1
33	78	53824	107936		G u	10	1
12	78	54119	108357		Nh›m	10	1
33	78	53870	108458		G u	10	1
12	78	54756	108234		Nh›m	10	1
11	78	54282	107784		Heo rıng	10	1
12	78	54534	108133		Nh›m	10	1
34	78	54462	108308		Linh Mi™u 	10	1
12	78	54301	108159		Nh›m	10	1
33	78	54698	107734		G u	10	1
12	78	55132	108034		Nh›m	10	1
33	78	55310	108202		G u	10	1
12	78	55377	107650		Nh›m	10	1
12	78	55695	107805		Nh›m	10	1
34	78	55676	107611		Linh Mi™u 	10	1
11	78	56320	108000		Heo rıng	10	1
12	78	57342	107835		Nh›m	10	1
12	78	57294	108208		Nh›m	10	1
33	78	57699	108364		G u	10	1
12	78	57800	108046		Nh›m	10	1
33	78	58000	107936		G u	10	1
12	78	58046	107667		Nh›m	10	1
33	78	41324	109528		G u	10	1
12	78	41456	108648		Nh›m	10	1
11	78	41568	109376		Heo rıng	10	1
12	78	41705	109240		Nh›m	10	1
12	78	41624	109550		Nh›m	10	1
12	78	41851	108605		Nh›m	10	1
11	78	42368	108704		Heo rıng	10	1
12	78	42198	108791		Nh›m	10	1
12	78	42785	109488		Nh›m	10	1
12	78	42987	109032		Nh›m	10	1
34	78	42644	108896		Linh Mi™u 	10	1
12	78	42646	109095		Nh›m	10	1
33	78	43232	109312		G u	10	1
12	78	43168	109504		Nh›m	10	1
12	78	43027	108579		Nh›m	10	1
11	78	43255	108912		Heo rıng	10	1
11	78	44480	108992		Heo rıng	10	1
12	78	44544	109408		Nh›m	10	1
11	78	44928	108608		Heo rıng	10	1
33	78	44763	109500		G u	10	1
12	78	45504	108640		Nh›m	10	1
34	78	45284	109279		Linh Mi™u 	10	1
33	78	45412	108954		G u	10	1
33	78	46016	109408		G u	10	1
34	78	45872	109190		Linh Mi™u 	10	1
11	78	45965	109148		Heo rıng	10	1
33	78	45722	108728		G u	10	1
12	78	46144	109216		Nh›m	10	1
34	78	46117	108817		Linh Mi™u 	10	1
12	78	46536	109131		Nh›m	10	1
11	78	46350	109001		Heo rıng	10	1
12	78	46705	108589		Nh›m	10	1
12	78	46850	109236		Nh›m	10	1
33	78	46681	109230		G u	10	1
34	78	46596	109340		Linh Mi™u 	10	1
11	78	46965	108630		Heo rıng	10	1
12	78	47520	109088		Nh›m	10	1
12	78	47339	108815		Nh›m	10	1
34	78	47377	109224		Linh Mi™u 	10	1
12	78	48032	108864		Nh›m	10	1
33	78	47616	109408		G u	10	1
11	78	48038	108650		Heo rıng	10	1
11	78	47756	108902		Heo rıng	10	1
12	78	47618	108679		Nh›m	10	1
34	78	48280	108636		Linh Mi™u 	10	1
12	78	48159	109107		Nh›m	10	1
11	78	48325	108809		Heo rıng	10	1
12	78	48415	109030		Nh›m	10	1
34	78	48580	109118		Linh Mi™u 	10	1
11	78	48928	109056		Heo rıng	10	1
11	78	48831	109339		Heo rıng	10	1
12	78	48987	109542		Nh›m	10	1
12	78	48739	109123		Nh›m	10	1
34	78	49157	109519		Linh Mi™u 	10	1
12	78	52668	109200		Nh›m	10	1
12	78	53080	108902		Nh›m	10	1
33	78	53142	109383		G u	10	1
12	78	53256	109523		Nh›m	10	1
12	78	53548	109093		Nh›m	10	1
12	78	53724	109199		Nh›m	10	1
11	78	53843	108830		Heo rıng	10	1
33	78	55262	108666		G u	10	1
12	78	54893	108914		Nh›m	10	1
11	78	55037	108560		Heo rıng	10	1
33	78	54839	108589		G u	10	1
12	78	55317	109089		Nh›m	10	1
12	78	55363	108833		Nh›m	10	1
12	78	57597	108658		Nh›m	10	1
12	78	40839	109684		Nh›m	10	1
11	78	41184	109920		Heo rıng	10	1
11	78	41417	110333		Heo rıng	10	1
34	78	41200	109664		Linh Mi™u 	10	1
34	78	41105	110062		Linh Mi™u 	10	1
12	78	41114	109705		Nh›m	10	1
33	78	41444	109922		G u	10	1
12	78	41364	110047		Nh›m	10	1
33	78	41618	110349		G u	10	1
12	78	42010	110337		Nh›m	10	1
11	78	42976	110048		Heo rıng	10	1
12	78	43440	110304		Nh›m	10	1
33	78	43872	109920		G u	10	1
11	78	44084	109618		Heo rıng	10	1
12	78	44451	110499		Nh›m	10	1
12	78	44436	110010		Nh›m	10	1
11	78	44714	110460		Heo rıng	10	1
12	78	44677	110075		Nh›m	10	1
12	78	45216	110400		Nh›m	10	1
12	78	45348	109798		Nh›m	10	1
34	78	45360	110510		Linh Mi™u 	10	1
33	78	45920	109728		G u	10	1
34	78	45909	110291		Linh Mi™u 	10	1
12	78	45746	109715		Nh›m	10	1
12	78	46560	109568		Nh›m	10	1
12	78	46460	110409		Nh›m	10	1
34	78	46586	110399		Linh Mi™u 	10	1
12	78	46880	110560		Nh›m	10	1
11	78	47050	110339		Heo rıng	10	1
11	78	46598	110119		Heo rıng	10	1
12	78	46725	110285		Nh›m	10	1
12	78	47312	109680		Nh›m	10	1
11	78	47593	110135		Heo rıng	10	1
11	78	48119	109983		Heo rıng	10	1
12	78	47742	110425		Nh›m	10	1
12	78	47937	110272		Nh›m	10	1
34	78	48288	109696		Linh Mi™u 	10	1
12	78	48147	109652		Nh›m	10	1
33	78	48704	110304		G u	10	1
11	78	49053	109801		Heo rıng	10	1
12	78	49280	110048		Nh›m	10	1
12	78	49452	110560		Nh›m	10	1
11	78	49259	110440		Heo rıng	10	1
33	78	49436	110253		G u	10	1
12	78	51153	110137		Nh›m	10	1
34	78	50941	110318		Linh Mi™u 	10	1
12	78	51514	109794		Nh›m	10	1
33	78	51585	110204		G u	10	1
12	78	51889	110454		Nh›m	10	1
12	78	52418	110497		Nh›m	10	1
11	78	52854	109676		Heo rıng	10	1
12	78	53578	110447		Nh›m	10	1
12	78	53834	110121		Nh›m	10	1
12	78	54208	109780		Nh›m	10	1
33	78	53861	109824		G u	10	1
12	78	54460	109977		Nh›m	10	1
11	78	54549	109795		Heo rıng	10	1
33	78	54985	110072		G u	10	1
11	78	55303	110536		Heo rıng	10	1
11	78	55968	110144		Heo rıng	10	1
12	78	56192	110053		Nh›m	10	1
12	78	57472	110501		Nh›m	10	1
12	78	41337	110603		Nh›m	10	1
12	78	43136	111264		Nh›m	10	1
12	78	43812	111181		Nh›m	10	1
11	78	44313	110937		Heo rıng	10	1
11	78	44528	111411		Heo rıng	10	1
12	78	44119	110725		Nh›m	10	1
12	78	44255	111162		Nh›m	10	1
12	78	45014	111538		Nh›m	10	1
34	78	44812	110699		Linh Mi™u 	10	1
11	78	45056	111136		Heo rıng	10	1
12	78	45356	111137		Nh›m	10	1
12	78	45431	110855		Nh›m	10	1
33	78	45287	110842		G u	10	1
34	78	45632	111072		Linh Mi™u 	10	1
12	78	45750	111588		Nh›m	10	1
12	78	45674	110745		Nh›m	10	1
12	78	46052	111084		Nh›m	10	1
12	78	46432	110880		Nh›m	10	1
11	78	46720	111360		Heo rıng	10	1
33	78	46784	110688		G u	10	1
11	78	46610	110629		Heo rıng	10	1
33	78	47584	111008		G u	10	1
12	78	47248	110729		Nh›m	10	1
12	78	47425	110931		Nh›m	10	1
34	78	47590	110700		Linh Mi™u 	10	1
34	78	47138	111150		Linh Mi™u 	10	1
12	78	47702	110738		Nh›m	10	1
12	78	47883	111255		Nh›m	10	1
34	78	48157	111139		Linh Mi™u 	10	1
12	78	48598	110594		Nh›m	10	1
12	78	48401	110950		Nh›m	10	1
12	78	48149	111569		Nh›m	10	1
11	78	49024	110976		Heo rıng	10	1
12	78	48768	111584		Nh›m	10	1
11	78	49120	110656		Heo rıng	10	1
12	78	48953	110702		Nh›m	10	1
11	78	49440	111584		Heo rıng	10	1
12	78	49415	111257		Nh›m	10	1
12	78	49241	110786		Nh›m	10	1
11	78	49920	111604		Heo rıng	10	1
12	78	49793	111061		Nh›m	10	1
34	78	49665	110987		Linh Mi™u 	10	1
11	78	49712	110822		Heo rıng	10	1
12	78	50018	111465		Nh›m	10	1
33	78	49757	111336		G u	10	1
33	78	50823	110989		G u	10	1
11	78	50999	110686		Heo rıng	10	1
12	78	50874	110618		Nh›m	10	1
12	78	51191	111425		Nh›m	10	1
12	78	50776	111378		Nh›m	10	1
33	78	51424	111072		G u	10	1
12	78	51532	110599		Nh›m	10	1
12	78	51219	110699		Nh›m	10	1
12	78	51624	111480		Nh›m	10	1
12	78	51571	111114		Nh›m	10	1
12	78	52000	111200		Nh›m	10	1
33	78	51823	111598		G u	10	1
12	78	52130	110747		Nh›m	10	1
12	78	52348	111230		Nh›m	10	1
11	78	52599	110911		Heo rıng	10	1
33	78	52647	111513		G u	10	1
12	78	53120	111520		Nh›m	10	1
12	78	52993	111130		Nh›m	10	1
11	78	53697	111494		Heo rıng	10	1
12	78	53476	111557		Nh›m	10	1
12	78	53952	111072		Nh›m	10	1
11	78	54144	111008		Heo rıng	10	1
12	78	54105	111568		Nh›m	10	1
12	78	53893	111445		Nh›m	10	1
11	78	54533	111401		Heo rıng	10	1
12	78	54755	111509		Nh›m	10	1
12	78	54343	111294		Nh›m	10	1
12	78	55206	110919		Nh›m	10	1
33	78	55776	110592		G u	10	1
12	78	55769	111057		Nh›m	10	1
12	78	55493	110895		Nh›m	10	1
33	78	55655	111527		G u	10	1
12	78	56192	111136		Nh›m	10	1
12	78	56000	110784		Nh›m	10	1
12	78	56384	110688		Nh›m	10	1
12	78	56794	111121		Nh›m	10	1
33	78	56737	111494		G u	10	1
12	78	56588	111185		Nh›m	10	1
12	78	57028	110862		Nh›m	10	1
34	78	56868	110725		Linh Mi™u 	10	1
11	78	56994	111269		Heo rıng	10	1
12	78	57699	110891		Nh›m	10	1
11	78	57368	111328		Heo rıng	10	1
12	78	42878	111911		Nh›m	10	1
12	78	42501	111775		Nh›m	10	1
12	78	42791	112408		Nh›m	10	1
33	78	42562	112114		G u	10	1
12	78	43235	111816		Nh›m	10	1
33	78	43100	112316		G u	10	1
11	78	43080	111679		Heo rıng	10	1
12	78	43808	111712		Nh›m	10	1
11	78	43990	112273		Heo rıng	10	1
12	78	43528	111705		Nh›m	10	1
34	78	43584	111852		Linh Mi™u 	10	1
12	78	44012	112508		Nh›m	10	1
11	78	44276	112523		Heo rıng	10	1
34	78	44235	112145		Linh Mi™u 	10	1
33	78	45024	111808		G u	10	1
12	78	45006	112246		Nh›m	10	1
11	78	44725	112285		Heo rıng	10	1
12	78	44809	111691		Nh›m	10	1
12	78	45216	112032		Nh›m	10	1
11	78	45504	111808		Heo rıng	10	1
33	78	45361	111867		G u	10	1
33	78	45244	111649		G u	10	1
12	78	45984	112384		Nh›m	10	1
33	78	45632	111872		G u	10	1
12	78	45856	112576		Nh›m	10	1
34	78	45728	112320		Linh Mi™u 	10	1
12	78	46432	112192		Nh›m	10	1
33	78	46208	111648		G u	10	1
12	78	46688	112160		Nh›m	10	1
12	78	47161	111800		Nh›m	10	1
11	78	47454	112033		Heo rıng	10	1
12	78	47236	112169		Nh›m	10	1
12	78	48064	112000		Nh›m	10	1
33	78	48366	112415		G u	10	1
34	78	48367	111900		Linh Mi™u 	10	1
12	78	48536	112069		Nh›m	10	1
12	78	48363	112161		Nh›m	10	1
12	78	48515	112549		Nh›m	10	1
12	78	48407	111636		Nh›m	10	1
33	78	49120	112064		G u	10	1
33	78	48713	112065		G u	10	1
11	78	48641	112302		Heo rıng	10	1
12	78	48946	112590		Nh›m	10	1
12	78	49622	112128		Nh›m	10	1
34	78	49661	111909		Linh Mi™u 	10	1
12	78	50144	112032		Nh›m	10	1
12	78	49895	112047		Nh›m	10	1
34	78	50369	112325		Linh Mi™u 	10	1
11	78	50529	112388		Heo rıng	10	1
11	78	51072	111648		Heo rıng	10	1
12	78	51103	112563		Nh›m	10	1
12	78	51392	111776		Nh›m	10	1
12	78	51253	112211		Nh›m	10	1
12	78	51394	112599		Nh›m	10	1
11	78	51901	112529		Heo rıng	10	1
12	78	52170	112387		Nh›m	10	1
33	78	52056	112232		G u	10	1
12	78	52384	112544		Nh›m	10	1
34	78	52352	112064		Linh Mi™u 	10	1
33	78	52320	111872		G u	10	1
33	78	52574	111976		G u	10	1
11	78	52590	112318		Heo rıng	10	1
12	78	53216	111872		Nh›m	10	1
12	78	52736	112352		Nh›m	10	1
12	78	52881	111686		Nh›m	10	1
12	78	53216	112457		Nh›m	10	1
12	78	53022	112263		Nh›m	10	1
12	78	53408	112512		Nh›m	10	1
12	78	53312	111968		Nh›m	10	1
12	78	53663	111759		Nh›m	10	1
11	78	53634	112283		Heo rıng	10	1
12	78	53602	112592		Nh›m	10	1
33	78	53515	112181		G u	10	1
33	78	54047	112467		G u	10	1
12	78	53907	112322		Nh›m	10	1
12	78	54496	112512		Nh›m	10	1
12	78	54440	112185		Nh›m	10	1
12	78	54677	112051		Nh›m	10	1
12	78	55217	112250		Nh›m	10	1
11	78	55583	112322		Heo rıng	10	1
12	78	55620	111896		Nh›m	10	1
12	78	56032	111616		Nh›m	10	1
11	78	55887	112188		Heo rıng	10	1
12	78	56077	112541		Nh›m	10	1
12	78	55847	112537		Nh›m	10	1
12	78	56145	112114		Nh›m	10	1
12	78	56680	112079		Nh›m	10	1
12	78	57286	111721		Nh›m	10	1
12	78	56966	112322		Nh›m	10	1
33	78	57146	112303		G u	10	1
11	78	57434	112002		Heo rıng	10	1
34	78	57401	111835		Linh Mi™u 	10	1
12	78	57348	112351		Nh›m	10	1
12	78	42911	113311		Nh›m	10	1
34	78	42920	113636		Linh Mi™u 	10	1
11	78	43071	113191		Heo rıng	10	1
12	78	43029	113520		Nh›m	10	1
12	78	43454	113095		Nh›m	10	1
12	78	43295	113124		Nh›m	10	1
34	78	43387	113479		Linh Mi™u 	10	1
12	78	43776	113568		Nh›m	10	1
33	78	43651	113317		G u	10	1
12	78	43631	113606		Nh›m	10	1
11	78	44384	113472		Heo rıng	10	1
11	78	44128	113504		Heo rıng	10	1
12	78	44056	113244		Nh›m	10	1
12	78	44335	113144		Nh›m	10	1
33	78	44928	113312		G u	10	1
11	78	44869	113605		Heo rıng	10	1
34	78	45000	113599		Linh Mi™u 	10	1
12	78	45120	112768		Nh›m	10	1
12	78	45440	113248		Nh›m	10	1
12	78	45098	113415		Nh›m	10	1
12	78	45792	113152		Nh›m	10	1
12	78	45651	113589		Nh›m	10	1
11	78	46080	112704		Heo rıng	10	1
12	78	46304	112896		Nh›m	10	1
33	78	46162	113115		G u	10	1
12	78	46307	113585		Nh›m	10	1
11	78	46114	113512		Heo rıng	10	1
12	78	47040	112800		Nh›m	10	1
11	78	47136	113024		Heo rıng	10	1
12	78	47510	113388		Nh›m	10	1
33	78	47187	113654		G u	10	1
11	78	47712	113440		Heo rıng	10	1
12	78	47712	112896		Nh›m	10	1
33	78	47642	113627		G u	10	1
34	78	48031	113473		Linh Mi™u 	10	1
11	78	48608	113184		Heo rıng	10	1
11	78	48322	113565		Heo rıng	10	1
12	78	48381	112803		Nh›m	10	1
12	78	48524	113172		Nh›m	10	1
12	78	48290	113268		Nh›m	10	1
34	78	48188	113276		Linh Mi™u 	10	1
33	78	48434	113305		G u	10	1
12	78	48960	113120		Nh›m	10	1
33	78	49120	113440		G u	10	1
12	78	48917	112892		Nh›m	10	1
12	78	49472	113248		Nh›m	10	1
12	78	49170	112787		Nh›m	10	1
12	78	49355	113499		Nh›m	10	1
11	78	49934	113432		Heo rıng	10	1
11	78	49732	113245		Heo rıng	10	1
12	78	49716	113017		Nh›m	10	1
12	78	49707	113617		Nh›m	10	1
11	78	50048	112709		Heo rıng	10	1
12	78	50126	113107		Nh›m	10	1
34	78	49985	113055		Linh Mi™u 	10	1
12	78	50283	112651		Nh›m	10	1
11	78	50551	112878		Heo rıng	10	1
33	78	51136	112768		G u	10	1
12	78	50748	113130		Nh›m	10	1
34	78	51073	113409		Linh Mi™u 	10	1
12	78	50737	113407		Nh›m	10	1
33	78	51328	112768		G u	10	1
34	78	51648	113632		Linh Mi™u 	10	1
33	78	51671	113346		G u	10	1
33	78	52032	113152		G u	10	1
12	78	51864	113626		Nh›m	10	1
11	78	52161	113438		Heo rıng	10	1
12	78	51961	112710		Nh›m	10	1
12	78	51726	113155		Nh›m	10	1
11	78	52680	112973		Heo rıng	10	1
12	78	52907	112756		Nh›m	10	1
12	78	52827	113526		Nh›m	10	1
33	78	53622	112892		G u	10	1
33	78	54176	113056		G u	10	1
12	78	54445	113132		Nh›m	10	1
12	78	54413	112872		Nh›m	10	1
11	78	54993	112949		Heo rıng	10	1
12	78	55061	113233		Nh›m	10	1
12	78	55195	112651		Nh›m	10	1
12	78	54913	112640		Nh›m	10	1
11	78	55398	113190		Heo rıng	10	1
12	78	55334	113132		Nh›m	10	1
11	78	56039	112958		Heo rıng	10	1
33	78	56151	112646		G u	10	1
12	78	55889	112824		Nh›m	10	1
12	78	56608	112896		Nh›m	10	1
12	78	56394	113338		Nh›m	10	1
33	78	56663	113233		G u	10	1
11	78	56639	113124		Heo rıng	10	1
12	78	56859	112880		Nh›m	10	1
12	78	56932	113096		Nh›m	10	1
12	78	43445	113746		Nh›m	10	1
12	78	43383	114036		Nh›m	10	1
33	78	44448	113728		G u	10	1
12	78	44201	113697		Nh›m	10	1
12	78	44876	113788		Nh›m	10	1
11	78	45184	113696		Heo rıng	10	1
12	78	46065	113860		Nh›m	10	1
34	78	46372	113875		Linh Mi™u 	10	1
11	78	46962	113975		Heo rıng	10	1
12	78	47002	114420		Nh›m	10	1
33	78	46886	114156		G u	10	1
12	78	47475	113995		Nh›m	10	1
34	78	47136	113936		Linh Mi™u 	10	1
11	78	47196	114343		Heo rıng	10	1
12	78	47104	114201		Nh›m	10	1
12	78	47672	113770		Nh›m	10	1
12	78	49443	113760		Nh›m	10	1
33	78	49647	113861		G u	10	1
34	78	49608	114074		Linh Mi™u 	10	1
12	78	49728	114112		Nh›m	10	1
33	78	50624	114080		G u	10	1
12	78	50525	113727		Nh›m	10	1
34	78	50594	113942		Linh Mi™u 	10	1
11	78	50754	113747		Heo rıng	10	1
12	78	50704	114157		Nh›m	10	1
12	78	50726	113883		Nh›m	10	1
12	78	50958	114026		Nh›m	10	1
12	78	51197	113831		Nh›m	10	1
11	78	51264	114112		Heo rıng	10	1
11	78	51648	114592		Heo rıng	10	1
12	78	51431	113908		Nh›m	10	1
12	78	51356	113713		Nh›m	10	1
34	78	51401	114674		Linh Mi™u 	10	1
12	78	51507	114469		Nh›m	10	1
12	78	51206	114497		Nh›m	10	1
11	78	51936	114336		Heo rıng	10	1
12	78	52160	113664		Nh›m	10	1
11	78	51744	114336		Heo rıng	10	1
12	78	52024	114453		Nh›m	10	1
12	78	52066	114161		Nh›m	10	1
11	78	51976	114009		Heo rıng	10	1
34	78	52202	114054		Linh Mi™u 	10	1
12	78	52218	114593		Nh›m	10	1
11	78	52481	114126		Heo rıng	10	1
11	78	52318	114416		Heo rıng	10	1
33	78	52591	114576		G u	10	1
12	78	52823	114066		Nh›m	10	1
12	78	53074	113774		Nh›m	10	1
12	78	52764	114432		Nh›m	10	1
12	78	52959	114071		Nh›m	10	1
11	78	53568	114368		Heo rıng	10	1
12	78	53696	113984		Nh›m	10	1
12	78	53356	114120		Nh›m	10	1
34	78	53554	113819		Linh Mi™u 	10	1
33	78	53535	114135		G u	10	1
11	78	54163	114560		Heo rıng	10	1
12	78	53880	114075		Nh›m	10	1
33	78	54002	113847		G u	10	1
12	78	54720	114080		Nh›m	10	1
11	78	54528	114272		Heo rıng	10	1
12	78	54577	114656		Nh›m	10	1
12	78	54597	113825		Nh›m	10	1
12	78	54910	114649		Nh›m	10	1
34	78	55268	114548		Linh Mi™u 	10	1
33	78	55193	114272		G u	10	1
11	78	54801	114499		Heo rıng	10	1
11	78	55713	114284		Heo rıng	10	1
33	78	55713	114523		G u	10	1
12	78	55391	114106		Nh›m	10	1
12	78	56128	114592		Nh›m	10	1
12	78	55975	114016		Nh›m	10	1
12	78	56266	114063		Nh›m	10	1
12	78	55828	114637		Nh›m	10	1
11	78	56005	113850		Heo rıng	10	1
33	78	56089	114382		G u	10	1
34	78	55944	114335		Linh Mi™u 	10	1
34	78	56608	113760		Linh Mi™u 	10	1
33	78	56484	113665		G u	10	1
12	78	51648	114848		Nh›m	10	1
12	78	51481	114949		Nh›m	10	1
11	78	51364	115102		Heo rıng	10	1
12	78	51288	114955		Nh›m	10	1
12	78	54080	115617		Nh›m	10	1
12	78	53919	114841		Nh›m	10	1
11	78	53843	114880		Heo rıng	10	1
12	78	53951	115074		Nh›m	10	1
12	78	53847	115194		Nh›m	10	1
11	78	54141	115230		Heo rıng	10	1
12	78	54229	115322		Nh›m	10	1
34	78	54232	115531		Linh Mi™u 	10	1
12	78	54484	115119		Nh›m	10	1
12	78	54739	114949		Nh›m	10	1
34	78	54675	114849		Linh Mi™u 	10	1
12	78	54391	115462		Nh›m	10	1
33	78	54316	114847		G u	10	1
12	78	54177	115780		Nh›m	10	1