NpcID	MapID	PosX	PosY	ScriptFile	NpcName	Level	IsLoad
8	90	58928	93119		S„i tuy’t	30	1
7	90	56335	94171		S„i xanh	30	1
8	90	59562	93686		S„i tuy’t	30	1
10	90	55725	95057		H·a HÂ 	30	1
7	90	55549	94873		S„i xanh	30	1
10	90	55451	94927		H·a HÂ 	30	1
8	90	56211	94775		S„i tuy’t	30	1
7	90	55821	94860		S„i xanh	30	1
8	90	55969	94931		S„i tuy’t	30	1
7	90	56824	94613		S„i xanh	30	1
8	90	56479	94559		S„i tuy’t	30	1
8	90	57082	94711		S„i tuy’t	30	1
10	90	57598	95224		H·a HÂ 	30	1
7	90	58480	95179		S„i xanh	30	1
7	90	59225	94724		S„i xanh	30	1
10	90	59476	94769		H·a HÂ 	30	1
7	90	59971	94576		S„i xanh	30	1
8	90	55375	95472		S„i tuy’t	30	1
7	90	55663	95534		S„i xanh	30	1
8	90	55523	95986		S„i tuy’t	30	1
8	90	55652	95254		S„i tuy’t	30	1
10	90	55538	95380		H·a HÂ 	30	1
8	90	57372	95594		S„i tuy’t	30	1
7	90	57822	95253		ßπi Thanh lang	30	1
8	90	57568	95908		S„i tuy’t	30	1
8	90	57444	95906		S„i tuy’t	30	1
8	90	58115	95632		S„i tuy’t	30	1
7	90	58171	96115		S„i xanh	30	1
8	90	58369	95659		S„i tuy’t	30	1
7	90	58572	95727		S„i xanh	30	1
10	90	60326	95717		H·a HÂ 	30	1
8	90	59979	95706		S„i tuy’t	30	1
8	90	60228	95350		S„i tuy’t	30	1
7	90	53470	97007		S„i xanh	30	1
8	90	53268	97026		S„i tuy’t	30	1
8	90	55622	96752		S„i tuy’t	30	1
7	90	55717	97005		S„i xanh	30	1
7	90	55996	96844		S„i xanh	30	1
8	90	57768	96432		S„i tuy’t	30	1
10	90	57896	97225		H·a HÂ 	30	1
7	90	58255	96755		S„i xanh	30	1
10	90	57985	96621		H·a HÂ 	30	1
7	90	60364	97258		S„i xanh	30	1
7	90	60258	96707		S„i xanh	30	1
7	90	60783	96926		S„i xanh	30	1
8	90	60864	97200		S„i tuy’t	30	1
10	90	60901	96959		H·a HÂ 	30	1
7	90	52799	97650		S„i xanh	30	1
7	90	53172	97414		S„i xanh	30	1
8	90	53668	97425		S„i tuy’t	30	1
10	90	53522	97319		H·a HÂ 	30	1
8	90	54030	97572		S„i tuy’t	30	1
7	90	53893	98235		S„i xanh	30	1
10	90	54423	98277		H·a HÂ 	30	1
7	90	55649	97999		ßπi Thanh lang	30	1
7	90	55702	97406		S„i xanh	30	1
10	90	55445	98275		H·a HÂ 	30	1
7	90	56098	97528		S„i xanh	30	1
10	90	55839	97737		H·a HÂ 	30	1
8	90	57847	97461		S„i tuy’t	30	1
7	90	58030	98142		S„i xanh	30	1
10	90	58136	97534		H·a HÂ 	30	1
8	90	57931	97727		S„i tuy’t	30	1
7	90	58050	97635		S„i xanh	30	1
7	90	58501	97612		S„i xanh	30	1
8	90	60527	97556		S„i tuy’t	30	1
8	90	60664	97893		S„i tuy’t	30	1
7	90	60707	97473		S„i xanh	30	1
7	90	61261	97942		S„i xanh	30	1
10	90	61338	97948		H·a HÂ 	30	1
8	90	54094	98469		S„i tuy’t	30	1
7	90	54032	98732		S„i xanh	30	1
10	90	54228	98657		H·a HÂ 	30	1
8	90	54564	99164		S„i tuy’t	30	1
7	90	54531	98625		S„i xanh	30	1
10	90	54679	99135		H·a HÂ 	30	1
7	90	54297	98341		S„i xanh	30	1
7	90	55009	98613		S„i xanh	30	1
8	90	55034	99045		S„i tuy’t	30	1
8	90	54876	99155		S„i tuy’t	30	1
7	90	55364	99171		S„i xanh	30	1
10	90	55435	98969		H·a HÂ 	30	1
8	90	55481	98819		S„i tuy’t	30	1
7	90	55812	98723		S„i xanh	30	1
8	90	55883	98460		S„i tuy’t	30	1
8	90	57644	99109		S„i tuy’t	30	1
10	90	57829	98550		H·a HÂ 	30	1
7	90	57846	98759		S„i xanh	30	1
8	90	57933	98477		S„i tuy’t	30	1
10	90	58340	99115		H·a HÂ 	30	1
10	90	57918	99249		H·a HÂ 	30	1
7	90	57890	98535		S„i xanh	30	1
8	90	58010	98747		S„i tuy’t	30	1
8	90	58452	98335		S„i tuy’t	30	1
8	90	58388	99035		S„i tuy’t	30	1
8	90	61416	98416		S„i tuy’t	30	1
7	90	61105	98770		S„i xanh	30	1
8	90	60976	98519		S„i tuy’t	30	1
8	90	61541	99071		ßπi Tuy’t lang	30	1
7	90	54108	99905		S„i xanh	30	1
10	90	54207	100279		H·a HÂ 	30	1
8	90	54470	99718		S„i tuy’t	30	1
8	90	54321	100238		S„i tuy’t	30	1
8	90	57245	100310		S„i tuy’t	30	1
7	90	58026	99830		S„i xanh	30	1
8	90	58144	99711		S„i tuy’t	30	1
7	90	58252	99379		S„i xanh	30	1
8	90	61242	99408		S„i tuy’t	30	1
8	90	61434	99746		S„i tuy’t	30	1
10	90	61370	99604		H·a HÂ 	30	1
7	90	61581	100031		S„i xanh	30	1
8	90	61865	100323		S„i tuy’t	30	1
8	90	61878	99797		S„i tuy’t	30	1
7	90	62068	100006		S„i xanh	30	1
10	90	62043	99739		H·a HÂ 	30	1
8	90	54060	100414		S„i tuy’t	30	1
8	90	54184	100568		S„i tuy’t	30	1
7	90	56236	101041		S„i xanh	30	1
7	90	57126	101085		S„i xanh	30	1
7	90	56834	100972		S„i xanh	30	1
10	90	56937	101366		H·a HÂ 	30	1
8	90	57267	101142		S„i tuy’t	30	1
7	90	57782	100450		S„i xanh	30	1
8	90	57542	100791		S„i tuy’t	30	1
8	90	61925	100629		S„i tuy’t	30	1
7	90	62152	101026		S„i xanh	30	1
7	90	49953	102272		S„i xanh	30	1
7	90	50556	101395		S„i xanh	30	1
8	90	50428	102259		S„i tuy’t	30	1
8	90	50382	101837		S„i tuy’t	30	1
10	90	50613	102272		H·a HÂ 	30	1
7	90	50709	102162		S„i xanh	30	1
8	90	53467	101835		S„i tuy’t	30	1
7	90	55413	102066		S„i xanh	30	1
8	90	55456	101687		S„i tuy’t	30	1
10	90	55586	101411		H·a HÂ 	30	1
8	90	55704	101866		ßπi Tuy’t lang	30	1
10	90	55808	101994		H·a HÂ 	30	1
7	90	56127	101733		S„i xanh	30	1
8	90	56029	101683		S„i tuy’t	30	1
8	90	55963	101490		S„i tuy’t	30	1
7	90	55883	101885		S„i xanh	30	1
8	90	56704	101568		S„i tuy’t	30	1
7	90	59601	102377		S„i xanh	30	1
7	90	59737	102396		S„i xanh	30	1
10	90	59664	102235		H·a HÂ 	30	1
8	90	60293	101748		S„i tuy’t	30	1
10	90	60258	101605		H·a HÂ 	30	1
7	90	60118	101857		ßπi Thanh lang	30	1
7	90	60811	102101		S„i xanh	30	1
7	90	62305	101390		S„i xanh	30	1
8	90	62483	101734		S„i tuy’t	30	1
7	90	62576	101464		S„i xanh	30	1
7	90	62698	102128		S„i xanh	30	1
10	90	63114	102032		H·a HÂ 	30	1
10	90	50114	102873		H·a HÂ 	30	1
8	90	49974	102847		S„i tuy’t	30	1
7	90	49879	103145		S„i xanh	30	1
7	90	49676	102871		S„i xanh	30	1
8	90	55012	103188		S„i tuy’t	30	1
7	90	55272	102617		S„i xanh	30	1
10	90	55466	102988		H·a HÂ 	30	1
8	90	55446	103213		S„i tuy’t	30	1
7	90	55659	102823		S„i xanh	30	1
7	90	55532	102916		S„i xanh	30	1
10	90	59279	102998		H·a HÂ 	30	1
7	90	59353	102631		S„i xanh	30	1
8	90	59340	103002		S„i tuy’t	30	1
8	90	59428	103284		S„i tuy’t	30	1
7	90	59789	103234		S„i xanh	30	1
8	90	59886	102845		S„i tuy’t	30	1
7	90	59764	102794		S„i xanh	30	1
10	90	60353	102424		H·a HÂ 	30	1
8	90	60116	102627		S„i tuy’t	30	1
8	90	60258	102455		S„i tuy’t	30	1
8	90	60891	103181		S„i tuy’t	30	1
7	90	60585	102469		S„i xanh	30	1
8	90	60736	102674		S„i tuy’t	30	1
10	90	61093	102540		H·a HÂ 	30	1
7	90	61158	102569		S„i xanh	30	1
8	90	61194	103384		S„i tuy’t	30	1
7	90	61464	103141		S„i xanh	30	1
8	90	63293	102780		S„i tuy’t	30	1
8	90	63020	102457		S„i tuy’t	30	1
8	90	63333	102455		S„i tuy’t	30	1
7	90	63145	102644		S„i xanh	30	1
7	90	63869	103385		S„i xanh	30	1
7	90	49579	103672		S„i xanh	30	1
7	90	49580	104003		S„i xanh	30	1
10	90	49636	104253		H·a HÂ 	30	1
7	90	49724	104208		S„i xanh	30	1
8	90	54674	104402		S„i tuy’t	30	1
7	90	54531	104284		S„i xanh	30	1
7	90	54795	103743		S„i xanh	30	1
7	90	54958	104000		S„i xanh	30	1
10	90	59368	103621		H·a HÂ 	30	1
8	90	59484	104150		S„i tuy’t	30	1
7	90	59769	104311		S„i xanh	30	1
7	90	59781	103719		S„i xanh	30	1
8	90	61343	103843		S„i tuy’t	30	1
10	90	61170	103768		H·a HÂ 	30	1
7	90	61766	103639		S„i xanh	30	1
8	90	61765	104066		S„i tuy’t	30	1
7	90	61645	104082		S„i xanh	30	1
7	90	61790	104349		S„i xanh	30	1
8	90	62034	104001		S„i tuy’t	30	1
10	90	62358	104119		H·a HÂ 	30	1
8	90	62238	104328		S„i tuy’t	30	1
7	90	62285	104023		S„i xanh	30	1
8	90	63731	103939		S„i tuy’t	30	1
7	90	63615	103706		S„i xanh	30	1
7	90	64110	103794		S„i xanh	30	1
7	90	64054	104287		S„i xanh	30	1
10	90	49793	104835		H·a HÂ 	30	1
7	90	50098	105217		S„i xanh	30	1
8	90	49955	105071		S„i tuy’t	30	1
8	90	50133	104485		S„i tuy’t	30	1
7	90	50299	105017		S„i xanh	30	1
7	90	50945	105423		S„i xanh	30	1
7	90	53472	105049		S„i xanh	30	1
10	90	53465	105154		H·a HÂ 	30	1
10	90	54208	104912		H·a HÂ 	30	1
10	90	53843	104984		H·a HÂ 	30	1
7	90	53796	105333		S„i xanh	30	1
8	90	54071	104914		S„i tuy’t	30	1
8	90	54391	104584		S„i tuy’t	30	1
7	90	57058	105365		S„i xanh	30	1
8	90	57690	105344		S„i tuy’t	30	1
7	90	57481	104960		S„i xanh	30	1
10	90	57782	105024		ßπi H·a HÂ 	30	1
7	90	57892	104805		S„i xanh	30	1
8	90	58128	104931		S„i tuy’t	30	1
10	90	58185	105386		H·a HÂ 	30	1
7	90	58177	105283		S„i xanh	30	1
7	90	57916	105167		S„i xanh	30	1
8	90	59590	105178		S„i tuy’t	30	1
7	90	59533	104935		S„i xanh	30	1
7	90	59928	104976		S„i xanh	30	1
7	90	62528	104938		S„i xanh	30	1
10	90	62733	105257		H·a HÂ 	30	1
7	90	62692	105358		S„i xanh	30	1
7	90	63641	105370		S„i xanh	30	1
7	90	64472	104473		ßπi Thanh lang	30	1
7	90	64410	105177		S„i xanh	30	1
10	90	64264	105088		H·a HÂ 	30	1
8	90	64119	104968		S„i tuy’t	30	1
8	90	64258	105331		S„i tuy’t	30	1
7	90	64704	105384		S„i xanh	30	1
10	90	50502	105711		H·a HÂ 	30	1
8	90	50677	105659		S„i tuy’t	30	1
7	90	50816	105880		S„i xanh	30	1
8	90	51093	106491		S„i tuy’t	30	1
10	90	51509	106238		H·a HÂ 	30	1
7	90	52081	106271		S„i xanh	30	1
10	90	51873	106290		ßπi H·a HÂ 	30	1
10	90	52638	106185		H·a HÂ 	30	1
8	90	52559	106372		S„i tuy’t	30	1
7	90	53130	105720		S„i xanh	30	1
8	90	53057	105970		S„i tuy’t	30	1
10	90	53230	105854		H·a HÂ 	30	1
10	90	53401	106273		H·a HÂ 	30	1
8	90	53672	105501		S„i tuy’t	30	1
10	90	56359	106423		H·a HÂ 	30	1
8	90	56492	106471		S„i tuy’t	30	1
10	90	56705	105565		H·a HÂ 	30	1
8	90	57155	105757		S„i tuy’t	30	1
8	90	56987	106041		S„i tuy’t	30	1
8	90	57623	105490		S„i tuy’t	30	1
8	90	57356	105620		S„i tuy’t	30	1
8	90	57783	105513		S„i tuy’t	30	1
7	90	58121	105571		S„i xanh	30	1
8	90	58028	105479		S„i tuy’t	30	1
10	90	59860	105915		H·a HÂ 	30	1
7	90	59708	105767		S„i xanh	30	1
10	90	60225	105531		H·a HÂ 	30	1
7	90	59943	106474		S„i xanh	30	1
8	90	60043	106225		S„i tuy’t	30	1
8	90	60146	105571		S„i tuy’t	30	1
7	90	60275	105665		S„i xanh	30	1
8	90	60508	106028		S„i tuy’t	30	1
8	90	62345	105472		S„i tuy’t	30	1
8	90	62583	105659		S„i tuy’t	30	1
8	90	62910	105728		S„i tuy’t	30	1
8	90	63464	105923		S„i tuy’t	30	1
10	90	63335	106004		H·a HÂ 	30	1
7	90	63228	105862		S„i xanh	30	1
7	90	63020	106307		S„i xanh	30	1
8	90	63993	105659		S„i tuy’t	30	1
8	90	63555	105733		S„i tuy’t	30	1
7	90	64360	105843		S„i xanh	30	1
7	90	64273	105974		S„i xanh	30	1
8	90	64395	106245		S„i tuy’t	30	1
7	90	64791	106060		S„i xanh	30	1
10	90	64623	106239		H·a HÂ 	30	1
7	90	51324	106628		S„i xanh	30	1
8	90	51441	106759		S„i tuy’t	30	1
7	90	51580	106510		S„i xanh	30	1
7	90	52162	106990		S„i xanh	30	1
8	90	51879	106822		S„i tuy’t	30	1
8	90	52132	106529		S„i tuy’t	30	1
8	90	52010	106954		S„i tuy’t	30	1
7	90	52368	106923		S„i xanh	30	1
7	90	52290	106774		S„i xanh	30	1
8	90	52566	106888		S„i tuy’t	30	1
10	90	52688	106964		H·a HÂ 	30	1
8	90	52804	106966		S„i tuy’t	30	1
7	90	52918	106719		S„i xanh	30	1
7	90	53016	106608		S„i xanh	30	1
7	90	53186	106640		S„i xanh	30	1
7	90	53328	106506		S„i xanh	30	1
10	90	55408	107334		H·a HÂ 	30	1
7	90	55755	106870		S„i xanh	30	1
7	90	55492	106981		S„i xanh	30	1
10	90	55786	107217		H·a HÂ 	30	1
8	90	55622	107457		S„i tuy’t	30	1
8	90	55364	107266		S„i tuy’t	30	1
8	90	55479	107407		S„i tuy’t	30	1
10	90	55570	106781		H·a HÂ 	30	1
8	90	55650	106925		S„i tuy’t	30	1
10	90	56261	107251		H·a HÂ 	30	1
7	90	56102	107408		S„i xanh	30	1
7	90	55900	107365		S„i xanh	30	1
8	90	56324	107232		S„i tuy’t	30	1
8	90	56569	106990		S„i tuy’t	30	1
7	90	56349	106622		S„i xanh	30	1
7	90	56882	107441		S„i xanh	30	1
8	90	56998	106793		S„i tuy’t	30	1
10	90	57007	107069		H·a HÂ 	30	1
8	90	59073	107438		S„i tuy’t	30	1
10	90	59324	106934		H·a HÂ 	30	1
8	90	59754	107368		S„i tuy’t	30	1
7	90	59411	107047		S„i xanh	30	1
7	90	59503	107491		S„i xanh	30	1
8	90	59932	107193		S„i tuy’t	30	1
7	90	60248	106983		S„i xanh	30	1
10	90	60365	106584		H·a HÂ 	30	1
7	90	60645	106822		S„i xanh	30	1
8	90	60498	106770		S„i tuy’t	30	1
7	90	60959	106657		S„i xanh	30	1
7	90	62573	106527		S„i xanh	30	1
8	90	62789	107162		S„i tuy’t	30	1
10	90	63179	107136		H·a HÂ 	30	1
7	90	63120	107371		S„i xanh	30	1
10	90	64952	107150		H·a HÂ 	30	1
7	90	64724	107069		S„i xanh	30	1
8	90	64533	107394		S„i tuy’t	30	1
8	90	57308	107811		S„i tuy’t	30	1
7	90	57007	108024		S„i xanh	30	1
10	90	57162	107553		H·a HÂ 	30	1
8	90	56924	107841		S„i tuy’t	30	1
8	90	57732	108538		S„i tuy’t	30	1
7	90	58424	108207		S„i xanh	30	1
10	90	58380	108036		H·a HÂ 	30	1
10	90	58853	108418		H·a HÂ 	30	1
7	90	58925	108335		S„i xanh	30	1
8	90	59071	108343		S„i tuy’t	30	1
7	90	59287	107821		S„i xanh	30	1
7	90	59527	107737		S„i xanh	30	1
8	90	62589	108040		S„i tuy’t	30	1
8	90	62941	107559		S„i tuy’t	30	1
7	90	62919	108455		S„i xanh	30	1
8	90	63144	107979		S„i tuy’t	30	1
10	90	62987	108437		H·a HÂ 	30	1
7	90	64736	108038		S„i xanh	30	1
7	90	64640	107605		S„i xanh	30	1
8	90	65052	107680		S„i tuy’t	30	1
7	90	55814	109560		S„i xanh	30	1
8	90	56217	109221		S„i tuy’t	30	1
10	90	56540	109411		H·a HÂ 	30	1
7	90	56755	109406		S„i xanh	30	1
7	90	56420	109149		S„i xanh	30	1
10	90	57243	108978		H·a HÂ 	30	1
7	90	56928	108783		S„i xanh	30	1
8	90	57125	109262		S„i tuy’t	30	1
8	90	57632	108922		S„i tuy’t	30	1
7	90	57439	108800		S„i xanh	30	1
7	90	57846	108794		S„i xanh	30	1
10	90	58007	109201		H·a HÂ 	30	1
8	90	58040	109423		S„i tuy’t	30	1
7	90	58154	109176		S„i xanh	30	1
7	90	58416	109467		S„i xanh	30	1
7	90	58468	108909		S„i xanh	30	1
8	90	58675	108790		S„i tuy’t	30	1
10	90	58393	109098		H·a HÂ 	30	1
10	90	60182	109430		H·a HÂ 	30	1
8	90	60287	109469		S„i tuy’t	30	1
7	90	60457	109517		S„i xanh	30	1
7	90	61428	109490		S„i xanh	30	1
10	90	61271	109461		H·a HÂ 	30	1
10	90	61554	109202		H·a HÂ 	30	1
8	90	61638	109336		S„i tuy’t	30	1
7	90	62271	108800		S„i xanh	30	1
8	90	62320	109556		S„i tuy’t	30	1
7	90	62130	109545		S„i xanh	30	1
8	90	61982	109072		S„i tuy’t	30	1
7	90	62926	108901		S„i xanh	30	1
7	90	62603	109061		S„i xanh	30	1
8	90	62509	108548		S„i tuy’t	30	1
8	90	62777	109130		S„i tuy’t	30	1
8	90	62968	108725		S„i tuy’t	30	1
8	90	62568	109269		S„i tuy’t	30	1
8	90	63071	108663		S„i tuy’t	30	1
8	90	64835	108816		S„i tuy’t	30	1
7	90	64765	109093		S„i xanh	30	1
7	90	64820	109452		S„i xanh	30	1
8	90	65149	109089		S„i tuy’t	30	1
10	90	65220	108625		H·a HÂ 	30	1
10	90	52583	110430		H·a HÂ 	30	1
8	90	52695	110248		S„i tuy’t	30	1
8	90	53077	110082		S„i tuy’t	30	1
7	90	52999	110567		S„i xanh	30	1
8	90	53659	110397		S„i tuy’t	30	1
10	90	55476	110362		H·a HÂ 	30	1
7	90	55464	110006		S„i xanh	30	1
8	90	55702	109642		S„i tuy’t	30	1
8	90	55691	110516		S„i tuy’t	30	1
8	90	55855	110456		S„i tuy’t	30	1
7	90	56231	109915		S„i xanh	30	1
10	90	56213	110435		H·a HÂ 	30	1
10	90	56175	110002		H·a HÂ 	30	1
8	90	56089	110013		S„i tuy’t	30	1
8	90	56194	110265		S„i tuy’t	30	1
8	90	56014	110395		S„i tuy’t	30	1
7	90	56153	110449		S„i xanh	30	1
7	90	56583	109780		S„i xanh	30	1
7	90	56415	109990		S„i xanh	30	1
8	90	56353	109827		S„i tuy’t	30	1
7	90	58177	110523		S„i xanh	30	1
7	90	58073	109692		S„i xanh	30	1
8	90	58135	109903		S„i tuy’t	30	1
7	90	58553	109821		S„i xanh	30	1
8	90	60146	109791		S„i tuy’t	30	1
7	90	60307	109782		S„i xanh	30	1
8	90	60736	110272		S„i tuy’t	30	1
10	90	60504	109778		H·a HÂ 	30	1
7	90	60630	110017		S„i xanh	30	1
7	90	61013	109665		S„i xanh	30	1
8	90	61340	110408		S„i tuy’t	30	1
10	90	61159	110234		H·a HÂ 	30	1
7	90	61175	109580		S„i xanh	30	1
8	90	61316	109658		S„i tuy’t	30	1
7	90	61912	109929		S„i xanh	30	1
8	90	61658	110317		S„i tuy’t	30	1
10	90	62007	109814		H·a HÂ 	30	1
10	90	63986	110389		H·a HÂ 	30	1
10	90	64491	109933		H·a HÂ 	30	1
7	90	64204	110287		S„i xanh	30	1
8	90	64062	110431		S„i tuy’t	30	1
7	90	64580	110008		S„i xanh	30	1
8	90	64904	110410		S„i tuy’t	30	1
8	90	64792	110344		S„i tuy’t	30	1
7	90	65029	110008		S„i xanh	30	1
10	90	52159	111063		H·a HÂ 	30	1
8	90	52650	110886		S„i tuy’t	30	1
8	90	52232	111505		S„i tuy’t	30	1
7	90	52304	111087		S„i xanh	30	1
7	90	52779	110625		S„i xanh	30	1
7	90	53409	110595		S„i xanh	30	1
8	90	53542	110791		S„i tuy’t	30	1
7	90	53824	111490		S„i xanh	30	1
8	90	54135	111118		S„i tuy’t	30	1
7	90	54517	111384		S„i xanh	30	1
8	90	54683	111380		S„i tuy’t	30	1
10	90	54677	111151		H·a HÂ 	30	1
8	90	54885	111184		S„i tuy’t	30	1
8	90	55212	110974		S„i tuy’t	30	1
8	90	55460	110852		S„i tuy’t	30	1
10	90	55421	111018		H·a HÂ 	30	1
10	90	58174	110756		ßπi H·a HÂ 	30	1
7	90	58177	111091		S„i xanh	30	1
8	90	57978	110718		S„i tuy’t	30	1
8	90	58049	111224		S„i tuy’t	30	1
8	90	58331	110922		S„i tuy’t	30	1
7	90	58411	110753		S„i xanh	30	1
8	90	58373	110614		S„i tuy’t	30	1
10	90	59884	111496		H·a HÂ 	30	1
8	90	60102	111583		ßπi Tuy’t lang	30	1
7	90	60081	111364		S„i xanh	30	1
7	90	60845	111190		S„i xanh	30	1
7	90	60568	111354		S„i xanh	30	1
7	90	61248	111392		S„i xanh	30	1
8	90	61192	110649		S„i tuy’t	30	1
8	90	61293	111559		S„i tuy’t	30	1
7	90	61553	110678		S„i xanh	30	1
10	90	63318	111498		H·a HÂ 	30	1
10	90	63999	111402		H·a HÂ 	30	1
8	90	63723	110786		S„i tuy’t	30	1
7	90	63769	111156		S„i xanh	30	1
10	90	63629	110819		H·a HÂ 	30	1
8	90	63545	111139		S„i tuy’t	30	1
7	90	64477	110681		S„i xanh	30	1
10	90	64292	110629		H·a HÂ 	30	1
8	90	64215	111161		S„i tuy’t	30	1
7	90	64015	111120		S„i xanh	30	1
7	90	64743	110653		S„i xanh	30	1
7	90	52580	112243		S„i xanh	30	1
7	90	52280	112466		S„i xanh	30	1
10	90	52586	111811		H·a HÂ 	30	1
7	90	52447	111882		S„i xanh	30	1
8	90	52583	111723		S„i tuy’t	30	1
7	90	53972	111745		S„i xanh	30	1
7	90	54484	112227		S„i xanh	30	1
7	90	54641	112532		S„i xanh	30	1
10	90	54576	111866		H·a HÂ 	30	1
7	90	54971	112034		S„i xanh	30	1
7	90	55287	111921		S„i xanh	30	1
8	90	54934	112514		S„i tuy’t	30	1
8	90	55043	111918		S„i tuy’t	30	1
8	90	59848	111788		S„i tuy’t	30	1
8	90	59717	112335		S„i tuy’t	30	1
10	90	59583	112285		H·a HÂ 	30	1
7	90	59512	112609		S„i xanh	30	1
7	90	60250	112498		S„i xanh	30	1
7	90	60501	111864		S„i xanh	30	1
8	90	60665	112231		S„i tuy’t	30	1
8	90	60937	111907		S„i tuy’t	30	1
7	90	62876	112585		S„i xanh	30	1
7	90	63206	111849		S„i xanh	30	1
8	90	63233	112407		S„i tuy’t	30	1
10	90	63397	112518		H·a HÂ 	30	1
7	90	63391	112404		S„i xanh	30	1
8	90	63565	112298		S„i tuy’t	30	1
7	90	63701	111955		S„i xanh	30	1
7	90	54735	112995		S„i xanh	30	1
8	90	55136	113311		S„i tuy’t	30	1
10	90	54918	112778		H·a HÂ 	30	1
7	90	59229	112993		S„i xanh	30	1
8	90	59130	113387		S„i tuy’t	30	1
10	90	59391	113651		H·a HÂ 	30	1
7	90	59717	113076		S„i xanh	30	1
8	90	59821	113111		S„i tuy’t	30	1
7	90	59562	113234		S„i xanh	30	1
7	90	59411	113560		S„i xanh	30	1
7	90	60406	113011		S„i xanh	30	1
10	90	60324	112785		H·a HÂ 	30	1
8	90	60276	112695		S„i tuy’t	30	1
8	90	60643	113403		S„i tuy’t	30	1
8	90	60452	113186		S„i tuy’t	30	1
8	90	60482	112735		S„i tuy’t	30	1
8	90	61081	113492		S„i tuy’t	30	1
7	90	62405	113524		S„i xanh	30	1
8	90	62847	113551		S„i tuy’t	30	1
7	90	63033	113432		S„i xanh	30	1
7	90	54881	113897		S„i xanh	30	1
8	90	55254	114611		S„i tuy’t	30	1
7	90	55320	113980		S„i xanh	30	1
8	90	55549	114677		S„i tuy’t	30	1
7	90	57552	114524		S„i xanh	30	1
7	90	57735	114452		S„i xanh	30	1
8	90	58223	114607		S„i tuy’t	30	1
7	90	58288	113847		S„i xanh	30	1
7	90	58828	114060		S„i xanh	30	1
10	90	58510	113670		H·a HÂ 	30	1
8	90	58561	113796		S„i tuy’t	30	1
8	90	58490	114477		S„i tuy’t	30	1
7	90	59151	113807		S„i xanh	30	1
10	90	60828	113964		H·a HÂ 	30	1
7	90	60767	113838		S„i xanh	30	1
10	90	61267	114446		H·a HÂ 	30	1
7	90	61370	113914		S„i xanh	30	1
8	90	61166	114321		S„i tuy’t	30	1
7	90	61604	114263		S„i xanh	30	1
8	90	62387	114228		S„i tuy’t	30	1
7	90	62731	114016		S„i xanh	30	1
10	90	62888	113736		H·a HÂ 	30	1
7	90	62586	114010		S„i xanh	30	1
10	90	55166	114728		H·a HÂ 	30	1
7	90	55254	115084		S„i xanh	30	1
10	90	55650	115014		H·a HÂ 	30	1
7	90	55527	115340		S„i xanh	30	1
8	90	55951	115445		S„i tuy’t	30	1
7	90	58343	114788		S„i xanh	30	1
10	90	60900	115301		H·a HÂ 	30	1
8	90	60613	115531		S„i tuy’t	30	1
10	90	60455	115421		H·a HÂ 	30	1
7	90	61144	115395		S„i xanh	30	1
10	90	61156	114985		H·a HÂ 	30	1
8	90	60982	115290		S„i tuy’t	30	1
10	90	61604	115535		H·a HÂ 	30	1
8	90	61694	114977		S„i tuy’t	30	1
8	90	61565	115452		S„i tuy’t	30	1
10	90	55677	115809		H·a HÂ 	30	1
7	90	56139	116062		S„i xanh	30	1
7	90	55937	116202		S„i xanh	30	1
10	90	56068	115789		H·a HÂ 	30	1
8	90	55816	116288		S„i tuy’t	30	1
7	90	59225	116721		S„i xanh	30	1
10	90	59115	116683		H·a HÂ 	30	1
10	90	59685	116195		H·a HÂ 	30	1
7	90	59762	116206		S„i xanh	30	1
7	90	59612	116550		S„i xanh	30	1
8	90	60358	115718		S„i tuy’t	30	1
8	90	60046	115908		S„i tuy’t	30	1
8	90	60250	116033		S„i tuy’t	30	1
8	90	60330	116732		S„i tuy’t	30	1
8	90	60588	116230		S„i tuy’t	30	1
7	90	60775	116289		S„i xanh	30	1
7	90	60895	116425		S„i xanh	30	1
8	90	60523	116695		S„i tuy’t	30	1
10	90	60459	116703		H·a HÂ 	30	1
7	90	61305	115905		S„i xanh	30	1
8	90	61151	116069		S„i tuy’t	30	1
7	90	61489	115773		S„i xanh	30	1
8	90	56217	117268		S„i tuy’t	30	1
7	90	56250	117592		S„i xanh	30	1
8	90	56460	117637		S„i tuy’t	30	1
10	90	56705	116864		H·a HÂ 	30	1
10	90	56609	116915		H·a HÂ 	30	1
8	90	56720	117111		S„i tuy’t	30	1
7	90	56823	117422		S„i xanh	30	1
8	90	57000	117424		S„i tuy’t	30	1
7	90	57192	117636		S„i xanh	30	1
8	90	57653	117307		S„i tuy’t	30	1
7	90	57439	117441		S„i xanh	30	1
8	90	58065	117688		S„i tuy’t	30	1
7	90	57916	117134		S„i xanh	30	1
7	90	58827	117233		S„i xanh	30	1
7	90	58631	117378		S„i xanh	30	1
8	90	58559	116903		S„i tuy’t	30	1
10	90	58401	116849		H·a HÂ 	30	1
8	90	59182	117281		S„i tuy’t	30	1
8	90	58959	116887		S„i tuy’t	30	1
7	90	59552	117135		S„i xanh	30	1
7	90	60235	116896		S„i xanh	30	1
7	90	60409	116891		S„i xanh	30	1
7	90	60058	116969		S„i xanh	30	1
10	90	60165	117008		H·a HÂ 	30	1
8	90	59942	116839		S„i tuy’t	30	1
10	90	56687	117890		H·a HÂ 	30	1
7	90	56559	117841		S„i xanh	30	1
10	90	57228	117782		H·a HÂ 	30	1
7	90	57168	118307		S„i xanh	30	1
8	90	57319	118476		S„i tuy’t	30	1
8	90	57735	117980		S„i tuy’t	30	1
8	90	57938	117853		S„i tuy’t	30	1