Record	ResType
1	1
2	2
3	3
4	4
5	5
6	6
7	7
8	8
9	9
10	10
11	11
12	12
13	13
14	14
15	15
16	16
17	17
18	18
19	19
20	20
21	21
22	22
23	23
24	24
25	25
26	26
27	27
28	28
29	29
30	30
31	31
32	32
33	33
34	34
35	35
36	36
37	37
38	38
39	39
40	40
41	41
42	42
43	43
44	44
45	45
46	46
47	47
48	48
49	49
50	50
51	51
52	52
53	53
54	54
55	55
56	56
57	57
58	58
59	59
60	60
61	61
62	62
63	63
64	64
65	65
66	66
67	67
68	
69	
70	
71	21
72	12
73	
74	
75	
76	21
77	
78	
79	
80	
81	21
82	12
83	
84	
85	
86	13
87	
88	
89	
90	
91	19
92	19
93	
94	
95	
96	29
97	19
98	
99	
100	
101	27
102	10
103	
104	
105	
106	13
107	
108	
109	
110	
111	10
112	
113	
114	
115	
116	23
117	28
118	
119	
120	
121	23
122	
123	
124	
125	
126	25
127	27
128	
129	
130	
131	6
132	
133	
134	
135	
136	6
137	
138	
139	
140	
141	
142	
143	
144	
145	
146	
147	21
148	
149	
150	
151	
152	
153	16
154	36
155	
156	
157	
158	
159	13
160	13
161	
162	
163	
164	
165	
166	
167	
168	13
169	13
170	
171	
172	
173	
174	
175	
176	
177	16
178	16
179	
180	
181	
182	
183	
184	
185	
186	12
187	
188	
189	
190	15
191	
192	
193	
194	19
195	16
196	
197	
198	
199	
200	
201	
202	
203	27
204	
205	
206	
207	
208	
209	
210	
211	
212	
213	
214	13
215	
216	
217	
218	
219	
220	4
221	4
222	
223	
224	
225	29
226	4
227	
228	
229	
230	25
231	4
232	
233	
234	
235	33
236	16
237	
238	
239	
240	27
241	16
242	
243	
244	
245	25
246	
247	
248	
249	
250	23
251	4
252	
253	
254	
255	19
256	4
257	
258	
259	
260	19
261	
262	
263	
264	
265	25
266	16
267	
268	
269	
270	31
271	
272	
273	
274	
275	9
276	30
277	
278	
279	
280	25
281	9
282	
283	
284	
285	9
286	
287	
288	
289	
290	21
291	12
292	
293	
294	
295	21
296	
297	
298	
299	
300	21
301	12
302	
303	
304	
305	13
306	
307	
308	
309	
310	19
311	19
312	
313	
314	
315	29
316	19
317	
318	
319	
320	27
321	10
322	
323	
324	
325	13
326	
327	
328	
329	
330	10
331	
332	
333	
334	
335	23
336	28
337	
338	
339	
340	23
341	
342	
343	
344	
345	25
346	27
347	
348	
349	
350	6
351	
352	
353	
354	
355	6
356	
357	
358	
359	
360	
361	
362	
363	
364	19
365	16
366	
367	
368	
369	
370	
371	
372	
373	27
374	
375	
376	
377	
378	
379	
380	13
381	13
382	
383	
384	
385	
386	
387	
388	
389	13
390	13
391	
392	
393	
394	
395	
396	
397	
398	13
399	13
400	
401	
402	
403	13
404	13
405	
406	
407	
408	
409	
410	
411	
412	12
413	
414	
415	
416	15
417	
418	
419	
420	
421	
422	
423	
424	
425	
426	
427	
428	
429	
430	
431	
432	
433	
434	
435	
436	
437	
438	
439	
440	
441	
442	13
443	7
444	
445	
446	
447	
448	
449	
450	
451	
452	13
453	13
454	
455	
456	
457	24
458	
459	
460	
461	
462	13
463	10
464	
465	
466	
467	22
468	
469	
470	
471	
472	13
473	13
474	
475	
476	
477	22
478	
479	
480	
481	
482	15
483	13
484	
485	
486	
487	22
488	
489	
490	
491	
492	
493	
494	
495	
496	
497	
498	
499	16
500	16
501	
502	
503	
504	
505	
506	
507	
508	
509	
510	
511	
512	13
513	
514	
515	
516	
517	
518	
519	
520	
521	
522	
523	
524	
525	
526	
527	
528	
529	
530	
531	
532	
533	
534	
535	
536	
537	
538	4
539	4
540	
541	
542	
543	4
544	4
545	
546	
547	
548	16
549	
550	
551	
552	
553	16
554	
555	
556	
557	
558	48
559	
560	
561	
562	
563	19
564	4
565	
566	
567	
568	
569	
570	
571	
572	
573	
574	20
575	21
576	
577	
578	
579	21
580	
581	
582	
583	
584	
585	
586	
587	
588	
589	9
590	
591	
592	
593	9
594	
595	
596	
597	9
598	12
599	
600	
601	
602	
603	9
604	
605	
606	
607	
608	
609	
610	13
611	
612	
613	
614	13
615	
616	
617	
618	
619	
620	
621	
622	
623	24
624	10
625	
626	
627	
628	
629	6
630	13
631	
632	
633	6
634	13
635	
636	
637	
638	
639	6
640	13
641	
642	
643	23
644	13
645	
646	
647	
648	
649	
650	
651	
652	
653	4
654	4
655	
656	
657	
658	4
659	4
660	
661	
662	
663	16
664	
665	
666	
667	
668	16
669	
670	
671	
672	
673	48
674	
675	
676	
677	
678	19
679	4
680	
681	
682	
683	
684	4
685	
686	
687	
688	
689	20
690	21
691	
692	
693	
694	21
695	
696	
697	
698	
699	
700	
701	
702	
703	
704	9
705	
706	
707	
708	9
709	
710	
711	
712	9
713	12
714	
715	
716	
717	
718	9
719	
720	
721	
722	
723	
724	
725	13
726	
727	
728	
729	13
730	
731	
732	
733	
734	
735	
736	
737	
738	24
739	10
740	
741	
742	
743	
744	6
745	13
746	
747	
748	6
749	13
750	
751	
752	
753	
754	6
755	13
756	
757	
758	23
759	13
760	
761	
762	
763	
764	
765	4
766	4
767	
768	
769	
770	29
771	
772	
773	
774	
775	25
776	
777	
778	
779	
780	33
781	48
782	
783	
784	
785	27
786	48
787	
788	
789	
790	25
791	
792	
793	16
794	
795	23
796	
797	
798	
799	
800	19
801	
802	
803	
804	
805	19
806	
807	
808	
809	
810	25
811	
812	
813	
814	
815	31
816	20
817	
818	
819	
820	9
821	30
822	
823	
824	
825	25
826	9
827	
828	
829	
830	9
831	
832	
833	
834	
835	21
836	12
837	
838	
839	
840	21
841	
842	
843	
844	
845	21
846	21
847	
848	
849	
850	13
851	
852	
853	
854	
855	
856	19
857	
858	
859	
860	29
861	19
862	
863	
864	
865	27
866	10
867	
868	13
869	
870	13
871	
872	
873	
874	
875	10
876	
877	
878	
879	
880	23
881	
882	
883	
884	
885	23
886	
887	
888	
889	
890	25
891	
892	
893	
894	
895	6
896	
897	
898	
899	
900	6
901	
902	
903	
904	
905	
906	2
907	
908	
909	
910	2
911	2
912	
913	
914	
915	
916	2
917	
918	
919	
920	2
921	14
922	
923	
924	
925	
926	2
927	
928	
929	
930	2
931	8
932	
933	
934	
935	
936	14
937	
938	
939	
940	14
941	20
942	
943	
944	
945	
946	14
947	
948	
949	
950	14
951	11
952	
953	
954	
955	
956	14
957	
958	
959	
960	14
961	8
962	
963	
964	
965	
966	11
967	
968	
969	
970	11
971	5
972	
973	
974	
975	
976	11
977	
978	
979	
980	11
981	2
982	
983	
984	
985	
986	8
987	
988	
989	
990	8
991	8
992	
993	
994	
995	
996	8
997	
998	
999	
1000	8
1001	17
1002	
1003	
1004	
1005	
1006	8
1007	
1008	
1009	
1010	8
1011	2
1012	
1013	
1014	
1015	
1016	8
1017	
1018	
1019	
1020	8
1021	8
1022	
1023	
1024	
1025	
1026	11
1027	
1028	
1029	
1030	11
1031	2
1032	
1033	
1034	
1035	
1036	11
1037	
1038	
1039	
1040	11
1041	2
1042	
1043	
1044	
1045	
1046	11
1047	
1048	
1049	
1050	11
1051	2
1052	
1053	
1054	
1055	
1056	17
1057	
1058	
1059	
1060	17
1061	2
1062	
1063	
1064	
1065	
1066	17
1067	
1068	
1069	
1070	17
1071	13
1072	
1073	
1074	
1075	
1076	8
1077	
1078	
1079	
1080	8
1081	11
1082	
1083	
1084	
1085	
1086	8
1087	
1088	
1089	
1090	8
1091	8
1092	
1093	
1094	
1095	
1096	5
1097	
1098	
1099	
1100	5
1101	5
1102	
1103	
1104	
1105	
1106	5
1107	
1108	
1109	
1110	5
1111	5
1112	
1113	
1114	
1115	
1116	5
1117	
1118	
1119	
1120	5
1121	8
1122	
1123	
1124	
1125	
1126	5
1127	
1128	
1129	
1130	5
1131	5
1132	
1133	
1134	
1135	
1136	3
1137	
1138	
1139	
1140	3
1141	2
1142	
1143	
1144	
1145	
1146	3
1147	
1148	
1149	
1150	3
1151	28
1152	
1153	
1154	
1155	
1156	3
1157	
1158	
1159	
1160	3
1161	24
1162	
1163	
1164	
1165	
1166	15
1167	
1168	
1169	
1170	15
1171	32
1172	
1173	
1174	
1175	
1176	15
1177	
1178	
1179	
1180	15
1181	26
1182	
1183	
1184	
1185	
1186	15
1187	
1188	
1189	
1190	15
1191	24
1192	
1193	
1194	
1195	
1196	12
1197	
1198	
1199	
1200	12
1201	22
1202	
1203	
1204	
1205	
1206	12
1207	
1208	
1209	
1210	12
1211	2
1212	
1213	
1214	
1215	
1216	9
1217	
1218	
1219	
1220	9
1221	24
1222	
1223	
1224	
1225	
1226	9
1227	
1228	
1229	
1230	9
1231	30
1232	
1233	
1234	
1235	
1236	9
1237	
1238	
1239	
1240	9
1241	2
1242	
1243	
1244	
1245	
1246	9
1247	
1248	
1249	
1250	9
1251	24
1252	
1253	
1254	
1255	
1256	12
1257	
1258	
1259	
1260	12
1261	2
1262	
1263	
1264	
1265	
1266	12
1267	
1268	
1269	
1270	12
1271	2
1272	
1273	
1274	
1275	
1276	12
1277	
1278	
1279	
1280	12
1281	2
1282	
1283	
1284	
1285	
1286	18
1287	
1288	
1289	
1290	18
1291	2
1292	
1293	
1294	
1295	
1296	18
1297	
1298	
1299	
1300	18
1301	28
1302	
1303	
1304	
1305	
1306	9
1307	
1308	
1309	
1310	9
1311	26
1312	
1313	
1314	
1315	
1316	9
1317	
1318	
1319	
1320	9
1321	24
1322	
1323	
1324	
1325	
1326	6
1327	
1328	
1329	
1330	6
1331	22
1332	
1333	
1334	
1335	
1336	6
1337	
1338	
1339	
1340	6
1341	22
1342	
1343	
1344	
1345	
1346	6
1347	
1348	
1349	
1350	6
1351	24
1352	
1353	
1354	
1355	
1356	6
1357	
1358	
1359	
1360	6
1361	22
1362	
1363	
1364	
1365	
1366	3
1367	
1368	
1369	
1370	3
1371	2
1372	
1373	
1374	
1375	
1376	3
1377	
1378	
1379	
1380	3
1381	28
1382	
1383	
1384	
1385	
1386	3
1387	
1388	
1389	
1390	3
1391	24
1392	
1393	
1394	
1395	
1396	15
1397	
1398	
1399	
1400	15
1401	32
1402	
1403	
1404	
1405	
1406	15
1407	
1408	
1409	
1410	15
1411	26
1412	
1413	
1414	
1415	
1416	15
1417	
1418	
1419	
1420	15
1421	24
1422	
1423	
1424	
1425	
1426	12
1427	
1428	
1429	
1430	12
1431	22
1432	
1433	
1434	
1435	
1436	12
1437	
1438	
1439	
1440	12
1441	2
1442	
1443	
1444	
1445	
1446	9
1447	
1448	
1449	
1450	9
1451	24
1452	
1453	
1454	
1455	
1456	9
1457	
1458	
1459	
1460	9
1461	30
1462	
1463	
1464	
1465	
1466	9
1467	
1468	
1469	
1470	9
1471	2
1472	
1473	
1474	
1475	
1476	9
1477	
1478	
1479	
1480	9
1481	24
1482	
1483	
1484	
1485	
1486	12
1487	
1488	
1489	
1490	12
1491	2
1492	
1493	
1494	
1495	
1496	12
1497	
1498	
1499	
1500	12
1501	2
1502	
1503	
1504	
1505	
1506	12
1507	
1508	
1509	
1510	12
1511	2
1512	
1513	
1514	
1515	
1516	18
1517	
1518	
1519	
1520	18
1521	2
1522	
1523	
1524	
1525	
1526	18
1527	
1528	
1529	
1530	18
1531	28
1532	
1533	
1534	
1535	
1536	9
1537	
1538	
1539	
1540	9
1541	26
1542	
1543	
1544	
1545	
1546	9
1547	
1548	
1549	
1550	9
1551	24
1552	
1553	
1554	
1555	
1556	6
1557	
1558	
1559	
1560	6
1561	22
1562	
1563	
1564	
1565	
1566	6
1567	
1568	
1569	
1570	6
1571	22
1572	
1573	
1574	
1575	
1576	6
1577	
1578	
1579	
1580	6
1581	24
1582	
1583	
1584	
1585	
1586	6
1587	
1588	
1589	
1590	6
1591	22
1592	
1593	
1594	
1595	
1596	4
1597	
1598	
1599	
1600	4
1601	2
1602	
1603	
1604	
1605	
1606	4
1607	
1608	
1609	
1610	4
1611	29
1612	
1613	
1614	
1615	
1616	4
1617	
1618	
1619	
1620	4
1621	25
1622	
1623	
1624	
1625	
1626	16
1627	
1628	
1629	
1630	48
1631	33
1632	
1633	
1634	
1635	
1636	16
1637	
1638	
1639	
1640	48
1641	27
1642	
1643	
1644	
1645	
1646	16
1647	
1648	
1649	
1650	48
1651	25
1652	
1653	
1654	
1655	
1656	13
1657	
1658	
1659	
1660	13
1661	23
1662	
1663	
1664	
1665	
1666	13
1667	
1668	
1669	
1670	13
1671	2
1672	
1673	
1674	
1675	
1676	10
1677	
1678	
1679	
1680	10
1681	25
1682	
1683	
1684	
1685	
1686	10
1687	
1688	
1689	
1690	10
1691	31
1692	
1693	
1694	
1695	
1696	10
1697	
1698	
1699	
1700	10
1701	2
1702	
1703	
1704	
1705	
1706	10
1707	
1708	
1709	
1710	10
1711	25
1712	
1713	
1714	
1715	
1716	13
1717	
1718	
1719	
1720	13
1721	2
1722	
1723	
1724	
1725	
1726	13
1727	
1728	
1729	
1730	13
1731	2
1732	
1733	
1734	
1735	
1736	13
1737	
1738	
1739	
1740	13
1741	2
1742	
1743	
1744	
1745	
1746	19
1747	
1748	
1749	
1750	19
1751	2
1752	
1753	
1754	
1755	
1756	19
1757	
1758	
1759	
1760	19
1761	29
1762	
1763	
1764	
1765	
1766	10
1767	
1768	
1769	
1770	10
1771	27
1772	
1773	
1774	
1775	
1776	10
1777	
1778	
1779	
1780	10
1781	25
1782	
1783	
1784	
1785	
1786	7
1787	
1788	
1789	
1790	7
1791	23
1792	
1793	
1794	
1795	
1796	7
1797	
1798	
1799	
1800	7
1801	23
1802	
1803	
1804	
1805	
1806	7
1807	
1808	
1809	
1810	7
1811	25
1812	
1813	
1814	
1815	
1816	7
1817	
1818	
1819	
1820	7
1821	23
1822	
1823	
1824	
1825	
1826	4
1827	
1828	
1829	
1830	4
1831	2
1832	
1833	
1834	
1835	
1836	4
1837	
1838	
1839	
1840	4
1841	42
1842	
1843	
1844	
1845	
1846	4
1847	
1848	
1849	
1850	4
1851	34
1852	
1853	
1854	
1855	
1856	16
1857	
1858	
1859	
1860	48
1861	45
1862	
1863	
1864	
1865	
1866	16
1867	
1868	
1869	
1870	48
1871	40
1872	
1873	
1874	
1875	
1876	16
1877	
1878	
1879	
1880	48
1881	34
1882	
1883	
1884	
1885	
1886	13
1887	
1888	
1889	
1890	13
1891	38
1892	
1893	
1894	
1895	
1896	13
1897	
1898	
1899	
1900	13
1901	2
1902	
1903	
1904	
1905	
1906	10
1907	
1908	
1909	
1910	10
1911	35
1912	
1913	
1914	
1915	
1916	10
1917	
1918	
1919	
1920	10
1921	44
1922	
1923	
1924	
1925	
1926	10
1927	
1928	
1929	
1930	10
1931	2
1932	
1933	
1934	
1935	
1936	10
1937	
1938	
1939	
1940	10
1941	36
1942	
1943	
1944	
1945	
1946	13
1947	
1948	
1949	
1950	13
1951	2
1952	
1953	
1954	
1955	
1956	13
1957	
1958	
1959	
1960	13
1961	2
1962	
1963	
1964	
1965	
1966	13
1967	
1968	
1969	
1970	13
1971	2
1972	
1973	
1974	
1975	
1976	19
1977	
1978	
1979	
1980	19
1981	2
1982	
1983	
1984	
1985	
1986	19
1987	
1988	
1989	
1990	19
1991	43
1992	
1993	
1994	
1995	
1996	10
1997	
1998	
1999	
2000	10
2001	41
2002	
2003	
2004	
2005	
2006	10
2007	
2008	
2009	
2010	10
2011	34
2012	
2013	
2014	
2015	
2016	7
2017	
2018	
2019	
2020	7
2021	39
2022	
2023	
2024	
2025	
2026	7
2027	
2028	
2029	
2030	7
2031	39
2032	
2033	
2034	
2035	
2036	7
2037	
2038	
2039	
2040	7
2041	37
2042	
2043	
2044	
2045	
2046	7
2047	
2048	
2049	
2050	7
2051	37
2052	
2053	
2054	
2055	
2056	23
2057	
2058	
2059	
2060	49
2061	46
2062	
2063	
2064	
2065	
2066	23
2067	
2068	
2069	
2070	49
2071	42
2072	
2073	
2074	
2075	
2076	23
2077	
2078	
2079	
2080	49
2081	54
2082	
2083	
2084	
2085	
2086	24
2087	
2088	
2089	
2090	50
2091	62
2092	
2093	
2094	
2095	
2096	24
2097	
2098	
2099	
2100	50
2101	52
2102	
2103	
2104	
2105	
2106	24
2107	
2108	
2109	
2110	50
2111	54
2112	
2113	
2114	
2115	
2116	25
2117	
2118	
2119	
2120	51
2121	59
2122	
2123	
2124	
2125	
2126	25
2127	
2128	
2129	
2130	51
2131	47
2132	
2133	
2134	
2135	
2136	25
2137	
2138	
2139	
2140	51
2141	56
2142	
2143	
2144	
2145	
2146	25
2147	
2148	
2149	
2150	51
2151	63
2152	
2153	
2154	
2155	
2156	26
2157	
2158	
2159	
2160	52
2161	48
2162	
2163	
2164	
2165	
2166	26
2167	
2168	
2169	
2170	52
2171	55
2172	
2173	
2174	
2175	
2176	26
2177	
2178	
2179	
2180	52
2181	48
2182	
2183	
2184	
2185	
2186	26
2187	
2188	
2189	
2190	52
2191	48
2192	
2193	
2194	
2195	
2196	26
2197	
2198	
2199	
2200	52
2201	48
2202	
2203	
2204	
2205	
2206	27
2207	
2208	
2209	
2210	53
2211	49
2212	
2213	
2214	
2215	
2216	27
2217	
2218	
2219	
2220	53
2221	43
2222	
2223	
2224	
2225	
2226	28
2227	
2228	
2229	
2230	54
2231	53
2232	
2233	
2234	
2235	
2236	28
2237	
2238	
2239	
2240	54
2241	57
2242	
2243	
2244	
2245	
2246	29
2247	
2248	
2249	
2250	55
2251	60
2252	
2253	
2254	
2255	
2256	29
2257	
2258	
2259	
2260	55
2261	60
2262	
2263	
2264	
2265	
2266	29
2267	
2268	
2269	
2270	55
2271	58
2272	
2273	
2274	
2275	
2276	29
2277	
2278	
2279	
2280	55
2281	61
2282	
2283	
2284	
2285	
2286	23
2287	
2288	
2289	
2290	49
2291	46
2292	
2293	
2294	
2295	
2296	23
2297	
2298	
2299	
2300	49
2301	42
2302	
2303	
2304	
2305	
2306	23
2307	
2308	
2309	
2310	49
2311	54
2312	
2313	
2314	
2315	
2316	24
2317	
2318	
2319	
2320	50
2321	62
2322	
2323	
2324	
2325	
2326	24
2327	
2328	
2329	
2330	50
2331	52
2332	
2333	
2334	
2335	
2336	24
2337	
2338	
2339	
2340	50
2341	54
2342	
2343	
2344	
2345	
2346	25
2347	
2348	
2349	
2350	51
2351	59
2352	
2353	
2354	
2355	
2356	25
2357	
2358	
2359	
2360	51
2361	47
2362	
2363	
2364	
2365	
2366	25
2367	
2368	
2369	
2370	51
2371	56
2372	
2373	
2374	
2375	
2376	25
2377	
2378	
2379	
2380	51
2381	63
2382	
2383	
2384	
2385	
2386	26
2387	
2388	
2389	
2390	52
2391	48
2392	
2393	
2394	
2395	
2396	26
2397	
2398	
2399	
2400	52
2401	55
2402	
2403	
2404	
2405	
2406	26
2407	
2408	
2409	
2410	52
2411	48
2412	
2413	
2414	
2415	
2416	26
2417	
2418	
2419	
2420	52
2421	48
2422	
2423	
2424	
2425	
2426	26
2427	
2428	
2429	
2430	52
2431	48
2432	
2433	
2434	
2435	
2436	27
2437	
2438	
2439	
2440	53
2441	49
2442	
2443	
2444	
2445	
2446	27
2447	
2448	
2449	
2450	53
2451	43
2452	
2453	
2454	
2455	
2456	28
2457	
2458	
2459	
2460	54
2461	53
2462	
2463	
2464	
2465	
2466	28
2467	
2468	
2469	
2470	54
2471	57
2472	
2473	
2474	
2475	
2476	29
2477	
2478	
2479	
2480	55
2481	60
2482	
2483	
2484	
2485	
2486	29
2487	
2488	
2489	
2490	55
2491	60
2492	
2493	
2494	
2495	
2496	29
2497	
2498	
2499	
2500	55
2501	58
2502	
2503	
2504	
2505	
2506	29
2507	
2508	
2509	
2510	55
2511	61
2512	
2513	
2514	
2515	
2516	23
2517	
2518	
2519	
2520	49
2521	46
2522	
2523	
2524	
2525	
2526	23
2527	
2528	
2529	
2530	49
2531	42
2532	
2533	
2534	
2535	
2536	23
2537	
2538	
2539	
2540	49
2541	54
2542	
2543	
2544	
2545	
2546	24
2547	
2548	
2549	
2550	50
2551	62
2552	
2553	
2554	
2555	
2556	24
2557	
2558	
2559	
2560	50
2561	52
2562	
2563	
2564	
2565	
2566	24
2567	
2568	
2569	
2570	50
2571	54
2572	
2573	
2574	
2575	
2576	25
2577	
2578	
2579	
2580	51
2581	59
2582	
2583	
2584	
2585	
2586	25
2587	
2588	
2589	
2590	51
2591	47
2592	
2593	
2594	
2595	
2596	25
2597	
2598	
2599	
2600	51
2601	56
2602	
2603	
2604	
2605	
2606	25
2607	
2608	
2609	
2610	51
2611	63
2612	
2613	
2614	
2615	
2616	26
2617	
2618	
2619	
2620	52
2621	48
2622	
2623	
2624	
2625	
2626	26
2627	
2628	
2629	
2630	52
2631	55
2632	
2633	
2634	
2635	
2636	26
2637	
2638	
2639	
2640	52
2641	48
2642	
2643	
2644	
2645	
2646	26
2647	
2648	
2649	
2650	52
2651	48
2652	
2653	
2654	
2655	
2656	26
2657	
2658	
2659	
2660	52
2661	48
2662	
2663	
2664	
2665	
2666	27
2667	
2668	
2669	
2670	53
2671	49
2672	
2673	
2674	
2675	
2676	27
2677	
2678	
2679	
2680	53
2681	43
2682	
2683	
2684	
2685	
2686	28
2687	
2688	
2689	
2690	54
2691	53
2692	
2693	
2694	
2695	
2696	28
2697	
2698	
2699	
2700	54
2701	57
2702	
2703	
2704	
2705	
2706	29
2707	
2708	
2709	
2710	55
2711	60
2712	
2713	
2714	
2715	
2716	29
2717	
2718	
2719	
2720	55
2721	60
2722	
2723	
2724	
2725	
2726	29
2727	
2728	
2729	
2730	55
2731	58
2732	
2733	
2734	
2735	
2736	29
2737	
2738	
2739	
2740	55
2741	61
2742	
2743	
2744	
2745	
2746	30
2747	
2748	
2749	
2750	56
2751	86
2752	
2753	
2754	
2755	
2756	30
2757	
2758	
2759	
2760	56
2761	87
2762	
2763	
2764	
2765	
2766	30
2767	
2768	
2769	
2770	56
2771	88
2772	
2773	
2774	
2775	
2776	31
2777	
2778	
2779	
2780	57
2781	89
2782	
2783	
2784	
2785	
2786	31
2787	
2788	
2789	
2790	57
2791	90
2792	
2793	
2794	
2795	
2796	31
2797	
2798	
2799	
2800	57
2801	91
2802	
2803	
2804	
2805	
2806	32
2807	
2808	
2809	
2810	58
2811	92
2812	
2813	
2814	
2815	
2816	32
2817	
2818	
2819	
2820	58
2821	93
2822	
2823	
2824	
2825	
2826	33
2827	
2828	
2829	
2830	59
2831	94
2832	
2833	
2834	
2835	
2836	33
2837	
2838	
2839	
2840	59
2841	95
2842	
2843	
2844	
2845	
2846	34
2847	
2848	
2849	
2850	60
2851	96
2852	
2853	
2854	
2855	
2856	34
2857	
2858	
2859	
2860	60
2861	97
2862	
2863	
2864	
2865	
2866	35
2867	
2868	
2869	
2870	61
2871	98
2872	
2873	
2874	
2875	
2876	35
2877	
2878	
2879	
2880	61
2881	99
2882	
2883	
2884	
2885	
2886	35
2887	
2888	
2889	
2890	61
2891	100
2892	
2893	
2894	
2895	
2896	36
2897	
2898	
2899	
2900	62
2901	101
2902	
2903	
2904	
2905	
2906	36
2907	
2908	
2909	
2910	62
2911	102
2912	
2913	
2914	
2915	
2916	37
2917	
2918	
2919	
2920	63
2921	103
2922	
2923	
2924	
2925	
2926	37
2927	
2928	
2929	
2930	63
2931	104
2932	
2933	
2934	
2935	
2936	38
2937	
2938	
2939	
2940	64
2941	105
2942	
2943	
2944	
2945	
2946	38
2947	
2948	
2949	
2950	64
2951	106
2952	
2953	
2954	
2955	
2956	39
2957	
2958	
2959	
2960	65
2961	107
2962	
2963	
2964	
2965	
2966	39
2967	
2968	
2969	
2970	65
2971	108
2972	
2973	
2974	
2975	
2976	4
2977	
2978	
2979	
2980	4
2981	46
2982	
2983	
2984	
2985	
2986	4
2987	
2988	
2989	
2990	4
2991	42
2992	
2993	
2994	
2995	
2996	4
2997	
2998	
2999	
3000	4
3001	54
3002	
3003	
3004	
3005	
3006	16
3007	
3008	
3009	
3010	48
3011	62
3012	
3013	
3014	
3015	
3016	16
3017	
3018	
3019	
3020	48
3021	52
3022	
3023	
3024	
3025	
3026	16
3027	
3028	
3029	
3030	48
3031	54
3032	
3033	
3034	
3035	
3036	13
3037	
3038	
3039	
3040	13
3041	59
3042	
3043	
3044	
3045	
3046	13
3047	
3048	
3049	
3050	13
3051	47
3052	
3053	
3054	
3055	
3056	10
3057	
3058	
3059	
3060	10
3061	56
3062	
3063	
3064	
3065	
3066	10
3067	
3068	
3069	
3070	10
3071	63
3072	
3073	
3074	
3075	
3076	10
3077	
3078	
3079	
3080	10
3081	48
3082	
3083	
3084	
3085	
3086	10
3087	
3088	
3089	
3090	10
3091	55
3092	
3093	
3094	
3095	
3096	13
3097	
3098	
3099	
3100	13
3101	48
3102	
3103	
3104	
3105	
3106	13
3107	
3108	
3109	
3110	13
3111	48
3112	
3113	
3114	
3115	
3116	13
3117	
3118	
3119	
3120	13
3121	48
3122	
3123	
3124	
3125	
3126	19
3127	
3128	
3129	
3130	19
3131	49
3132	
3133	
3134	
3135	
3136	19
3137	
3138	
3139	
3140	19
3141	43
3142	
3143	
3144	
3145	
3146	10
3147	
3148	
3149	
3150	10
3151	53
3152	
3153	
3154	
3155	
3156	10
3157	
3158	
3159	
3160	10
3161	57
3162	
3163	
3164	
3165	
3166	7
3167	
3168	
3169	
3170	7
3171	60
3172	
3173	
3174	
3175	
3176	6
3177	
3178	
3179	
3180	7
3181	60
3182	
3183	
3184	
3185	
3186	7
3187	
3188	
3189	
3190	7
3191	58
3192	
3193	
3194	
3195	
3196	7
3197	
3198	
3199	
3200	7
3201	61
3202	
3203	
3204	
3205	
3206	
3207	
3208	
3209	
3210	
3211	
3212	
3213	
3214	
3215	
3216	
3217	
3218	
3219	
3220	
3221	
3222	
3223	
3224	
3225	
3226	
3227	
3228	
3229	
3230	
3231	
3232	
3233	
3234	
3235	
3236	23
3237	
3238	
3239	
3240	49
3241	46
3242	
3243	
3244	
3245	
3246	23
3247	
3248	
3249	
3250	49
3251	42
3252	
3253	
3254	
3255	
3256	23
3257	
3258	
3259	
3260	49
3261	54
3262	
3263	
3264	
3265	
3266	24
3267	
3268	
3269	
3270	50
3271	62
3272	
3273	
3274	
3275	
3276	24
3277	
3278	
3279	
3280	50
3281	52
3282	
3283	
3284	
3285	
3286	24
3287	
3288	
3289	
3290	50
3291	54
3292	
3293	
3294	
3295	
3296	25
3297	
3298	
3299	
3300	51
3301	59
3302	
3303	
3304	
3305	
3306	25
3307	
3308	
3309	
3310	51
3311	47
3312	
3313	
3314	
3315	
3316	25
3317	
3318	
3319	
3320	51
3321	56
3322	
3323	
3324	
3325	
3326	25
3327	
3328	
3329	
3330	51
3331	63
3332	
3333	
3334	
3335	
3336	26
3337	
3338	
3339	
3340	52
3341	48
3342	
3343	
3344	
3345	
3346	26
3347	
3348	
3349	
3350	52
3351	55
3352	
3353	
3354	
3355	
3356	26
3357	
3358	
3359	
3360	52
3361	48
3362	
3363	
3364	
3365	
3366	26
3367	
3368	
3369	
3370	52
3371	48
3372	
3373	
3374	
3375	
3376	26
3377	
3378	
3379	
3380	52
3381	48
3382	
3383	
3384	
3385	
3386	27
3387	
3388	
3389	
3390	53
3391	49
3392	
3393	
3394	
3395	
3396	27
3397	
3398	
3399	
3400	53
3401	43
3402	
3403	
3404	
3405	
3406	28
3407	
3408	
3409	
3410	54
3411	53
3412	
3413	
3414	
3415	
3416	28
3417	
3418	
3419	
3420	54
3421	57
3422	
3423	
3424	
3425	
3426	29
3427	
3428	
3429	
3430	55
3431	60
3432	
3433	
3434	
3435	
3436	29
3437	
3438	
3439	
3440	55
3441	60
3442	
3443	
3444	
3445	
3446	29
3447	
3448	
3449	
3450	55
3451	58
3452	
3453	
3454	
3455	
3456	29
3457	
3458	
3459	
3460	55
3461	61
3462	
3463	
3464	
3465	2
3466	3
3467	4
3468	5
3469	5
3470	6
3471	6
3472	6
3473	7
3474	7
3475	7
3476	8
3477	8
3478	8
3479	9
3480	9
3481	9
3482	10
3483	10
3484	10
3485	11
3486	11
3487	11
3488	12
3489	12
3490	12
3491	
3492	
3493	
3494	
3495	
3496	
3497	
3498	
3499	
3500	
3501	
3502	
3503	
3504	
3505	
3506	
3507	
3508	
3509	
3510	
3511	
3512	
3513	
3514	
3515	
3516	
3517	
3518	
3519	
3520	
3521	
3522	
3523	
3524	
3525	
3526	
3527	
3528	
3529	
3530	
3531	
3532	
3533	
3534	
3535	
3536	
3537	
3538	
3539	
3540	
3541	
3542	
3543	
3544	
3545	
3546	
3547	
3548	
3549	
3550	
3551	
3552	
3553	
3554	
3555	24
3556	
3557	
3558	
3559	
3560	
3561	
3562	
3563	
3564	
3565	
3566	
3567	
3568	
3569	
3570	
3571	
3572	
3573	
3574	
3575	
3576	
3577	
3578	
3579	
3580	
3581	
3582	
3583	
3584	
3585	
3586	
3587	
3588	
3589	
3590	
3591	
3592	
3593	
3594	
3595	
3596	
3597	
3598	
3599	
3600	
3601	
3602	
3603	
3604	
3605	
3606	
3607	
3608	
3609	
3610	
3611	
3612	
3613	
3614	
3615	
3616	
3617	
3618	
3619	
3620	
3621	
3622	
3623	
3624	
3625	
3626	
3627	
3628	
3629	
3630	
3631	
3632	
3633	
3634	
3635	
3636	
3637	
3638	
3639	
3640	
3641	
3642	
3643	
3644	
3645	
3646	
3647	
3648	
3649	
3650	
3651	
3652	
3653	
3654	
3655	
3656	
3657	
3658	
3659	
3660	
3661	
3662	
3663	
3664	
3665	
3666	
3667	
3668	
3669	
3670	
3671	
3672	
3673	
3674	
3675	
3676	
3677	
3678	
3679	
3680	
3681	
3682	
3683	
3684	
3685	
3686	
3687	
3688	
3689	
3690	
3691	
3692	
3693	
3694	
3695	
3696	
3697	
3698	
3699	
3700	
3701	
3702	
3703	
3704	
3705	
3706	
3707	
3708	
3709	
3710	
3711	
3712	
3713	
3714	
3715	
3716	
3717	
3718	
3719	
3720	
3721	
3722	
3723	
3724	
3725	
3726	
3727	
3728	
3729	
3730	
3731	
3732	
3733	
3734	
3735	
3736	
3737	
3738	
3739	
3740	
3741	
3742	
3743	
3744	
3745	
3746	
3747	
3748	
3749	
3750	
3751	
3752	
3753	
3754	
3755	
3756	
3757	
3758	
3759	
3760	
3761	
3762	
3763	
3764	
3765	
3766	
3767	
3768	
3769	
3770	
3771	
3772	
3773	
3774	
3775	
3776	
3777	
3778	
3779	
3780	
3781	
3782	
3783	
3784	
3785	
3786	
3787	
3788	
3789	
3790	
3791	
3792	
3793	
3794	
3795	
3796	
3797	
3798	
3799	
3800	
3801	
3802	
3803	
3804	
3805	
3806	
3807	
3808	
3809	
3810	
3811	
3812	
3813	
3814	
3815	
3816	
3817	
3818	
3819	
3820	
3821	
3822	
3823	
3824	
3825	
3826	
3827	
3828	
3829	
3830	
3831	
3832	
3833	
3834	
3835	
3836	
3837	
3838	
3839	
3840	
3841	
3842	
3843	
3844	
3845	
3846	
3847	
3848	
3849	
3850	
3851	
3852	
3853	
3854	
3855	
3856	
3857	
3858	
3859	
3860	
3861	
3862	
3863	
3864	
3865	
3866	
3867	
3868	
3869	
3870	
3871	
3872	
3873	
3874	
3875	
3876	
3877	
3878	
3879	24
3895	
3896	23
3897	
3898	
3899	
3900	49
3901	46
3902	
3903	
3904	
3905	
3906	23
3907	
3908	
3909	
3910	49
3911	42
3912	
3913	
3914	
3915	
3916	23
3917	
3918	
3919	
3920	49
3921	54
3922	
3923	
3924	
3925	
3926	24
3927	
3928	
3929	
3930	50
3931	62
3932	
3933	
3934	
3935	
3936	24
3937	
3938	
3939	
3940	50
3941	52
3942	
3943	
3944	
3945	
3946	24
3947	
3948	
3949	
3950	50
3951	54
3952	
3953	
3954	
3955	
3956	25
3957	
3958	
3959	
3960	51
3961	59
3962	
3963	
3964	
3965	
3966	25
3967	
3968	
3969	
3970	51
3971	47
3972	
3973	
3974	
3975	
3976	25
3977	
3978	
3979	
3980	51
3981	56
3982	
3983	
3984	
3985	
3986	25
3987	
3988	
3989	
3990	51
3991	63
3992	
3993	
3994	
3995	
3996	26
3997	
3998	
3999	
4000	52
4001	48
4002	
4003	
4004	
4005	
4006	26
4007	
4008	
4009	
4010	52
4011	55
4012	
4013	
4014	
4015	
4016	26
4017	
4018	
4019	
4020	52
4021	48
4022	
4023	
4024	
4025	
4026	26
4027	
4028	
4029	
4030	52
4031	48
4032	
4033	
4034	
4035	
4036	26
4037	
4038	
4039	
4040	52
4041	48
4042	
4043	
4044	
4045	
4046	27
4047	
4048	
4049	
4050	53
4051	49
4052	
4053	
4054	
4055	
4056	27
4057	
4058	
4059	
4060	53
4061	43
4062	
4063	
4064	
4065	
4066	28
4067	
4068	
4069	
4070	54
4071	53
4072	
4073	
4074	
4075	
4076	28
4077	
4078	
4079	
4080	54
4081	57
4082	
4083	
4084	
4085	
4086	29
4087	
4088	
4089	
4090	55
4091	60
4092	
4093	
4094	
4095	
4096	29
4097	
4098	
4099	
4100	55
4101	60
4102	
4103	
4104	
4105	
4106	29
4107	
4108	
4109	
4110	55
4111	58
4112	
4113	
4114	
4115	
4116	29
4117	
4118	
4119	
4120	55
4121	61
4122	
4123	
4124	
4125	
4126	
4127	
4128	
4129	
4130	
4131	
4132	
4133	
4134	
4135	
4136	
4137	23
4138	
4139	
4140	
4141	49
4142	46
4143	
4144	
4145	
4146	
4147	23
4148	
4149	
4150	
4151	49
4152	42
4153	
4154	
4155	
4156	
4157	23
4158	
4159	
4160	
4161	49
4162	54
4163	
4164	
4165	
4166	
4167	24
4168	
4169	
4170	
4171	50
4172	62
4173	
4174	
4175	
4176	
4177	24
4178	
4179	
4180	
4181	50
4182	52
4183	
4184	
4185	
4186	
4187	24
4188	
4189	
4190	
4191	50
4192	54
4193	
4194	
4195	
4196	
4197	25
4198	
4199	
4200	
4201	51
4202	59
4203	
4204	
4205	
4206	
4207	25
4208	
4209	
4210	
4211	51
4212	47
4213	
4214	
4215	
4216	
4217	25
4218	
4219	
4220	
4221	51
4222	56
4223	
4224	
4225	
4226	
4227	25
4228	
4229	
4230	
4231	51
4232	63
4233	
4234	
4235	
4236	
4237	26
4238	
4239	
4240	
4241	52
4242	48
4243	
4244	
4245	
4246	
4247	26
4248	
4249	
4250	
4251	52
4252	55
4253	
4254	
4255	
4256	
4257	26
4258	
4259	
4260	
4261	52
4262	48
4263	
4264	
4265	
4266	
4267	26
4268	
4269	
4270	
4271	52
4272	48
4273	
4274	
4275	
4276	
4277	26
4278	
4279	
4280	
4281	52
4282	48
4283	
4284	
4285	
4286	
4287	27
4288	
4289	
4290	
4291	53
4292	49
4293	
4294	
4295	
4296	
4297	27
4298	
4299	
4300	
4301	53
4302	43
4303	
4304	
4305	
4306	
4307	28
4308	
4309	
4310	
4311	54
4312	53
4313	
4314	
4315	
4316	
4317	28
4318	
4319	
4320	
4321	54
4322	57
4323	
4324	
4325	
4326	
4327	29
4328	
4329	
4330	
4331	55
4332	60
4333	
4334	
4335	
4336	
4337	29
4338	
4339	
4340	
4341	55
4342	60
4343	
4344	
4345	
4346	
4347	29
4348	
4349	
4350	
4351	55
4352	58
4353	
4354	
4355	
4356	
4357	29
4358	
4359	
4360	
4361	55
4362	61
4363	
4364	
4365	
4366	19
4367	
4368	
4369	
4370	
4371	
4372	
4373	
4374	
4375	
4376	
4377	
4378	
4379	
4380	
4381	
4382	
4383	
4384	
4385	
4386	
4387	
4388	
4389	
4390	
4391	
4392	
4393	
4394	
4395	
4396	
4397	
4398	
4399	
4400	
4401	
4402	
4403	
4404	
4405	
4406	
4407	
4408	
4409	
4410	
4411	
4412	
4413	
4414	
4415	
4416	
4417	
4418	
4419	
4420	
4421	
4422	
4423	
4424	
4425	
4426	
4427	
4428	
4429	
4430	
4431	
4432	
4433	
4434	
4435	
4436	
4437	
4438	
4439	
4440	
4441	
4442	
4443	
4444	
4445	
4446	
4447	
4448	
4449	
4450	
4451	
4452	
4453	
4454	
4455	
4456	
4457	
4458	
4459	
4460	
4461	
4462	
4463	
4464	
4465	
4466	
4467	
4468	
4469	
4470	
4471	
4472	
4473	
4474	
4475	
4476	
4477	
4478	
4479	
4480	25
4481	
4482	
4483	
4484	5
4485	
4486	
4487	
4488	5
4489	2
4490	
4491	
4492	
4493	
4494	5
4495	
4496	
4497	
4498	5
4499	5
4500	
4501	
4502	
4503	
4504	6
4505	
4506	
4507	
4508	6
4509	2
4510	
4511	
4512	
4513	
4514	6
4515	
4516	
4517	
4518	6
4519	22
4520	
4521	
4522	
4523	
4524	6
4525	
4526	
4527	
4528	6
4529	2
4530	
4531	
4532	
4533	
4534	6
4535	
4536	
4537	
4538	6
4539	22
4540	
4541	
4542	
4543	
4544	7
4545	
4546	
4547	
4548	7
4549	2
4550	
4551	
4552	
4553	
4554	7
4555	
4556	
4557	
4558	7
4559	23
4560	
4561	
4562	
4563	
4564	7
4565	
4566	
4567	
4568	7
4569	2
4570	
4571	
4572	
4573	
4574	7
4575	
4576	
4577	
4578	7
4579	109
4580	
4581	
4582	
4583	
4584	7
4585	
4586	
4587	
4588	7
4589	85
4590	
4591	
4592	
4593	
4594	7
4595	
4596	
4597	
4598	7
4599	109
4600	
4601	
4602	
4603	
4604	29
4605	
4606	
4607	
4608	55
4609	85
4610	
4611	
4612	
4613	
4614	29
4615	
4616	
4617	
4618	55
4619	110
4620	
4621	
4622	
4623	
4624	29
4625	
4626	
4627	
4628	55
4629	110
4630	
4631	
4632	
4633	
4634	12
4635	
4636	
4637	
4638	12
4639	5
4640	
4641	
4642	
4643	
4644	12
4645	
4646	
4647	
4648	12
4649	5
4650	
4651	
4652	
4653	
4654	12
4655	
4656	
4657	
4658	12
4659	5
4660	
4661	
4662	
4663	
4664	12
4665	
4666	
4667	
4668	12
4669	5
4670	
4671	
4672	
4673	
4674	12
4675	
4676	
4677	
4678	12
4679	5
4680	
4681	
4682	
4683	
4684	12
4685	
4686	
4687	
4688	12
4689	5
4690	
4691	
4692	
4693	
4694	20
4695	
4696	
4697	
4698	21
4699	23
4700	
4701	
4702	
4703	
4704	20
4705	
4706	
4707	
4708	21
4709	23
4710	
4711	
4712	
4713	
4714	20
4715	
4716	
4717	
4718	21
4719	109
4720	
4721	
4722	
4723	
4724	20
4725	
4726	
4727	
4728	21
4729	109
4730	
4731	
4732	
4733	
4734	20
4735	
4736	
4737	
4738	21
4739	109
4740	
4741	
4742	
4743	
4744	20
4745	
4746	
4747	
4748	21
4749	109
4750	
4751	
4752	
4753	
4754	41
4755	
4756	
4757	
4758	67
4759	110
4760	
4761	
4762	
4763	
4764	41
4765	
4766	
4767	
4768	67
4769	110
4770	
4771	
4772	
4773	
4774	41
4775	
4776	
4777	
4778	67
4779	110
4780	
4781	
4782	
4783	
4784	41
4785	
4786	
4787	
4788	67
4789	110
4790	
4791	
4792	
4793	
4794	45
4795	
4796	
4797	
4798	71
4799	111
4800	
4801	
4802	
4803	
4804	45
4805	
4806	
4807	
4808	71
4809	111
4810	
4811	
4812	
4813	
4814	41
4815	
4816	
4817	
4818	67
4819	111
4820	
4821	
4822	
4823	
4824	41
4825	
4826	
4827	
4828	67
4829	111
4830	
4831	
4832	
4833	40
4834	66
4835	
4836	
4837	
4838	40
4839	66
4840	
4841	
4842	
4843	40
4844	66
4845	
4846	
4847	
4848	40
4849	66
4850	
4851	
4852	
4853	
4854	
4855	
4856	
4857	
4858	
4859	
4860	
4861	
4862	
4863	
4864	30
4865	
4866	
4867	
4868	56
4869	86
4870	
4871	
4872	
4873	
4874	30
4875	
4876	
4877	
4878	56
4879	87
4880	
4881	
4882	
4883	
4884	30
4885	
4886	
4887	
4888	56
4889	88
4890	
4891	
4892	
4893	
4894	31
4895	
4896	
4897	
4898	57
4899	89
4900	
4901	
4902	
4903	
4904	31
4905	
4906	
4907	
4908	57
4909	90
4910	
4911	
4912	
4913	
4914	31
4915	
4916	
4917	
4918	57
4919	91
4920	
4921	
4922	
4923	
4924	32
4925	
4926	
4927	
4928	58
4929	92
4930	
4931	
4932	
4933	
4934	32
4935	
4936	
4937	
4938	58
4939	93
4940	
4941	
4942	
4943	
4944	33
4945	
4946	
4947	
4948	59
4949	94
4950	
4951	
4952	
4953	
4954	33
4955	
4956	
4957	
4958	59
4959	95
4960	
4961	
4962	
4963	
4964	34
4965	
4966	
4967	
4968	60
4969	96
4970	
4971	
4972	
4973	
4974	34
4975	
4976	
4977	
4978	60
4979	97
4980	
4981	
4982	
4983	
4984	35
4985	
4986	
4987	
4988	61
4989	98
4990	
4991	
4992	
4993	
4994	35
4995	
4996	
4997	
4998	61
4999	99
5000	
5001	
5002	
5003	
5004	35
5005	
5006	
5007	
5008	61
5009	100
5010	
5011	
5012	
5013	
5014	36
5015	
5016	
5017	
5018	62
5019	101
5020	
5021	
5022	
5023	
5024	36
5025	
5026	
5027	
5028	62
5029	102
5030	
5031	
5032	
5033	
5034	37
5035	
5036	
5037	
5038	63
5039	103
5040	
5041	
5042	
5043	
5044	37
5045	
5046	
5047	
5048	63
5049	104
5050	
5051	
5052	
5053	
5054	38
5055	
5056	
5057	
5058	64
5059	105
5060	
5061	
5062	
5063	
5064	38
5065	
5066	
5067	
5068	64
5069	106
5070	
5071	
5072	
5073	
5074	39
5075	
5076	
5077	
5078	65
5079	107
5080	
5081	
5082	
5083	
5084	39
5085	
5086	
5087	
5088	65
5089	108
5090	
5091	
5092	
5093	29
5094	30
5095	31
5096	32
5097	
5098	
5099	
5100	
5101	
5102	
5103	
5104	
5105	
5106	
5107	
5108	
5109	
5110	
5111	
5112	
5113	
5114	
5115	
5116	
5117	
5118	
5119	
5120	
5121	
5122	
5123	
5124	
5125	
5126	
5127	
5128	
5129	
5130	
5131	
5132	
5133	
5134	
5135	
5136	
5137	
5138	
5139	
5140	
5141	
5142	
5143	
5144	
5145	
5146	
5147	
5148	
5149	
5150	
5151	
5152	
5153	
5154	
5155	
5156	
5157	
5158	
5159	
5160	
5161	
5162	
5163	
5164	
5165	
5166	
5167	
5168	
5169	
5170	
5171	
5172	
5173	
5174	
5175	
5176	
5177	
5178	
5179	
5180	
5181	
5182	
5183	
5184	
5185	
5186	
5187	
5188	
5189	
5190	
5191	
5192	
5193	
5194	
5195	
5196	
5197	
5198	42
5199	68
5200	
5201	
5202	
5203	43
5204	69
5205	
5206	
5207	
5208	44
5209	70
5210	
5211	
5212	
5213	27
5214	24
5215	22
5216	21
5217	31
5218	32
5219	
5220	43
5221	
5222	
5223	
5224	69
5225	
5226	
5227	
5228	70
5229	70
5230	70
5231	70
5232	70
5233	70
5234	70
5235	70
5236	70
5237	70
5290	
5291	45
5292	
5293	
5294	
5295	71
5296	111
5297	
5298	
5299	
5300	
5301	45
5302	
5303	
5304	
5305	71
5306	111
5307	
5308	
5309	
